longitude,house_age,area,parking_space,bedroom,living_room,bathroom,property_type_apartment,property_type_detached_house,property_type_mansion,property_type_residential_building,sale_floor_all,lower_floor,middle_floor,higher_floor,sale_floor_count,total_floor,price
0.9947520741734764,0.024024024024024,0.0157034813232492,0.0,0.03125,0.0476190476190476,0.0095238095238095,False,False,True,False,0,0,0,0,0.125,0.1724137931034483,3620000
0.8742381838899576,0.0315315315315315,0.0291361160825972,0.0,0.03125,0.0476190476190476,0.0095238095238095,False,False,False,True,0,0,0,0,0.125,0.4482758620689654,2600000
0.7937747817665581,0.0,0.0548467178569366,0.05,0.09375,0.0952380952380952,0.019047619047619,False,False,True,False,0,0,0,0,0.125,0.1379310344827586,6700000
0.9808603652044496,0.0345345345345345,0.043300040413371,0.0,0.09375,0.0952380952380952,0.019047619047619,True,False,False,False,0,0,0,0,0.125,0.0689655172413793,6600000
0.8267951265013096,0.0,0.0718973115486018,0.05,0.09375,0.0952380952380952,0.019047619047619,False,False,True,False,0,0,0,0,0.125,0.1724137931034483,7930000
0.8677070055865101,0.0405405405405405,0.0605045898042838,0.0,0.09375,0.0952380952380952,0.0095238095238095,False,False,True,False,0,0,0,0,0.125,0.1379310344827586,7114000
0.8776622525343498,0.0,0.0764390046764043,0.0,0.15625,0.1428571428571428,0.0380952380952381,False,True,False,False,1,1,1,1,0.25,0.0344827586206896,13950000
0.9013404816813876,0.042042042042042,0.042626484229163,0.0,0.09375,0.0952380952380952,0.019047619047619,False,False,True,False,0,0,0,0,0.125,0.1379310344827586,5300000
0.8752125417884713,0.0465465465465465,0.0147989915901699,0.0,0.03125,0.0476190476190476,0.0095238095238095,False,False,True,False,0,0,0,0,0.125,0.1379310344827586,3170000
0.923854165084947,0.0225225225225225,0.0419914169697669,0.05,0.0625,0.0476190476190476,0.0095238095238095,False,False,True,False,0,0,0,0,0.125,0.1724137931034483,7760000
0.8981966494005178,0.063063063063063,0.0482073783268864,0.0,0.03125,0.0476190476190476,0.019047619047619,True,False,False,False,0,0,0,0,0.125,0.1379310344827586,8400000
0.906121386647385,0.0195195195195195,0.0222658430036756,0.0,0.03125,0.0476190476190476,0.0095238095238095,False,False,True,False,0,0,0,0,0.125,0.2413793103448275,3300000
0.9111230083468058,0.072072072072072,0.0715316667628889,0.0,0.09375,0.0952380952380952,0.019047619047619,False,True,False,False,1,1,1,1,0.25,0.0344827586206896,18000000
0.9618360092282215,0.039039039039039,0.0889094163154552,0.05,0.09375,0.0952380952380952,0.019047619047619,False,False,True,False,0,0,0,0,0.125,0.2413793103448275,15350000
0.8542813517565833,0.009009009009009,0.0757077151049785,0.05,0.0625,0.0476190476190476,0.0095238095238095,False,False,False,True,0,0,0,0,0.125,0.3793103448275862,10680000
0.8471052093784692,0.0,0.1262244289205781,0.0,0.09375,0.1428571428571428,0.0380952380952381,False,True,False,False,1,1,1,1,0.5,0.1034482758620689,19200000
0.8925798552814683,0.0,0.0392202143833112,0.0,0.09375,0.0952380952380952,0.0095238095238095,True,False,False,False,0,0,0,0,0.125,0.1379310344827586,6250000
0.8147641490074307,0.0405405405405405,0.1168908646536959,0.0,0.15625,0.0952380952380952,0.0380952380952381,False,True,False,False,1,1,1,1,0.5,0.1034482758620689,13550000
0.8099840576604436,0.003003003003003,0.061428323999769,0.05,0.0625,0.0952380952380952,0.0095238095238095,False,False,False,True,0,0,0,0,0.125,0.4482758620689654,7100000
0.8121248363737834,0.0225225225225225,0.1412158651348074,0.0,0.125,0.0952380952380952,0.0476190476190476,False,True,False,False,1,1,1,1,0.5,0.1034482758620689,13600000
0.9603443845571178,0.033033033033033,0.2679983834651578,0.25,0.09375,0.0952380952380952,0.019047619047619,False,False,True,False,0,0,0,0,0.125,0.3103448275862069,23000000
0.887531781667434,0.0,0.125897273059677,0.0,0.125,0.0952380952380952,0.0476190476190476,False,True,False,False,1,1,1,1,0.375,0.0689655172413793,21500000
0.8267951265013096,0.0,0.0771318053230182,0.05,0.09375,0.0952380952380952,0.019047619047619,False,False,True,False,0,0,0,0,0.125,0.1724137931034483,8460000
0.8725591402196926,0.0255255255255255,0.0217462425187152,0.0,0.03125,0.0476190476190476,0.0095238095238095,False,False,True,False,0,0,0,0,0.125,0.1724137931034483,3200000
0.909575699195841,0.0375375375375375,0.0676442853568885,0.05,0.0625,0.0476190476190476,0.0095238095238095,False,False,True,False,0,0,0,0,0.125,0.2413793103448275,7300000
0.8826158707952345,0.0225225225225225,0.0230163770375074,0.0,0.03125,0.0476190476190476,0.0095238095238095,False,False,True,False,0,0,0,0,0.125,0.2413793103448275,4650000
0.8750281092431749,0.0,0.0417219944960837,0.0,0.0625,0.0952380952380952,0.019047619047619,False,False,True,False,0,0,0,0,0.125,0.2068965517241379,7000000
0.8981369334577209,0.057057057057057,0.0451667532667474,0.0,0.09375,0.0952380952380952,0.019047619047619,False,False,True,False,0,0,0,0,0.125,0.2068965517241379,5300000
0.8078445888955912,0.0165165165165165,0.0517291149471739,0.05,0.03125,0.0476190476190476,0.0095238095238095,False,False,False,True,0,0,0,0,0.125,0.4137931034482758,4750000
0.8571806926782983,0.0735735735735735,0.0854454130823855,0.0,0.1875,0.0476190476190476,0.0571428571428571,False,True,False,False,1,1,1,1,0.375,0.0689655172413793,12000000
0.8750281092431749,0.0,0.0417219944960837,0.0,0.0625,0.0952380952380952,0.019047619047619,False,False,True,False,0,0,0,0,0.125,0.2068965517241379,7700000
0.8726845699408727,0.042042042042042,0.1486249831610954,0.0,0.15625,0.0952380952380952,0.0380952380952381,False,True,False,False,1,1,1,1,0.375,0.0689655172413793,12200000
0.8801389963373083,0.0,0.0808074976425533,0.05,0.0625,0.0952380952380952,0.0095238095238095,False,False,False,True,0,0,0,0,0.125,0.4482758620689654,13000000
0.8970041717999777,0.021021021021021,0.0222658430036756,0.0,0.03125,0.0476190476190476,0.0095238095238095,False,False,True,False,0,0,0,0,0.125,0.2758620689655172,5850000
0.8921324037370368,0.033033033033033,0.0326001193156669,0.0,0.0,0.0,0.0,False,False,True,False,0,0,0,0,0.125,0.1379310344827586,6350000
0.8519160767826008,0.03003003003003,0.1144275734657352,0.0,0.0,0.0,0.0,False,True,False,False,1,1,1,1,0.375,0.0689655172413793,7780000
0.8970041717999777,0.0195195195195195,0.0219771760675865,0.0,0.03125,0.0476190476190476,0.0095238095238095,False,False,True,False,0,0,0,0,0.125,0.2758620689655172,3600000
0.8800941096038173,0.0045045045045045,0.112483882762735,0.1,0.09375,0.0952380952380952,0.019047619047619,False,False,True,False,0,0,0,0,0.125,0.2068965517241379,18500000
0.9911288448810752,0.0315315315315315,0.1148894405634778,0.0,0.125,0.1428571428571428,0.0285714285714285,False,True,False,False,1,1,1,1,0.5,0.1034482758620689,22080000
0.866784746479226,0.0105105105105105,0.0608509901275907,0.05,0.09375,0.0952380952380952,0.019047619047619,False,False,True,False,0,0,0,0,0.125,0.2758620689655172,9000000
0.8094239761437052,0.0435435435435435,0.0613513461501452,0.0,0.09375,0.0952380952380952,0.019047619047619,False,False,True,False,0,0,0,0,0.125,0.1379310344827586,4400000
0.903721731565355,0.0495495495495495,0.0482651117141042,0.0,0.09375,0.0952380952380952,0.019047619047619,False,True,False,False,1,1,1,1,0.25,0.0344827586206896,12360000
0.8908053177541433,0.0495495495495495,0.0640455708869772,0.0,0.125,0.0952380952380952,0.019047619047619,True,False,False,False,0,0,0,0,0.125,0.1379310344827586,6800000
0.848065380236676,0.075075075075075,0.1312472336085291,0.0,0.125,0.0476190476190476,0.019047619047619,False,True,False,False,1,1,1,1,0.25,0.0344827586206896,13850000
0.8942958663591014,0.0435435435435435,0.1107133922213882,0.05,0.125,0.0952380952380952,0.019047619047619,True,False,False,False,0,0,0,0,0.125,0.1379310344827586,7250000
0.8787758556456993,0.0495495495495495,0.0646998826087793,0.0,0.09375,0.0952380952380952,0.019047619047619,True,False,False,False,0,0,0,0,0.125,0.1379310344827586,6300000
0.8350484799468916,0.0405405405405405,0.0761888266651271,0.05,0.09375,0.0952380952380952,0.019047619047619,False,False,True,False,0,0,0,0,0.125,0.2413793103448275,6500000
0.9076674333533958,0.0,0.0505552027404114,0.05,0.0625,0.0952380952380952,0.0095238095238095,False,False,True,False,0,0,0,0,0.125,0.2413793103448275,8200000
0.8807933763123685,0.039039039039039,0.0178203721879029,0.0,0.03125,0.0476190476190476,0.0095238095238095,False,False,True,False,0,0,0,0,0.125,0.2068965517241379,2400000
0.9759558202456162,0.0,0.0517868483343917,0.0,0.0625,0.0952380952380952,0.019047619047619,False,False,True,False,0,0,0,0,0.125,0.1379310344827586,8880000
0.8827615249826124,0.0375375375375375,0.0864461251274945,0.0,0.09375,0.0952380952380952,0.019047619047619,False,False,True,False,0,0,0,0,0.125,0.2068965517241379,10800000
0.866579448094285,0.054054054054054,0.0720320227854434,0.0,0.15625,0.0952380952380952,0.0476190476190476,False,True,False,False,1,1,1,1,0.25,0.0344827586206896,24500000
0.8733532954385055,0.036036036036036,0.074860958759117,0.05,0.09375,0.0952380952380952,0.019047619047619,False,False,True,False,0,0,0,0,0.125,0.2068965517241379,8380000
0.8841410003319652,0.0255255255255255,0.0465138656351634,0.05,0.03125,0.0476190476190476,0.0095238095238095,False,False,True,False,0,0,0,0,0.125,0.1034482758620689,4530000
0.8727400178408118,0.0,0.0441852856840444,0.0,0.125,0.0476190476190476,0.0095238095238095,False,True,False,False,1,1,1,1,0.25,0.0344827586206896,7450000
0.8992479069111425,0.0135135135135135,0.0728980235937109,0.05,0.0625,0.0952380952380952,0.019047619047619,False,False,False,True,0,0,0,0,0.125,0.3448275862068965,9800000
0.8713887517779995,0.0435435435435435,0.0601389450185709,0.0,0.09375,0.0952380952380952,0.019047619047619,False,False,True,False,0,0,0,0,0.125,0.2068965517241379,7800000
0.8820416839931227,0.036036036036036,0.041625772184054,0.0,0.0625,0.0476190476190476,0.0095238095238095,False,False,False,True,0,0,0,0,0.125,0.6551724137931035,7000000
0.8411271421842912,0.0405405405405405,0.0680484190674133,0.0,0.09375,0.0952380952380952,0.019047619047619,False,False,False,True,0,0,0,0,0.125,0.3793103448275862,8000000
0.8398624916481481,0.0105105105105105,0.0797105632854146,0.05,0.0625,0.0476190476190476,0.0095238095238095,False,False,False,True,0,0,0,0,0.125,0.4827586206896552,8000000
0.9088226735078706,0.066066066066066,0.1419471547062333,0.0,0.15625,0.0952380952380952,0.0380952380952381,False,True,False,False,1,1,1,1,0.375,0.0689655172413793,24700000
0.9618360092282215,0.039039039039039,0.0686065084771856,0.05,0.09375,0.0952380952380952,0.019047619047619,False,False,True,False,0,0,0,0,0.125,0.2413793103448275,14000000
0.8411271421842912,0.042042042042042,0.0399899928795489,0.0,0.0625,0.0476190476190476,0.0095238095238095,False,False,False,True,0,0,0,0,0.125,0.3793103448275862,5700000
0.8053296390983462,0.012012012012012,0.1264746069318553,0.0,0.09375,0.0952380952380952,0.0380952380952381,False,True,False,False,1,1,1,1,0.5,0.1034482758620689,14500000
0.8900939102712186,0.0345345345345345,0.1150626407251313,0.05,0.0,0.0,0.0,False,False,False,True,0,0,0,0,0.125,0.3793103448275862,13000000
0.8710938023878043,0.036036036036036,0.0188403286954178,0.0,0.0,0.0,0.0,False,False,False,True,0,0,0,0,0.125,0.4482758620689654,2050000
0.8551099529481974,0.018018018018018,0.1023612955372091,0.05,0.09375,0.0952380952380952,0.019047619047619,False,False,False,True,0,0,0,0,0.125,0.4137931034482758,14200000
0.9791071127447708,0.021021021021021,0.0346015434058849,0.05,0.03125,0.0476190476190476,0.0095238095238095,False,False,False,True,0,0,0,0,0.125,0.4137931034482758,8900000
0.8492072796487946,0.027027027027027,0.1474510709543328,0.0,0.125,0.1428571428571428,0.0285714285714285,False,True,False,False,1,1,1,1,0.5,0.1034482758620689,23500000
0.9235114293191486,0.0105105105105105,0.0300021168908646,0.0,0.0,0.0,0.0,False,False,False,True,0,0,0,0,0.125,0.3448275862068965,6150000
0.8886000927917905,0.0585585585585585,0.0584454323268479,0.0,0.09375,0.0952380952380952,0.019047619047619,True,False,False,False,0,0,0,0,0.125,0.1379310344827586,22900000
0.8771293977986545,0.0045045045045045,0.0719358004734137,0.05,0.0625,0.0952380952380952,0.0095238095238095,False,False,True,False,0,0,0,0,0.125,0.2758620689655172,14500000
0.950999397046644,0.0,0.0705694436425918,0.0,0.0,0.0,0.0,True,False,False,False,0,0,0,0,0.125,0.1034482758620689,11700000
0.881466826262681,0.0135135135135135,0.0216692646690914,0.0,0.03125,0.0476190476190476,0.0095238095238095,False,False,True,False,0,0,0,0,0.125,0.3103448275862069,3680000
0.9017977410317712,0.0,0.0696457094471065,0.0,0.0,0.0,0.0,False,True,False,False,1,1,1,1,0.25,0.0344827586206896,21700000
0.8551099529481974,0.018018018018018,0.0983969362815849,0.05,0.09375,0.0952380952380952,0.019047619047619,False,False,False,True,0,0,0,0,0.125,0.4137931034482758,10150000
0.8159726423340032,0.0195195195195195,0.0563092969997883,0.05,0.0625,0.0952380952380952,0.0095238095238095,False,False,False,True,0,0,0,0,0.125,0.4482758620689654,6500000
0.877876955134667,0.063063063063063,0.0982429805823374,0.0,0.09375,0.0952380952380952,0.0285714285714285,False,True,False,False,1,1,1,1,0.5,0.1034482758620689,13200000
0.9017182055552836,0.042042042042042,0.0182245058984277,0.0,0.0,0.0,0.0,False,False,True,False,0,0,0,0,0.125,0.2068965517241379,1210000
0.7937747817665581,0.0,0.0493043126840251,0.05,0.09375,0.0952380952380952,0.019047619047619,False,False,True,False,0,0,0,0,0.125,0.1379310344827586,8000000
0.8504448778540166,0.036036036036036,0.0170698381540711,0.0,0.03125,0.0476190476190476,0.0095238095238095,True,False,False,False,0,0,0,0,0.125,0.1379310344827586,900000
0.8839297370578265,0.033033033033033,0.0887169716913958,0.05,0.09375,0.0952380952380952,0.019047619047619,False,False,False,True,0,0,0,0,0.125,0.6551724137931035,8000000
0.8716869374699456,0.021021021021021,0.0223043319284875,0.0,0.03125,0.0476190476190476,0.0095238095238095,False,False,True,False,0,0,0,0,0.125,0.3103448275862069,3400000
0.7963505159507918,0.0225225225225225,0.0173585050901603,0.0,0.03125,0.0476190476190476,0.0095238095238095,False,False,True,False,0,0,0,0,0.125,0.1379310344827586,1580000
0.9662155135023625,0.069069069069069,0.0400862151915786,0.0,0.15625,0.0952380952380952,0.0095238095238095,False,True,False,False,1,1,1,1,0.25,0.0344827586206896,12500000
0.8562482280102586,0.0435435435435435,0.0575216981313627,0.0,0.0625,0.0952380952380952,0.019047619047619,False,False,True,False,0,0,0,0,0.125,0.1724137931034483,7700000
0.8828451597775597,0.048048048048048,0.0136635683082193,0.0,0.0,0.0,0.0,False,False,False,True,0,0,0,0,0.125,0.3793103448275862,880000
0.8810651398930247,0.0405405405405405,0.0232088216615668,0.0,0.0,0.0,0.0,False,False,True,False,0,0,0,0,0.125,0.1724137931034483,3980000
0.9148053439925832,0.0105105105105105,0.1062101880183977,0.05,0.125,0.0952380952380952,0.019047619047619,False,False,False,True,0,0,0,0,0.125,0.4482758620689654,24600000
0.8536972329584955,0.012012012012012,0.064449704597502,0.05,0.0625,0.0952380952380952,0.0095238095238095,False,False,False,True,0,0,0,0,0.125,0.4827586206896552,8500000
0.951754911856483,0.015015015015015,0.098050535958278,0.05,0.09375,0.0952380952380952,0.019047619047619,False,False,False,True,0,0,0,0,0.125,0.4137931034482758,20380000
0.960815059598218,0.0495495495495495,0.0856378577064449,0.0,0.125,0.0952380952380952,0.019047619047619,False,True,False,False,1,1,1,1,0.25,0.0344827586206896,19500000
0.81049387085082,0.021021021021021,0.0168196601427939,0.0,0.0,0.0,0.0,False,False,True,False,0,0,0,0,0.125,0.1724137931034483,1200000
0.8259691706243473,0.0225225225225225,0.1909243115293574,0.0,0.125,0.1428571428571428,0.0380952380952381,False,True,False,False,1,1,1,1,0.25,0.0344827586206896,20300000
0.8827779501289115,0.036036036036036,0.0408752381502222,0.0,0.0625,0.0476190476190476,0.0095238095238095,False,False,False,True,0,0,0,0,0.125,0.6896551724137931,7250000
0.8729355338805647,0.036036036036036,0.0176856609510613,0.0,0.03125,0.0476190476190476,0.0095238095238095,False,False,False,True,0,0,0,0,0.125,0.5517241379310345,2800000
0.9587207033422088,0.0375375375375375,0.0333314088870927,0.0,0.0625,0.0952380952380952,0.019047619047619,False,False,True,False,0,0,0,0,0.125,0.3103448275862069,7700000
0.8663372842086119,0.0255255255255255,0.0868117699132074,0.05,0.03125,0.0476190476190476,0.0095238095238095,False,False,False,True,0,0,0,0,0.125,0.4482758620689654,14500000
0.8752125417884713,0.0465465465465465,0.0189557954698535,0.0,0.03125,0.0476190476190476,0.0095238095238095,False,False,True,False,0,0,0,0,0.125,0.1379310344827586,3500000
0.8763483049511649,0.0,0.0817697207628505,0.0,0.125,0.0952380952380952,0.0285714285714285,False,True,False,False,1,1,1,1,0.25,0.0344827586206896,9250000
0.9713499751145208,0.0015015015015015,0.0653541943305813,0.05,0.03125,0.0952380952380952,0.0095238095238095,False,False,False,True,0,0,0,0,0.125,0.7931034482758621,16200000
0.8793807070689184,0.0255255255255255,0.1100783249619921,0.05,0.125,0.0952380952380952,0.019047619047619,False,False,False,True,0,0,0,0,0.125,0.4482758620689654,16150000
0.8277895413374949,0.072072072072072,0.035563766526182,0.0,0.15625,0.0476190476190476,0.019047619047619,False,True,False,False,1,1,1,1,0.25,0.0344827586206896,5000000
0.814476221394898,0.009009009009009,0.1480284048265111,0.0,0.15625,0.0952380952380952,0.0476190476190476,False,True,False,False,1,1,1,1,0.625,0.1379310344827586,21100000
0.9009498799502182,0.0,0.0579450763042934,0.0,0.0,0.0,0.0,True,False,False,False,0,0,0,0,0.125,0.0689655172413793,8000000
0.872023288476953,0.039039039039039,0.0201681966014279,0.0,0.03125,0.0476190476190476,0.0095238095238095,False,False,True,False,0,0,0,0,0.125,0.1724137931034483,4100000
0.8654322373748471,0.042042042042042,0.0762273155899389,0.05,0.125,0.0952380952380952,0.019047619047619,False,False,True,False,0,0,0,0,0.125,0.3103448275862069,11250000
0.8872901483930491,0.0375375375375375,0.0829821218944248,0.05,0.125,0.0952380952380952,0.019047619047619,False,False,True,False,0,0,0,0,0.125,0.2068965517241379,13000000
0.8791534513090085,0.0435435435435435,0.0649308161576506,0.05,0.09375,0.0952380952380952,0.019047619047619,False,False,True,False,0,0,0,0,0.125,0.2068965517241379,8600000
0.9777477412971508,0.0195195195195195,0.089987106210188,0.05,0.09375,0.0952380952380952,0.019047619047619,False,False,False,True,0,0,0,0,0.125,0.4827586206896552,24680000
0.9759162109865542,0.042042042042042,0.0593691665223332,0.0,0.09375,0.0952380952380952,0.019047619047619,False,False,True,False,0,0,0,0,0.125,0.1379310344827586,9550000
0.8185417719095085,0.0,0.0277312703269634,0.0,0.0625,0.0476190476190476,0.019047619047619,False,True,False,False,1,1,1,1,0.25,0.0344827586206896,2000000
0.8710938023878043,0.0375375375375375,0.0239401112329927,0.0,0.03125,0.0476190476190476,0.0095238095238095,False,False,False,True,0,0,0,0,0.125,0.4482758620689654,3350000
0.967875285768116,0.0255255255255255,0.1719492715970979,0.0,0.28125,0.0476190476190476,0.0857142857142857,False,True,False,False,1,1,1,1,0.625,0.1379310344827586,21825000
0.8502834376044177,0.024024024024024,0.16250024055578,0.0,0.125,0.1428571428571428,0.0285714285714285,False,True,False,False,1,1,1,1,0.5,0.1034482758620689,24500000
0.9043880718294872,0.0,0.0605430787290957,0.0,0.09375,0.0952380952380952,0.019047619047619,True,False,False,False,0,0,0,0,0.125,0.1379310344827586,7100000
0.8367311778415001,0.0,0.0976079133229413,0.05,0.09375,0.0952380952380952,0.019047619047619,False,False,False,True,0,0,0,0,0.125,0.4482758620689654,12800000
0.9791071127447708,0.0195195195195195,0.0394511479321825,0.05,0.03125,0.0476190476190476,0.0095238095238095,False,False,False,True,0,0,0,0,0.125,0.4137931034482758,7300000
0.90568517342723,0.0345345345345345,0.0454554202028366,0.0,0.0625,0.0952380952380952,0.0095238095238095,False,False,False,True,0,0,0,0,0.125,0.3793103448275862,7000000
0.8983766672276658,0.0075075075075075,0.1035736966687835,0.0,0.125,0.0952380952380952,0.019047619047619,False,True,False,False,1,1,1,1,0.5,0.1034482758620689,16200000
0.8864297639625249,0.0225225225225225,0.0902180397590593,0.05,0.0625,0.0952380952380952,0.0095238095238095,False,False,False,True,0,0,0,0,0.125,0.4482758620689654,12700000
0.8536528907152388,0.03003003003003,0.1325751015145392,0.0,0.1875,0.0952380952380952,0.0380952380952381,False,True,False,False,1,1,1,1,0.5,0.1034482758620689,7000000
0.8659589361706708,0.048048048048048,0.0723014452591266,0.0,0.09375,0.0952380952380952,0.019047619047619,True,False,False,False,0,0,0,0,0.125,0.1379310344827586,7250000
0.8780528326063859,0.045045045045045,0.0672978850335815,0.0,0.09375,0.0952380952380952,0.019047619047619,False,True,False,False,1,1,1,1,0.25,0.0344827586206896,17500000
0.8267951265013096,0.0,0.0718973115486018,0.05,0.09375,0.0952380952380952,0.019047619047619,False,False,True,False,0,0,0,0,0.125,0.1724137931034483,8210000
0.891031815226853,0.045045045045045,0.0122779670149914,0.0,0.0,0.0,0.0,False,False,True,False,0,0,0,0,0.125,0.2068965517241379,900000
0.8827779501289115,0.0345345345345345,0.090314262071089,0.05,0.09375,0.0952380952380952,0.019047619047619,False,False,False,True,0,0,0,0,0.125,0.6896551724137931,9300000
0.8980921941558222,0.042042042042042,0.0731866905298,0.05,0.09375,0.0952380952380952,0.019047619047619,False,False,True,False,0,0,0,0,0.125,0.1724137931034483,9700000
0.8838647828455066,0.048048048048048,0.0185709062217346,0.0,0.03125,0.0476190476190476,0.0095238095238095,False,False,True,False,0,0,0,0,0.125,0.1724137931034483,2800000
0.845328966268255,0.0135135135135135,0.1923676462098031,0.0,0.28125,0.0952380952380952,0.0952380952380952,False,True,False,False,1,1,1,1,0.625,0.1379310344827586,21000000
0.8805814933124338,0.0435435435435435,0.0538844947366395,0.0,0.09375,0.0952380952380952,0.0095238095238095,False,False,True,False,0,0,0,0,0.125,0.1379310344827586,7350000
0.8820416839931227,0.036036036036036,0.041625772184054,0.0,0.0625,0.0476190476190476,0.0095238095238095,False,False,False,True,0,0,0,0,0.125,0.6896551724137931,7300000
0.9163533857810648,0.018018018018018,0.0972037796124165,0.05,0.09375,0.0952380952380952,0.019047619047619,False,False,False,True,0,0,0,0,0.125,0.4482758620689654,23500000
0.8460104023693873,0.0105105105105105,0.0501510690298866,0.05,0.0625,0.0952380952380952,0.0095238095238095,False,False,True,False,0,0,0,0,0.125,0.1379310344827586,9500000
0.8710938023878043,0.0375375375375375,0.0210919307969131,0.0,0.03125,0.0476190476190476,0.0095238095238095,False,False,False,True,0,0,0,0,0.125,0.4482758620689654,3200000
0.8820416839931227,0.036036036036036,0.1307468775859746,0.05,0.15625,0.0952380952380952,0.019047619047619,False,False,False,True,0,0,0,0,0.125,0.7241379310344828,17500000
0.9122030640631068,0.048048048048048,0.0781325173681273,0.0,0.09375,0.0952380952380952,0.019047619047619,True,False,False,False,0,0,0,0,0.125,0.1379310344827586,7900000
0.899922889563129,0.0615615615615615,0.094682755037238,0.0,0.15625,0.0952380952380952,0.019047619047619,False,True,False,False,1,1,1,1,0.25,0.0344827586206896,13160000
0.8892978643781646,0.057057057057057,0.0523449377441641,0.0,0.0625,0.0952380952380952,0.019047619047619,True,False,False,False,0,0,0,0,0.125,0.1034482758620689,16550000
0.9162783267827592,0.015015015015015,0.0860419914169697,0.05,0.09375,0.0952380952380952,0.019047619047619,False,False,False,True,0,0,0,0,0.125,0.4482758620689654,19000000
0.9691788651405772,0.0,0.0857148355560687,0.05,0.09375,0.0952380952380952,0.019047619047619,False,False,False,True,0,0,0,0,0.125,0.9655172413793104,21300000
0.8744166029861162,0.0195195195195195,0.0956449781575351,0.05,0.0625,0.0952380952380952,0.019047619047619,False,False,False,True,0,0,0,0,0.125,0.8620689655172414,12600000
0.8774360142255659,0.0255255255255255,0.1103477474356753,0.05,0.125,0.0952380952380952,0.019047619047619,False,False,False,True,0,0,0,0,0.125,0.4137931034482758,17000000
0.9946015617491072,0.0,0.1297654100032715,0.0,0.15625,0.1428571428571428,0.0285714285714285,False,True,False,False,1,1,1,1,0.5,0.1034482758620689,21000000
0.8567382422729963,0.036036036036036,0.1364432384581336,0.0,0.125,0.0952380952380952,0.019047619047619,False,True,False,False,1,1,1,1,0.5,0.1034482758620689,14120000
0.9020417282935966,0.0405405405405405,0.0693377980486115,0.05,0.09375,0.0952380952380952,0.019047619047619,False,False,True,False,0,0,0,0,0.125,0.1724137931034483,12000000
0.8054290804761308,0.0,0.0716663779997305,0.0,0.125,0.0952380952380952,0.019047619047619,False,False,True,False,0,0,0,0,0.125,0.2068965517241379,3800000
0.9639875851140688,0.015015015015015,0.1074033446875661,0.05,0.125,0.0952380952380952,0.019047619047619,False,False,False,True,0,0,0,0,0.125,0.4482758620689654,24500000
0.9617224200988232,0.0135135135135135,0.0347939880299443,0.0,0.03125,0.0476190476190476,0.0095238095238095,False,False,False,True,0,0,0,0,0.125,0.4827586206896552,9520000
0.8321018382601721,0.0405405405405405,0.0715316667628889,0.05,0.09375,0.0952380952380952,0.019047619047619,False,False,True,False,0,0,0,0,0.125,0.1724137931034483,5500000
0.8682698162440374,0.0375375375375375,0.0240940669322402,0.0,0.03125,0.0476190476190476,0.0095238095238095,False,False,False,True,0,0,0,0,0.125,0.3793103448275862,4000000
0.8143130598530206,0.0075075075075075,0.0403171487404499,0.0,0.125,0.0476190476190476,0.0476190476190476,False,True,False,False,1,1,1,1,0.25,0.0344827586206896,5300000
0.8685663905899048,0.0,0.0885437715297423,0.05,0.09375,0.0952380952380952,0.019047619047619,False,False,True,False,0,0,0,0,0.125,0.1379310344827586,17390000
0.8766519512372213,0.0375375375375375,0.1687931797625233,0.0,0.125,0.1428571428571428,0.0285714285714285,False,True,False,False,1,1,1,1,0.375,0.0689655172413793,22250000
0.90736171879351,0.021021021021021,0.0529800050035602,0.05,0.03125,0.0476190476190476,0.0095238095238095,False,False,True,False,0,0,0,0,0.125,0.2068965517241379,4300000
0.8159726423340032,0.021021021021021,0.0586571214133133,0.0,0.09375,0.0952380952380952,0.019047619047619,False,False,False,True,0,0,0,0,0.125,0.4482758620689654,8200000
0.90497826577365,0.0705705705705705,0.076208071127533,0.0,0.0,0.0,0.0,False,True,False,False,1,1,1,1,0.375,0.0689655172413793,7050000
0.8596974750407185,0.018018018018018,0.0247676231164482,0.0,0.0625,0.0476190476190476,0.0095238095238095,False,False,True,False,0,0,0,0,0.125,0.3103448275862069,4350000
0.9791071127447708,0.021021021021021,0.0381040355637665,0.05,0.0,0.0,0.0,False,False,False,True,0,0,0,0,0.125,0.4137931034482758,7900000
0.8812746972495802,0.0,0.0536150722629563,0.05,0.0625,0.0476190476190476,0.0095238095238095,False,False,True,False,0,0,0,0,0.125,0.3103448275862069,8100000
0.9326870155399548,0.0585585585585585,0.0472259107441833,0.0,0.0,0.0,0.0,True,False,False,False,0,0,0,0,0.125,0.1379310344827586,5900000
0.8716869374699456,0.0225225225225225,0.0220156649923984,0.0,0.03125,0.0476190476190476,0.0095238095238095,False,False,True,False,0,0,0,0,0.125,0.3103448275862069,4500000
0.9713499751145208,0.0015015015015015,0.0620249023343532,0.05,0.0625,0.0952380952380952,0.0095238095238095,False,False,False,True,0,0,0,0,0.125,0.7931034482758621,16500000
0.9713499751145208,0.0,0.0624097915824721,0.05,0.0625,0.0952380952380952,0.0095238095238095,False,False,False,True,0,0,0,0,0.125,0.7931034482758621,17160000
0.8343101334970129,0.0,0.08461790119893,0.05,0.09375,0.0476190476190476,0.019047619047619,False,False,True,False,0,0,0,0,0.125,0.2068965517241379,9000000
0.8706727311291047,0.0,0.0571368088832438,0.0,0.21875,0.0952380952380952,0.019047619047619,False,True,False,False,1,1,1,1,0.25,0.0344827586206896,13000000
0.9003253073150574,0.0105105105105105,0.0251332679021611,0.0,0.0,0.0,0.0,False,False,False,True,0,0,0,0,0.125,0.3793103448275862,5550000
0.834066344370882,0.0195195195195195,0.1327483016761926,0.0,0.125,0.0952380952380952,0.0380952380952381,False,True,False,False,1,1,1,1,0.5,0.1034482758620689,16000000
0.8088326833934047,0.0,0.0716471335373246,0.05,0.0625,0.0476190476190476,0.0095238095238095,False,False,True,False,0,0,0,0,0.125,0.3103448275862069,5370000
0.8185213498922792,0.0,0.0656043723418586,0.0,0.09375,0.0952380952380952,0.019047619047619,False,False,True,False,0,0,0,0,0.125,0.1379310344827586,11500000
0.8605471628460464,0.0195195195195195,0.0254411793006562,0.0,0.03125,0.0476190476190476,0.0095238095238095,False,False,True,False,0,0,0,0,0.125,0.3103448275862069,5600000
0.8744615651387733,0.0465465465465465,0.0735523353155129,0.0,0.03125,0.0476190476190476,0.0095238095238095,False,False,True,False,0,0,0,0,0.125,0.2758620689655172,4673500
0.8679578285592982,0.0465465465465465,0.0650462829320862,0.0,0.09375,0.0952380952380952,0.019047619047619,False,False,True,False,0,0,0,0,0.125,0.1724137931034483,9380000
0.8603199461933002,0.0225225225225225,0.063121836691492,0.05,0.0625,0.0952380952380952,0.0095238095238095,False,False,False,True,0,0,0,0,0.125,0.4137931034482758,11100000
0.8546716332820097,0.033033033033033,0.0686065084771856,0.0,0.1875,0.0476190476190476,0.0666666666666666,False,True,False,False,1,1,1,1,0.375,0.0689655172413793,10000000
0.7914932703044428,0.0405405405405405,0.0747839809094932,0.0,0.09375,0.0952380952380952,0.019047619047619,True,False,False,False,0,0,0,0,0.25,0.1379310344827586,5350000
0.8975665088467508,0.048048048048048,0.1172757539018147,0.05,0.125,0.0952380952380952,0.0285714285714285,True,False,False,False,0,0,0,0,0.375,0.1379310344827586,14500000
0.8827779501289115,0.0345345345345345,0.1118680599657448,0.05,0.09375,0.0952380952380952,0.019047619047619,False,False,False,True,0,0,0,0,0.125,0.7241379310344828,13280000
0.9511126540920714,0.048048048048048,0.0360448780863306,0.0,0.0625,0.0476190476190476,0.019047619047619,True,False,False,False,0,0,0,0,0.125,0.1379310344827586,6500000
0.8882661741070024,0.0,0.086965725612455,0.0,0.21875,0.0952380952380952,0.0476190476190476,False,True,False,False,1,1,1,1,0.25,0.0344827586206896,17100000
0.8159726423340032,0.021021021021021,0.0363912784096376,0.0,0.03125,0.0476190476190476,0.0095238095238095,False,False,False,True,0,0,0,0,0.125,0.4482758620689654,5200000
0.8337324623238658,0.024024024024024,0.0958181783191886,0.0,0.15625,0.1428571428571428,0.0380952380952381,False,True,False,False,1,1,1,1,0.5,0.1034482758620689,17300000
0.8657176422942996,0.039039039039039,0.0962030675673075,0.0,0.09375,0.0952380952380952,0.019047619047619,False,True,False,False,1,1,1,1,0.375,0.0689655172413793,7800000
0.8937794001811312,0.042042042042042,0.0705694436425918,0.0,0.0,0.0,0.0,False,False,True,False,0,0,0,0,0.125,0.2068965517241379,11500000
0.938048857791074,0.057057057057057,0.0441852856840444,0.0,0.125,0.0952380952380952,0.019047619047619,True,False,False,False,0,0,0,0,0.125,0.1379310344827586,8800000
0.8530488355920909,0.0285285285285285,0.1752208302061081,0.0,0.0,0.0,0.0,False,True,False,False,1,1,1,1,0.5,0.1034482758620689,7000000
0.963174699608686,0.0345345345345345,0.1355195042626484,0.0,0.0,0.0,0.0,False,True,False,False,1,1,1,1,0.625,0.1379310344827586,17000000
0.9024160790785912,0.0,0.0800762080711275,0.05,0.09375,0.0952380952380952,0.019047619047619,True,False,False,False,0,0,0,0,0.125,0.1379310344827586,8330000
0.8159726423340032,0.021021021021021,0.0809999422666127,0.05,0.09375,0.0952380952380952,0.019047619047619,False,False,False,True,0,0,0,0,0.125,0.4482758620689654,9390000
0.8828571658223439,0.0645645645645645,0.0572715201200854,0.0,0.09375,0.0952380952380952,0.019047619047619,True,False,False,False,0,0,0,0,0.125,0.1034482758620689,2000000
0.8539354092621352,0.03003003003003,0.1509150741874025,0.0,0.0,0.0,0.0,False,True,False,False,1,1,1,1,0.5,0.1034482758620689,12800000
0.8866427202506486,0.0,0.0581375209283528,0.0,0.09375,0.0476190476190476,0.019047619047619,False,True,False,False,1,1,1,1,0.25,0.0344827586206896,9300000
0.8603199461933002,0.024024024024024,0.1175451763754979,0.05,0.125,0.0952380952380952,0.019047619047619,False,False,False,True,0,0,0,0,0.125,0.4137931034482758,20400000
0.8617785114743981,0.06006006006006,0.105421165059754,0.0,0.09375,0.0952380952380952,0.019047619047619,False,True,False,False,1,1,1,1,0.25,0.0344827586206896,16900000
0.8980921941558222,0.042042042042042,0.0735715797779189,0.05,0.09375,0.0952380952380952,0.019047619047619,False,False,True,False,0,0,0,0,0.125,0.1724137931034483,9800000
0.9235114293191486,0.0105105105105105,0.0300021168908646,0.0,0.03125,0.0476190476190476,0.0095238095238095,False,False,False,True,0,0,0,0,0.125,0.3448275862068965,6400000
0.9042504507604008,0.0225225225225225,0.0194753959548139,0.0,0.03125,0.0476190476190476,0.0095238095238095,False,False,True,False,0,0,0,0,0.125,0.2413793103448275,3850000
0.8162544956049373,0.003003003003003,0.0404518599772915,0.05,0.0625,0.0476190476190476,0.0095238095238095,False,False,True,False,0,0,0,0,0.125,0.1379310344827586,4600000
0.9277616249387391,0.039039039039039,0.0893327944883859,0.0,0.0,0.0,0.0,False,True,False,False,1,1,1,1,0.375,0.0689655172413793,16800000
0.9698010057595924,0.039039039039039,0.0655851278794526,0.0,0.125,0.0952380952380952,0.019047619047619,False,False,False,True,0,0,0,0,0.125,0.4137931034482758,11680000
0.7963505159507918,0.0225225225225225,0.0183014837480514,0.0,0.0,0.0,0.0,False,False,True,False,0,0,0,0,0.125,0.1379310344827586,1600000
0.8710938023878043,0.0375375375375375,0.0210919307969131,0.0,0.03125,0.0476190476190476,0.0095238095238095,False,False,False,True,0,0,0,0,0.125,0.4482758620689654,1850000
0.8064069844221251,0.0015015015015015,0.108442545657487,0.05,0.125,0.0952380952380952,0.0285714285714285,False,True,False,False,1,1,1,1,0.5,0.1034482758620689,16000000
0.9013404816813876,0.0405405405405405,0.042626484229163,0.0,0.09375,0.0952380952380952,0.019047619047619,False,False,True,False,0,0,0,0,0.125,0.1379310344827586,5000000
0.8655801572349731,0.039039039039039,0.0896599503492869,0.05,0.125,0.0952380952380952,0.019047619047619,False,False,True,False,0,0,0,0,0.125,0.2068965517241379,11100000
0.9019639097998606,0.036036036036036,0.0470911995073417,0.0,0.0625,0.0952380952380952,0.0095238095238095,True,False,False,False,0,0,0,0,0.125,0.1379310344827586,4760000
0.8423455084074476,0.0,0.0413755941727767,0.0,0.09375,0.0476190476190476,0.019047619047619,False,True,False,False,1,1,1,1,0.375,0.0689655172413793,2020800
0.8779953332053196,0.069069069069069,0.1003598714469911,0.0,0.0,0.0,0.0,False,True,False,False,1,1,1,1,0.375,0.0689655172413793,17500000
0.9019639097998606,0.0375375375375375,0.0466870657968169,0.0,0.0625,0.0952380952380952,0.0095238095238095,False,False,True,False,0,0,0,0,0.125,0.3103448275862069,4250000
0.9019639097998606,0.036036036036036,0.0415295498720243,0.0,0.0625,0.0952380952380952,0.0095238095238095,False,False,True,False,0,0,0,0,0.125,0.3103448275862069,2580000
0.9795994842105245,0.036036036036036,0.0810769201162365,0.05,0.09375,0.0952380952380952,0.019047619047619,False,False,True,False,0,0,0,0,0.125,0.2413793103448275,14750000
0.8894096450679001,0.0315315315315315,0.1655023766911071,0.0,0.0,0.0,0.0,False,False,False,True,0,0,0,0,0.125,0.3448275862068965,20800000
0.8937794001811312,0.042042042042042,0.0633720147027692,0.05,0.09375,0.0952380952380952,0.0095238095238095,False,False,True,False,0,0,0,0,0.125,0.2068965517241379,6360000
0.8859750806146565,0.0585585585585585,0.052691338067471,0.0,0.09375,0.0952380952380952,0.0095238095238095,True,False,False,False,0,0,0,0,0.125,0.1379310344827586,7500000
0.8078445888955912,0.0165165165165165,0.0882358601312472,0.05,0.09375,0.0952380952380952,0.019047619047619,False,False,False,True,0,0,0,0,0.125,0.4137931034482758,7500000
0.9416925529190792,0.045045045045045,0.0199565075149625,0.0,0.03125,0.0476190476190476,0.0095238095238095,False,False,True,False,0,0,0,0,0.125,0.2068965517241379,3460000
0.9178666379611968,0.06006006006006,0.0400284818043608,0.0,0.0,0.0,0.0,True,False,False,False,0,0,0,0,0.125,0.1379310344827586,10400000
0.8584824414645311,0.06006006006006,0.0612551238381155,0.0,0.09375,0.0952380952380952,0.019047619047619,True,False,False,False,0,0,0,0,0.125,0.1379310344827586,4900000
0.9058698855534716,0.0255255255255255,0.1053634316725362,0.0,0.0,0.0,0.0,False,True,False,False,1,1,1,1,0.5,0.1034482758620689,13100000
0.851161247837581,0.0,0.0618901910975116,0.05,0.0625,0.0952380952380952,0.0095238095238095,False,False,True,False,0,0,0,0,0.125,0.1379310344827586,9200000
0.9773146578769456,0.0195195195195195,0.0604468564170659,0.05,0.03125,0.0476190476190476,0.0095238095238095,False,False,False,True,0,0,0,0,0.125,0.4137931034482758,10880000
0.8962456436096318,0.0,0.0613128572253334,0.05,0.0625,0.0952380952380952,0.019047619047619,False,False,True,False,0,0,0,0,0.125,0.1379310344827586,7500000
0.97825801613277,0.072072072072072,0.0565787194734715,0.0,0.15625,0.0952380952380952,0.0285714285714285,False,True,False,False,1,1,1,1,0.25,0.0344827586206896,18300000
0.9664417165487292,0.0105105105105105,0.079575852048573,0.05,0.0625,0.0952380952380952,0.0095238095238095,False,False,False,True,0,0,0,0,0.125,0.896551724137931,19200000
0.9030598775426312,0.0225225225225225,0.1110790370071012,0.15,0.1875,0.0952380952380952,0.0761904761904762,False,True,False,False,1,1,1,1,0.625,0.1379310344827586,13972000
0.8746960167345321,0.0,0.0469372438080942,0.0,0.125,0.0952380952380952,0.0285714285714285,False,True,False,False,1,1,1,1,0.25,0.0344827586206896,8000000
0.8682527508897806,0.0375375375375375,0.1409079537363123,0.0,0.28125,0.0952380952380952,0.0476190476190476,False,True,False,False,1,1,1,1,0.625,0.1379310344827586,20300000
0.9649126767078542,0.0165165165165165,0.1063256547928333,0.05,0.125,0.0952380952380952,0.019047619047619,False,False,False,True,0,0,0,0,0.125,0.4482758620689654,23300000
0.7669417608782965,0.0225225225225225,0.0990897369281989,0.0,0.125,0.0952380952380952,0.0285714285714285,False,True,False,False,1,1,1,1,0.375,0.0689655172413793,11200000
0.8596623491470439,0.0405405405405405,0.0500356022554509,0.0,0.0625,0.0952380952380952,0.0095238095238095,False,False,True,False,0,0,0,0,0.125,0.1724137931034483,6500000
0.8921324037370368,0.033033033033033,0.0407982603005985,0.0,0.0,0.0,0.0,False,False,True,False,0,0,0,0,0.125,0.1379310344827586,7350000
0.869180231141911,0.045045045045045,0.0402401708908261,0.0,0.125,0.1428571428571428,0.019047619047619,False,False,True,False,0,0,0,0,0.125,0.1379310344827586,5900000
0.8875993147584893,0.0585585585585585,0.0491118680599657,0.0,0.09375,0.0952380952380952,0.019047619047619,True,False,False,False,0,0,0,0,0.125,0.1379310344827586,8300000
0.8742381838899576,0.0315315315315315,0.0251140234397552,0.0,0.03125,0.0476190476190476,0.0095238095238095,False,False,False,True,0,0,0,0,0.125,0.4482758620689654,3520000
0.9804466849668928,0.0465465465465465,0.0229586436502896,0.0,0.03125,0.0476190476190476,0.0095238095238095,False,False,True,False,0,0,0,0,0.125,0.2068965517241379,2750000
0.8951104797655489,0.0435435435435435,0.0307718953871023,0.0,0.03125,0.0476190476190476,0.0095238095238095,False,False,True,False,0,0,0,0,0.125,0.2758620689655172,3700000
0.9042504507604008,0.0225225225225225,0.0290014048457556,0.05,0.03125,0.0476190476190476,0.0095238095238095,False,False,True,False,0,0,0,0,0.125,0.2413793103448275,4950000
0.8976648387595674,0.0705705705705705,0.0434155071878067,0.0,0.09375,0.0952380952380952,0.0095238095238095,True,False,False,False,0,0,0,0,0.125,0.1034482758620689,5200000
0.8892978643781646,0.057057057057057,0.0606777899659373,0.0,0.125,0.0952380952380952,0.019047619047619,True,False,False,False,0,0,0,0,0.125,0.1379310344827586,9380000
0.9587207033422088,0.0375375375375375,0.0582529877027885,0.05,0.15625,0.0952380952380952,0.019047619047619,False,False,True,False,0,0,0,0,0.125,0.3103448275862069,8000000
0.8659192797390745,0.036036036036036,0.0730519792929584,0.05,0.09375,0.0952380952380952,0.019047619047619,False,False,True,False,0,0,0,0,0.125,0.2068965517241379,11100000
0.9034940968474814,0.021021021021021,0.1482016049881646,0.0,0.15625,0.0952380952380952,0.0476190476190476,False,True,False,False,1,1,1,1,0.625,0.1379310344827586,20000000
0.8845861486990998,0.075075075075075,0.0424147951426976,0.0,0.15625,0.1428571428571428,0.0285714285714285,False,True,False,False,1,1,1,1,0.25,0.0344827586206896,6000000
0.8599101712093216,0.024024024024024,0.0944133325635548,0.05,0.09375,0.0952380952380952,0.019047619047619,False,False,True,False,0,0,0,0,0.125,0.2068965517241379,12250000
0.8710481115851678,0.021021021021021,0.0225929988645767,0.0,0.03125,0.0476190476190476,0.0095238095238095,False,False,True,False,0,0,0,0,0.125,0.3103448275862069,4700000
0.8132494833908481,0.009009009009009,0.0911802628793564,0.05,0.0625,0.0952380952380952,0.019047619047619,False,False,False,True,0,0,0,0,0.125,0.4827586206896552,10600000
0.8939591809099738,0.066066066066066,0.0415487943344302,0.0,0.0625,0.0952380952380952,0.0095238095238095,True,False,False,False,0,0,0,0,0.125,0.1034482758620689,3600000
0.8969347070307663,0.0525525525525525,0.1177183765371514,0.0,0.1875,0.0952380952380952,0.0285714285714285,False,True,False,False,1,1,1,1,0.25,0.0344827586206896,15000000
0.9639875851140688,0.0165165165165165,0.1026692069357042,0.05,0.09375,0.0952380952380952,0.019047619047619,False,False,False,True,0,0,0,0,0.125,0.4482758620689654,24800000
0.802996387156611,0.036036036036036,0.0902372842214652,0.05,0.125,0.0952380952380952,0.019047619047619,False,False,True,False,0,0,0,0,0.125,0.2413793103448275,12000000
0.8661980283862647,0.0465465465465465,0.0513057367742432,0.0,0.09375,0.0952380952380952,0.0095238095238095,True,False,False,False,0,0,0,0,0.125,0.1379310344827586,5420000
0.8723419471621412,0.0705705705705705,0.057752631680234,0.0,0.09375,0.0952380952380952,0.0095238095238095,True,False,False,False,0,0,0,0,0.125,0.1034482758620689,4680000
0.8675004736678602,0.0465465465465465,0.0659700171275715,0.0,0.09375,0.0952380952380952,0.019047619047619,True,False,False,False,0,0,0,0,0.125,0.1379310344827586,5350000
0.9452417415308504,0.0375375375375375,0.1244154494544195,0.1,0.09375,0.0952380952380952,0.019047619047619,False,False,False,True,0,0,0,0,0.125,0.6896551724137931,25200000
0.8774321059575243,0.039039039039039,0.0656043723418586,0.05,0.09375,0.0952380952380952,0.019047619047619,False,False,True,False,0,0,0,0,0.125,0.2413793103448275,7300000
0.9204340354398824,0.0495495495495495,0.0828089217327713,0.0,0.125,0.0952380952380952,0.019047619047619,True,False,False,False,0,0,0,0,0.125,0.1379310344827586,10650000
0.8412766881375546,0.0045045045045045,0.1337490137213016,0.0,0.125,0.0952380952380952,0.0476190476190476,False,True,False,False,1,1,1,1,0.625,0.1379310344827586,20500000
0.807868301088206,0.012012012012012,0.0768046494621172,0.05,0.09375,0.0952380952380952,0.019047619047619,False,False,True,False,0,0,0,0,0.125,0.2068965517241379,14500000
0.8890772576487223,0.0225225225225225,0.0610241902892442,0.0,0.0,0.0,0.0,True,False,False,False,0,0,0,0,0.125,0.0689655172413793,9000000
0.7670477154055391,0.0,0.0676827742817004,0.05,0.09375,0.0952380952380952,0.019047619047619,False,False,True,False,0,0,0,0,0.125,0.1379310344827586,8200000
0.8267951265013096,0.0,0.0759771375786617,0.05,0.09375,0.0952380952380952,0.019047619047619,False,False,True,False,0,0,0,0,0.125,0.1724137931034483,8590000
0.8820416839931227,0.0345345345345345,0.1518965417701056,0.1,0.15625,0.0952380952380952,0.0285714285714285,False,False,False,True,0,0,0,0,0.125,0.7241379310344828,20250000
0.8123137584397853,0.021021021021021,0.1409079537363123,0.0,0.125,0.0952380952380952,0.0476190476190476,False,True,False,False,1,1,1,1,0.5,0.1034482758620689,8500000
0.8792190331442384,0.0525525525525525,0.0793256740372957,0.0,0.25,0.0952380952380952,0.0380952380952381,False,True,False,False,1,1,1,1,0.625,0.1379310344827586,11950000
0.8025583276644852,0.0135135135135135,0.0677405076689182,0.0,0.09375,0.0952380952380952,0.019047619047619,False,False,True,False,0,0,0,0,0.125,0.2758620689655172,9100000
0.906383934802932,0.0,0.0500548467178569,0.0,0.0625,0.0952380952380952,0.0095238095238095,False,False,False,True,0,0,0,0,0.125,0.3793103448275862,7000000
0.8064223604054348,0.0,0.0964147566537728,0.05,0.09375,0.0952380952380952,0.019047619047619,False,False,False,True,0,0,0,0,0.125,0.4827586206896552,12000000
0.9048157542840158,0.042042042042042,0.0622943248080364,0.05,0.0625,0.0952380952380952,0.0095238095238095,False,False,False,True,0,0,0,0,0.125,0.4482758620689654,6800000
0.8077738104690866,0.0285285285285285,0.1082885899582395,0.0,0.15625,0.0952380952380952,0.0285714285714285,False,True,False,False,1,1,1,1,0.5,0.1034482758620689,13000000
0.9010784319509356,0.045045045045045,0.0679137078305717,0.05,0.09375,0.0952380952380952,0.019047619047619,False,False,True,False,0,0,0,0,0.125,0.1379310344827586,9400000
0.8992057600431735,0.039039039039039,0.0720897561726613,0.05,0.0625,0.0952380952380952,0.019047619047619,False,False,True,False,0,0,0,0,0.125,0.2068965517241379,7800000
0.9024598088634264,0.0345345345345345,0.0710313107403344,0.05,0.09375,0.0952380952380952,0.019047619047619,False,False,False,True,0,0,0,0,0.125,0.3793103448275862,12280000
0.8355977635924319,0.0015015015015015,0.12891865365741,0.1,0.09375,0.0952380952380952,0.019047619047619,False,False,False,True,0,0,0,0,0.125,0.4827586206896552,17500000
0.8367311778415001,0.0,0.113811750668745,0.05,0.09375,0.0952380952380952,0.019047619047619,False,False,False,True,0,0,0,0,0.125,0.4482758620689654,17460000
0.8524890670175864,0.0165165165165165,0.1058252987702788,0.05,0.0,0.0,0.0,False,False,False,True,0,0,0,0,0.125,0.4827586206896552,9690000
0.851161247837581,0.0,0.0465908434847872,0.0,0.0625,0.0952380952380952,0.0095238095238095,False,False,True,False,0,0,0,0,0.125,0.1379310344827586,7390000
0.938048857791074,0.057057057057057,0.0441852856840444,0.0,0.09375,0.0952380952380952,0.0095238095238095,True,False,False,False,0,0,0,0,0.125,0.1379310344827586,9400000
0.9843910937020156,0.0345345345345345,0.1268402517175682,0.05,0.0,0.0,0.0,False,True,False,False,1,1,1,1,0.625,0.1379310344827586,21300000
0.8828706214488591,0.003003003003003,0.0949521775109212,0.05,0.09375,0.0952380952380952,0.019047619047619,False,False,False,True,0,0,0,0,0.125,0.3793103448275862,18180000
0.7912090683297777,0.0375375375375375,0.060081211631353,0.0,0.09375,0.0952380952380952,0.019047619047619,False,False,False,True,0,0,0,0,0.125,0.3448275862068965,3400000
0.9096326362555088,0.0,0.0561745857629467,0.0,0.0625,0.0952380952380952,0.0095238095238095,True,False,False,False,0,0,0,0,0.125,0.1034482758620689,4800000
0.8435483832513455,0.0105105105105105,0.1042087639281796,0.05,0.09375,0.0952380952380952,0.019047619047619,False,False,True,False,0,0,0,0,0.125,0.2413793103448275,16350000
0.9330644729093364,0.0375375375375375,0.0834055000673556,0.0,0.09375,0.0952380952380952,0.019047619047619,False,False,False,True,0,0,0,0,0.125,0.3793103448275862,14800000
0.8715003871175213,0.0,0.0513827146238669,0.0,0.09375,0.0952380952380952,0.019047619047619,True,False,False,False,0,0,0,0,0.125,0.1379310344827586,4900000
0.8025978236386493,0.0,0.1107326366837942,0.05,0.09375,0.0952380952380952,0.019047619047619,False,False,True,False,0,0,0,0,0.125,0.2758620689655172,12280000
0.81531202582579,0.039039039039039,0.1288994091950041,0.0,0.1875,0.0952380952380952,0.0285714285714285,False,True,False,False,1,1,1,1,0.5,0.1034482758620689,9500000
0.9588150557934512,0.039039039039039,0.0996093374131593,0.05,0.125,0.0952380952380952,0.019047619047619,True,False,False,False,0,0,0,0,0.125,0.1379310344827586,14500000
0.8084738213467801,0.0225225225225225,0.0716278890749186,0.0,0.09375,0.0476190476190476,0.019047619047619,False,False,True,False,0,0,0,0,0.125,0.1724137931034483,8000000
0.8159726423340032,0.021021021021021,0.0659315282027596,0.05,0.09375,0.0952380952380952,0.019047619047619,False,False,False,True,0,0,0,0,0.125,0.4482758620689654,8540000
0.8747592683729977,0.0195195195195195,0.0219964205299924,0.0,0.03125,0.0476190476190476,0.0095238095238095,False,False,False,True,0,0,0,0,0.125,0.3448275862068965,4300000
0.8864297639625249,0.0225225225225225,0.1303812328002617,0.05,0.09375,0.0952380952380952,0.019047619047619,False,False,False,True,0,0,0,0,0.125,0.4482758620689654,18800000
0.8752125417884713,0.045045045045045,0.0160113927217443,0.0,0.03125,0.0476190476190476,0.0095238095238095,False,False,True,False,0,0,0,0,0.125,0.1379310344827586,962017
0.8618550815351398,0.042042042042042,0.0755537594057309,0.0,0.09375,0.0952380952380952,0.019047619047619,False,False,True,False,0,0,0,0,0.125,0.1379310344827586,6350000
0.7670477154055391,0.0,0.0673171294959875,0.05,0.09375,0.0952380952380952,0.019047619047619,False,False,True,False,0,0,0,0,0.125,0.1379310344827586,8500000
0.8747071843689298,0.0,0.0402401708908261,0.0,0.0625,0.0476190476190476,0.0285714285714285,False,True,False,False,1,1,1,1,0.375,0.0689655172413793,6500000
0.936576116527732,0.0315315315315315,0.0822123433981871,0.0,0.09375,0.0952380952380952,0.019047619047619,False,False,False,True,0,0,0,0,0.125,0.3793103448275862,15100000
0.9048734948559344,0.0315315315315315,0.0220926428420222,0.0,0.03125,0.0476190476190476,0.0095238095238095,False,False,True,False,0,0,0,0,0.125,0.2758620689655172,2800000
0.9617224200988232,0.015015015015015,0.0687604641764332,0.05,0.0625,0.0952380952380952,0.0095238095238095,False,False,False,True,0,0,0,0,0.125,0.4827586206896552,17000000
0.8005054173520989,0.0,0.0252487346765968,0.0,0.0,0.0,0.0,False,False,True,False,0,0,0,0,0.125,0.2413793103448275,3120000
0.9220001664400854,0.021021021021021,0.078209495217751,0.0,0.40625,0.1428571428571428,0.1238095238095238,False,True,False,False,1,1,1,1,0.5,0.1034482758620689,10000000
0.9725018658415934,0.003003003003003,0.0706271770298096,0.05,0.0625,0.0476190476190476,0.0095238095238095,False,False,False,True,0,0,0,0,0.125,0.6896551724137931,18000000
0.8048250844877316,0.021021021021021,0.0825010103342763,0.05,0.03125,0.0476190476190476,0.0095238095238095,False,False,False,True,0,0,0,0,0.125,0.4137931034482758,7450000
0.9015729245812736,0.0435435435435435,0.0512287589246194,0.0,0.0625,0.0952380952380952,0.019047619047619,True,False,False,False,0,0,0,0,0.125,0.1379310344827586,5320000
0.8044780849541269,0.015015015015015,0.1243577160672016,0.0,0.125,0.0952380952380952,0.0380952380952381,False,True,False,False,1,1,1,1,0.625,0.1379310344827586,16660000
0.8558903905345687,0.0,0.0978003579470007,0.05,0.09375,0.0952380952380952,0.019047619047619,False,False,True,False,0,0,0,0,0.125,0.2068965517241379,15800000
0.9741042431859056,0.009009009009009,0.0538844947366395,0.05,0.0625,0.0952380952380952,0.019047619047619,False,False,True,False,0,0,0,0,0.125,0.1379310344827586,9800000
0.870368050311356,0.0285285285285285,0.068837442026057,0.0,0.0,0.0,0.0,False,False,True,False,0,0,0,0,0.125,0.2068965517241379,7820000
0.8828451597775597,0.048048048048048,0.0137213016954371,0.0,0.0,0.0,0.0,False,False,False,True,0,0,0,0,0.125,0.3793103448275862,1650000
0.8536972329584955,0.0135135135135135,0.1109250813078536,0.1,0.03125,0.0476190476190476,0.019047619047619,False,False,False,True,0,0,0,0,0.125,0.4827586206896552,22000000
0.8978295113307979,0.06006006006006,0.0675288185824529,0.0,0.125,0.0952380952380952,0.0095238095238095,False,True,False,False,1,1,1,1,0.25,0.0344827586206896,5800000
0.8725591402196926,0.0255255255255255,0.0272309143044089,0.05,0.03125,0.0476190476190476,0.0095238095238095,False,False,True,False,0,0,0,0,0.125,0.1724137931034483,4380000
0.9304784375998169,0.048048048048048,0.0653349498681754,0.0,0.09375,0.0952380952380952,0.019047619047619,True,False,False,False,0,0,0,0,0.125,0.1379310344827586,7300000
0.8826158707952345,0.021021021021021,0.0274618478532802,0.0,0.09375,0.0952380952380952,0.019047619047619,False,False,True,False,0,0,0,0,0.125,0.2413793103448275,4450000
0.8884702964407154,0.039039039039039,0.0998787598868425,0.05,0.09375,0.0952380952380952,0.019047619047619,False,False,True,False,0,0,0,0,0.125,0.3103448275862069,17900000
0.8970335574546198,0.0405405405405405,0.0742836248869387,0.05,0.0625,0.0952380952380952,0.019047619047619,False,False,True,False,0,0,0,0,0.125,0.1724137931034483,8880000
0.8596974750407185,0.0195195195195195,0.0328310528645382,0.05,0.0625,0.0952380952380952,0.0095238095238095,False,False,True,False,0,0,0,0,0.125,0.3103448275862069,6260000
0.8793034166846496,0.0,0.1056136096838134,0.05,0.09375,0.0952380952380952,0.019047619047619,False,False,False,True,0,0,0,0,0.125,0.6896551724137931,12200000
0.866784746479226,0.0105105105105105,0.0477647556915497,0.05,0.09375,0.0952380952380952,0.019047619047619,False,False,True,False,0,0,0,0,0.125,0.2758620689655172,7700000
0.871859230427674,0.039039039039039,0.052037026345669,0.0,0.0625,0.0476190476190476,0.019047619047619,False,False,False,True,0,0,0,0,0.125,0.3793103448275862,5750000
0.8505655510824681,0.006006006006006,0.129284298443123,0.1,0.0625,0.0952380952380952,0.019047619047619,False,False,False,True,0,0,0,0,0.125,0.3793103448275862,16000000
0.8099840576604436,0.003003003003003,0.0607355233531551,0.05,0.0625,0.0952380952380952,0.0095238095238095,False,False,False,True,0,0,0,0,0.125,0.4482758620689654,6200000
0.9037419402856984,0.06006006006006,0.0601581894809768,0.0,0.09375,0.0952380952380952,0.0095238095238095,True,False,False,False,0,0,0,0,0.125,0.1379310344827586,7580000
0.8068603393156195,0.0,0.1111945037815368,0.0,0.09375,0.1428571428571428,0.0285714285714285,False,True,False,False,1,1,1,1,0.5,0.1034482758620689,13100000
0.8985654271805572,0.006006006006006,0.1035736966687835,0.0,0.125,0.1428571428571428,0.0285714285714285,False,True,False,False,1,1,1,1,0.5,0.1034482758620689,15180000
0.8763627932807196,0.033033033033033,0.1336527914092719,0.1,0.125,0.0952380952380952,0.019047619047619,False,False,True,False,0,0,0,0,0.125,0.2758620689655172,10500000
0.9003253073150574,0.0105105105105105,0.0246521563420125,0.0,0.03125,0.0476190476190476,0.0095238095238095,False,False,False,True,0,0,0,0,0.125,0.3793103448275862,4900000
0.966761942418799,0.048048048048048,0.0708773550410869,0.0,0.125,0.0952380952380952,0.019047619047619,False,False,True,False,0,0,0,0,0.125,0.1724137931034483,11600000
0.9712548782830196,0.006006006006006,0.059754055770452,0.05,0.0625,0.0952380952380952,0.019047619047619,False,False,True,False,0,0,0,0,0.125,0.2758620689655172,16680000
0.8768063836330953,0.0555555555555555,0.0606970344283432,0.0,0.09375,0.0952380952380952,0.019047619047619,True,False,False,False,0,0,0,0,0.125,0.1379310344827586,5660000
0.9243424281085026,0.042042042042042,0.1220483805784885,0.05,0.125,0.0952380952380952,0.019047619047619,False,False,False,True,0,0,0,0,0.125,0.7241379310344828,22500000
0.9825815902557906,0.018018018018018,0.0896214614244751,0.05,0.09375,0.0952380952380952,0.019047619047619,False,False,False,True,0,0,0,0,0.125,0.3448275862068965,22500000
0.8536972329584955,0.012012012012012,0.1186998441198545,0.1,0.125,0.0952380952380952,0.019047619047619,False,False,False,True,0,0,0,0,0.125,0.4827586206896552,14050000
0.8828451597775597,0.051051051051051,0.0137213016954371,0.0,0.0,0.0,0.0,False,False,False,True,0,0,0,0,0.125,0.3793103448275862,1950000
0.983296026337058,0.006006006006006,0.0567519196351249,0.05,0.09375,0.0952380952380952,0.019047619047619,False,False,True,False,0,0,0,0,0.125,0.2413793103448275,11190000
0.8841410003319652,0.024024024024024,0.0492080903719954,0.05,0.03125,0.0476190476190476,0.0095238095238095,False,False,True,False,0,0,0,0,0.125,0.1034482758620689,4250000
0.8909372381886556,0.0,0.0255758905374978,0.0,0.03125,0.0476190476190476,0.0095238095238095,False,False,True,False,0,0,0,0,0.125,0.2068965517241379,3450000
0.8752763281196678,0.045045045045045,0.0325038970036372,0.0,0.03125,0.0476190476190476,0.0095238095238095,False,False,False,True,0,0,0,0,0.125,0.3793103448275862,3800000
0.9664417165487292,0.0075075075075075,0.0900063506725939,0.05,0.0625,0.0952380952380952,0.019047619047619,False,False,False,True,0,0,0,0,0.125,0.896551724137931,23800000
0.8982846708223065,0.0465465465465465,0.2080133941458345,0.05,0.0,0.0,0.0,False,False,False,True,0,0,0,0,0.125,0.3793103448275862,12680000
0.8308870489781839,0.0,0.0124704116390508,0.0,0.125,0.0952380952380952,0.019047619047619,False,True,False,False,1,1,1,1,0.25,0.0344827586206896,702000
0.8923882287150491,0.0405405405405405,0.1456036025633623,0.0,0.1875,0.0952380952380952,0.0380952380952381,False,True,False,False,1,1,1,1,0.5,0.1034482758620689,17650000
0.9330644729093364,0.036036036036036,0.0753805592440775,0.0,0.09375,0.0952380952380952,0.019047619047619,False,False,False,True,0,0,0,0,0.125,0.3793103448275862,13580000
0.8684792909430428,0.0645645645645645,0.0386621249735388,0.0,0.03125,0.0476190476190476,0.0095238095238095,False,True,False,False,1,1,1,1,0.25,0.0344827586206896,1928773
0.8815339015976349,0.0255255255255255,0.1079806785597444,0.0,0.09375,0.0952380952380952,0.019047619047619,False,False,False,True,0,0,0,0,0.125,0.3448275862068965,15000000
0.9569473505390532,0.075075075075075,0.0974732020860997,0.0,0.09375,0.0952380952380952,0.0095238095238095,False,True,False,False,1,1,1,1,0.25,0.0344827586206896,10680000
0.8972650494902723,0.066066066066066,0.0443969747705097,0.0,0.09375,0.0952380952380952,0.019047619047619,True,False,False,False,0,0,0,0,0.125,0.1034482758620689,7100000
0.8687935935462576,0.009009009009009,0.0373535015299347,0.0,0.03125,0.0476190476190476,0.0095238095238095,False,False,True,False,0,0,0,0,0.125,0.2068965517241379,5120000
0.8859266483623003,0.0,0.0677597521313242,0.0,0.09375,0.0952380952380952,0.0095238095238095,True,False,False,False,0,0,0,0,0.125,0.1379310344827586,5100000
0.846216567318379,0.0615615615615615,0.0444739526201335,0.0,0.09375,0.0952380952380952,0.019047619047619,True,False,False,False,0,0,0,0,0.125,0.1379310344827586,3500000
0.9082941654885132,0.0405405405405405,0.0827896772703654,0.05,0.09375,0.0952380952380952,0.019047619047619,False,False,False,True,0,0,0,0,0.125,0.3793103448275862,12700000
0.8941300347454728,0.039039039039039,0.0877547485710986,0.0,0.09375,0.0952380952380952,0.019047619047619,False,False,False,True,0,0,0,0,0.125,0.4482758620689654,9800000
0.8807512786423217,0.045045045045045,0.0786713623154937,0.0,0.15625,0.0952380952380952,0.0285714285714285,False,True,False,False,1,1,1,1,0.375,0.0689655172413793,8250000
0.8054290804761308,0.0,0.068837442026057,0.0,0.125,0.0952380952380952,0.019047619047619,False,False,True,False,0,0,0,0,0.125,0.2068965517241379,6200000
0.8568520113537943,0.042042042042042,0.0654119277177992,0.0,0.09375,0.0952380952380952,0.019047619047619,False,False,True,False,0,0,0,0,0.125,0.2068965517241379,12000000
0.9019639097998606,0.0345345345345345,0.0694725092854531,0.05,0.0625,0.0952380952380952,0.0095238095238095,True,False,False,False,0,0,0,0,0.125,0.1379310344827586,5300000
0.9713499751145208,0.0015015015015015,0.0629871254546504,0.05,0.0625,0.0952380952380952,0.0095238095238095,False,False,False,True,0,0,0,0,0.125,0.7931034482758621,15580000
0.8595395639124206,0.0,0.0638916151877297,0.0,0.09375,0.0476190476190476,0.019047619047619,True,False,False,False,0,0,0,0,0.125,0.1379310344827586,4500000
0.8636819893532106,0.0,0.0554625406539268,0.0,0.0625,0.0952380952380952,0.0095238095238095,False,True,False,False,1,1,1,1,0.25,0.0344827586206896,16800000
0.9759167790402898,0.018018018018018,0.0901410619094355,0.05,0.09375,0.0952380952380952,0.019047619047619,False,False,False,True,0,0,0,0,0.125,0.4827586206896552,23500000
0.8768063836330953,0.0555555555555555,0.0606970344283432,0.0,0.09375,0.0952380952380952,0.019047619047619,True,False,False,False,0,0,0,0,0.125,0.1379310344827586,6660000
0.8779306000466534,0.0345345345345345,0.0286165155976367,0.0,0.0,0.0,0.0,False,False,False,True,0,0,0,0,0.125,0.3793103448275862,1750000
0.8141975933974379,0.0015015015015015,0.0648538383080268,0.05,0.09375,0.0952380952380952,0.019047619047619,False,False,True,False,0,0,0,0,0.125,0.1379310344827586,9000000
0.8934395678229805,0.0705705705705705,0.0105652098608625,0.0,0.15625,0.0476190476190476,0.019047619047619,False,True,False,False,1,1,1,1,0.25,0.0344827586206896,2183333
0.9698010057595924,0.039039039039039,0.0563285414621942,0.05,0.09375,0.0952380952380952,0.019047619047619,False,False,False,True,0,0,0,0,0.125,0.4137931034482758,10700000
0.8594657294463843,0.0435435435435435,0.0263264245713296,0.0,0.0,0.0,0.0,False,False,False,True,0,0,0,0,0.125,0.3793103448275862,2280000
0.8728709088445044,0.0195195195195195,0.0253642014510324,0.0,0.0625,0.0476190476190476,0.0095238095238095,False,False,True,False,0,0,0,0,0.125,0.3103448275862069,5200000
0.9618360092282215,0.039039039039039,0.0650847718568981,0.05,0.0625,0.0952380952380952,0.0095238095238095,False,False,True,False,0,0,0,0,0.125,0.2413793103448275,11500000
0.9832404116156964,0.036036036036036,0.0648730827704328,0.05,0.09375,0.0952380952380952,0.019047619047619,False,False,False,True,0,0,0,0,0.125,0.5862068965517242,8500000
0.808380031671561,0.0405405405405405,0.0630256143794623,0.0,0.09375,0.0952380952380952,0.019047619047619,False,False,True,False,0,0,0,0,0.125,0.2413793103448275,6000000
0.8642296660862598,0.0075075075075075,0.0851567461462964,0.05,0.09375,0.0952380952380952,0.019047619047619,False,False,True,False,0,0,0,0,0.125,0.3103448275862069,14300000
0.938048857791074,0.0,0.0441852856840444,0.0,0.09375,0.0952380952380952,0.019047619047619,True,False,False,False,0,0,0,0,0.125,0.1379310344827586,9480000
0.8654322373748471,0.042042042042042,0.0801339414583453,0.05,0.09375,0.0952380952380952,0.019047619047619,False,False,False,True,0,0,0,0,0.125,0.3448275862068965,7700000
0.8750780370513667,0.0765765765765765,0.0787290957027115,0.0,0.15625,0.1428571428571428,0.0380952380952381,False,True,False,False,1,1,1,1,0.25,0.0344827586206896,11250000
0.8504448778540166,0.0375375375375375,0.0173200161653484,0.0,0.0,0.0,0.0,True,False,False,False,0,0,0,0,0.125,0.1379310344827586,900000
0.8432093358957218,0.0,0.0658737948155418,0.05,0.09375,0.0476190476190476,0.019047619047619,False,False,True,False,0,0,0,0,0.125,0.1379310344827586,8890000
0.8754640860160521,0.0165165165165165,0.0895444835748513,0.1,0.125,0.0952380952380952,0.0285714285714285,False,False,True,False,0,0,0,0,0.125,0.1379310344827586,17800000
0.900699700713119,0.0,0.049669957469738,0.0,0.0625,0.0476190476190476,0.0095238095238095,False,False,True,False,0,0,0,0,0.125,0.2413793103448275,7240000
0.8807224143527606,0.0375375375375375,0.0852144795335142,0.05,0.09375,0.0952380952380952,0.019047619047619,False,False,True,False,0,0,0,0,0.125,0.2068965517241379,7900000
0.7948200960631198,0.045045045045045,0.1252044724130631,0.0,0.1875,0.1428571428571428,0.0285714285714285,False,True,False,False,1,1,1,1,0.375,0.0689655172413793,12000000
0.8743499662392082,0.0,0.060754767815561,0.05,0.09375,0.0952380952380952,0.019047619047619,False,False,True,False,0,0,0,0,0.125,0.1379310344827586,14800000
0.8761977102312244,0.0555555555555555,0.1102707695860516,0.0,0.0,0.0,0.0,False,False,True,False,0,0,0,0,0.125,0.1379310344827586,18400000
0.8679822526943894,0.039039039039039,0.1651174874429882,0.0,0.15625,0.0952380952380952,0.0285714285714285,False,True,False,False,1,1,1,1,0.5,0.1034482758620689,6500000
0.9698010057595924,0.0375375375375375,0.0707426438042453,0.05,0.125,0.0952380952380952,0.019047619047619,False,False,False,True,0,0,0,0,0.125,0.4137931034482758,13300000
0.8820416839931227,0.0345345345345345,0.094336354713931,0.05,0.09375,0.0952380952380952,0.019047619047619,False,False,False,True,0,0,0,0,0.125,0.6551724137931035,14000000
0.8930353800045907,0.0675675675675675,0.0824817658718703,0.0,0.125,0.1428571428571428,0.019047619047619,False,True,False,False,1,1,1,1,0.25,0.0344827586206896,25000000
0.9787869668023744,0.045045045045045,0.0724169120335623,0.05,0.09375,0.0952380952380952,0.019047619047619,False,False,True,False,0,0,0,0,0.125,0.2068965517241379,14000000
0.8827779501289115,0.036036036036036,0.1117141042664973,0.05,0.09375,0.0952380952380952,0.019047619047619,False,False,False,True,0,0,0,0,0.125,0.6896551724137931,15660000
0.8848589625159207,0.039039039039039,0.0300021168908646,0.0,0.0625,0.0476190476190476,0.019047619047619,False,False,False,True,0,0,0,0,0.125,0.3793103448275862,3000000
0.8670812182850511,0.012012012012012,0.0460712429998268,0.05,0.09375,0.0952380952380952,0.019047619047619,False,False,True,False,0,0,0,0,0.125,0.2758620689655172,11000000
0.9721218594556832,0.048048048048048,0.1298038989280834,0.05,0.15625,0.0952380952380952,0.0285714285714285,False,True,False,False,1,1,1,1,0.5,0.1034482758620689,23000000
0.9013404816813876,0.0405405405405405,0.047341377518619,0.0,0.09375,0.0952380952380952,0.0285714285714285,False,False,True,False,0,0,0,0,0.125,0.1379310344827586,5200000
0.8875995543986903,0.06006006006006,0.0595038777591747,0.0,0.09375,0.0952380952380952,0.019047619047619,True,False,False,False,0,0,0,0,0.125,0.1379310344827586,10650000
0.9003253073150574,0.0105105105105105,0.0358139445374593,0.05,0.03125,0.0476190476190476,0.0095238095238095,False,False,False,True,0,0,0,0,0.125,0.3793103448275862,6080000
0.8653094669016639,0.0,0.0814233204395435,0.0,0.1875,0.1428571428571428,0.019047619047619,False,True,False,False,1,1,1,1,0.25,0.0344827586206896,8000000
0.8048648439294084,0.0345345345345345,0.0361411003983603,0.0,0.03125,0.0476190476190476,0.0095238095238095,False,True,False,False,1,1,1,1,0.125,0.0,9300000
0.8710938023878043,0.0375375375375375,0.0180320612743682,0.0,0.03125,0.0476190476190476,0.0095238095238095,False,False,False,True,0,0,0,0,0.125,0.4482758620689654,2500000
0.9037419402856984,0.0615615615615615,0.0601581894809768,0.0,0.09375,0.0952380952380952,0.0095238095238095,True,False,False,False,0,0,0,0,0.125,0.1379310344827586,9800000
0.8827304214912886,0.0,0.0548467178569366,0.05,0.0625,0.0952380952380952,0.0095238095238095,False,False,False,True,0,0,0,0,0.125,0.3448275862068965,9650000
0.8504448778540166,0.036036036036036,0.0170698381540711,0.0,0.0,0.0,0.0,True,False,False,False,0,0,0,0,0.125,0.1379310344827586,880000
0.8523710616489382,0.0315315315315315,0.0350826549660335,0.0,0.0,0.0,0.0,True,False,False,False,0,0,0,0,0.125,0.1379310344827586,2300000
0.9015536548029672,0.0,0.0481881338644804,0.0,0.0625,0.0952380952380952,0.0095238095238095,False,False,False,True,0,0,0,0,0.125,0.3793103448275862,7400000
0.8142867188748255,0.0,0.0623135692704424,0.0,0.125,0.0952380952380952,0.019047619047619,False,True,False,False,1,1,1,1,0.125,0.0,7400000
0.973293584314746,0.0,0.0648538383080268,0.0,0.15625,0.0952380952380952,0.0285714285714285,False,True,False,False,1,1,1,1,0.25,0.0344827586206896,15580000
0.9235114293191486,0.012012012012012,0.0363143005600138,0.0,0.0,0.0,0.0,False,False,False,True,0,0,0,0,0.125,0.3448275862068965,6900000
0.8883294612802217,0.0375375375375375,0.0711467775147701,0.0,0.09375,0.0952380952380952,0.019047619047619,False,False,False,True,0,0,0,0,0.125,0.4482758620689654,7500000
0.8065988487940956,0.057057057057057,0.065796816965918,0.0,0.15625,0.0952380952380952,0.0380952380952381,False,True,False,False,1,1,1,1,0.375,0.0689655172413793,9400000
0.9012825259700604,0.0345345345345345,0.0860997248041876,0.05,0.09375,0.0952380952380952,0.019047619047619,False,False,True,False,0,0,0,0,0.125,0.1724137931034483,12700000
0.8782187256904876,0.0375375375375375,0.1324211458152916,0.0,0.125,0.1428571428571428,0.0285714285714285,False,True,False,False,1,1,1,1,0.375,0.0689655172413793,17330000
0.8687935935462576,0.009009009009009,0.035236610665281,0.0,0.03125,0.0476190476190476,0.019047619047619,False,False,True,False,0,0,0,0,0.125,0.2068965517241379,4600000
0.8777790617409948,0.06006006006006,0.0682601081538787,0.0,0.09375,0.0952380952380952,0.019047619047619,True,False,False,False,0,0,0,0,0.125,0.1379310344827586,8950000
0.8267951265013096,0.0,0.0710120662779285,0.05,0.09375,0.0952380952380952,0.019047619047619,False,False,True,False,0,0,0,0,0.125,0.1724137931034483,7920000
0.938048857791074,0.057057057057057,0.049362046071243,0.0,0.09375,0.0952380952380952,0.019047619047619,True,False,False,False,0,0,0,0,0.125,0.1379310344827586,7800000
0.8502035074809271,0.0405405405405405,0.0873891037853857,0.05,0.09375,0.0952380952380952,0.019047619047619,False,False,True,False,0,0,0,0,0.125,0.2068965517241379,11000000
0.7645812924161248,0.0,0.0640070819621653,0.05,0.09375,0.0952380952380952,0.019047619047619,False,False,True,False,0,0,0,0,0.125,0.1379310344827586,6597650
0.8334242728953143,0.0135135135135135,0.1739699401497219,0.0,0.15625,0.1428571428571428,0.0571428571428571,False,True,False,False,1,1,1,1,0.625,0.1379310344827586,21500000
0.9034353451070558,0.042042042042042,0.0585608991012836,0.0,0.03125,0.0952380952380952,0.0095238095238095,True,False,False,False,0,0,0,0,0.125,0.1379310344827586,4160000
0.9125991784463564,0.036036036036036,0.0290783826953794,0.0,0.03125,0.0476190476190476,0.0095238095238095,False,False,True,False,0,0,0,0,0.125,0.2758620689655172,4150000
0.8725591402196926,0.0255255255255255,0.0168966379924176,0.0,0.03125,0.0476190476190476,0.0095238095238095,False,False,True,False,0,0,0,0,0.125,0.1724137931034483,2580000
0.9725018658415934,0.003003003003003,0.0706271770298096,0.05,0.0625,0.0952380952380952,0.0095238095238095,False,False,False,True,0,0,0,0,0.125,0.6896551724137931,18500000
0.8525633298148136,0.042042042042042,0.0283278486615476,0.0,0.03125,0.0476190476190476,0.0095238095238095,False,False,False,True,0,0,0,0,0.125,0.3448275862068965,2500000
0.923854165084947,0.0225225225225225,0.0485152897253815,0.05,0.03125,0.0476190476190476,0.0095238095238095,False,False,True,False,0,0,0,0,0.125,0.1724137931034483,8300000
0.90736171879351,0.021021021021021,0.0432423070261532,0.05,0.03125,0.0476190476190476,0.0095238095238095,False,False,True,False,0,0,0,0,0.125,0.2068965517241379,4880000
0.8687891752939834,0.0465465465465465,0.020476107999923,0.0,0.03125,0.0476190476190476,0.0095238095238095,False,False,True,False,0,0,0,0,0.125,0.1379310344827586,2500000
0.8383506038034056,0.0375375375375375,0.0601197005561649,0.0,0.09375,0.0952380952380952,0.019047619047619,False,False,False,True,0,0,0,0,0.125,0.5172413793103449,8300000
0.8010521465833733,0.0,0.0705501991801858,0.0,0.09375,0.0952380952380952,0.019047619047619,False,True,False,False,1,1,1,1,0.25,0.0344827586206896,9790000
0.8111475145371116,0.0,0.0721474895598791,0.05,0.09375,0.0952380952380952,0.019047619047619,False,False,True,False,0,0,0,0,0.125,0.1724137931034483,7820000
0.9673663146559192,0.012012012012012,0.1114831707176259,0.05,0.09375,0.0952380952380952,0.019047619047619,False,False,False,True,0,0,0,0,0.125,0.4482758620689654,24000000
0.7937747817665581,0.0,0.0545388064584415,0.05,0.09375,0.0952380952380952,0.019047619047619,False,False,True,False,0,0,0,0,0.125,0.1379310344827586,6000000
0.8734205270342841,0.0435435435435435,0.0429343956276581,0.0,0.125,0.0952380952380952,0.019047619047619,False,True,False,False,1,1,1,1,0.375,0.0689655172413793,3000000
0.8713000438879135,0.0345345345345345,0.0553085849546792,0.0,0.09375,0.0952380952380952,0.019047619047619,False,False,True,False,0,0,0,0,0.125,0.1379310344827586,7300000
0.8763244267884716,0.0,0.0652387275561457,0.0,0.1875,0.0952380952380952,0.019047619047619,False,True,False,False,1,1,1,1,0.25,0.0344827586206896,10500000
0.8744166029861162,0.021021021021021,0.1304389661874795,0.05,0.125,0.0952380952380952,0.019047619047619,False,False,False,True,0,0,0,0,0.125,0.8620689655172414,21000000
0.8005054173520989,0.0,0.0567519196351249,0.05,0.0625,0.0952380952380952,0.019047619047619,False,False,True,False,0,0,0,0,0.125,0.2413793103448275,7305000
0.8699050196096607,0.039039039039039,0.0943748436387429,0.05,0.125,0.0952380952380952,0.019047619047619,False,False,False,True,0,0,0,0,0.125,0.4137931034482758,9500000
0.8524890670175864,0.0165165165165165,0.1060562323191501,0.1,0.09375,0.0952380952380952,0.019047619047619,False,False,False,True,0,0,0,0,0.125,0.4827586206896552,14000000
0.8350484799468916,0.039039039039039,0.0648345938456209,0.05,0.0625,0.0952380952380952,0.019047619047619,False,False,True,False,0,0,0,0,0.125,0.2413793103448275,3600000
0.8762649929082045,0.057057057057057,0.051344225699055,0.0,0.09375,0.0952380952380952,0.019047619047619,True,False,False,False,0,0,0,0,0.125,0.1379310344827586,3000000
0.920716309163396,0.0195195195195195,0.067817485518542,0.05,0.125,0.0952380952380952,0.019047619047619,False,False,True,False,0,0,0,0,0.125,0.3103448275862069,15000000
0.855032649446656,0.048048048048048,0.0730712237553643,0.0,0.09375,0.0952380952380952,0.019047619047619,False,False,True,False,0,0,0,0,0.125,0.2068965517241379,8400000
0.8831576046630119,0.027027027027027,0.0937397763793468,0.05,0.09375,0.0952380952380952,0.019047619047619,False,False,False,True,0,0,0,0,0.125,0.4137931034482758,15200000
0.8841410003319652,0.024024024024024,0.0293670496314685,0.0,0.03125,0.0476190476190476,0.0095238095238095,False,False,True,False,0,0,0,0,0.125,0.1034482758620689,2900000
0.8734382315827247,0.039039039039039,0.0795950965109789,0.05,0.09375,0.0952380952380952,0.019047619047619,False,False,True,False,0,0,0,0,0.125,0.2068965517241379,5880000
0.9860718976867702,0.0765765765765765,0.0615822796990166,0.0,0.09375,0.0952380952380952,0.019047619047619,False,True,False,False,1,1,1,1,0.25,0.0344827586206896,11000000
0.8185420188599153,0.0105105105105105,0.0703577545561264,0.05,0.09375,0.0952380952380952,0.019047619047619,False,False,True,False,0,0,0,0,0.125,0.1379310344827586,8900000
0.9138625588806236,0.0045045045045045,0.0667782845486211,0.05,0.0625,0.0952380952380952,0.0095238095238095,False,False,False,True,0,0,0,0,0.125,0.4482758620689654,17500000
0.8159726423340032,0.021021021021021,0.0652387275561457,0.05,0.09375,0.0952380952380952,0.019047619047619,False,False,False,True,0,0,0,0,0.125,0.4482758620689654,6250000
0.8696571272201936,0.021021021021021,0.0220156649923984,0.0,0.03125,0.0476190476190476,0.0095238095238095,False,False,True,False,0,0,0,0,0.125,0.2068965517241379,2400000
0.8322638228638937,0.042042042042042,0.0729942459057406,0.05,0.09375,0.0952380952380952,0.019047619047619,False,False,True,False,0,0,0,0,0.125,0.1724137931034483,7600000
0.900888357030027,0.0,0.0744183361237803,0.05,0.09375,0.0952380952380952,0.019047619047619,False,False,True,False,0,0,0,0,0.125,0.2413793103448275,10200000
0.8900365788675799,0.0045045045045045,0.0993206704770702,0.05,0.09375,0.0952380952380952,0.019047619047619,False,False,False,True,0,0,0,0,0.125,0.9310344827586208,25500000
0.8828451597775597,0.0495495495495495,0.0173585050901603,0.0,0.03125,0.0476190476190476,0.0095238095238095,False,False,False,True,0,0,0,0,0.125,0.3793103448275862,2550000
0.8435483832513455,0.009009009009009,0.076208071127533,0.05,0.0625,0.0952380952380952,0.0095238095238095,False,False,True,False,0,0,0,0,0.125,0.2413793103448275,10400000
0.8691009162043315,0.036036036036036,0.0734176240786713,0.05,0.125,0.0952380952380952,0.019047619047619,False,False,False,True,0,0,0,0,0.125,0.4482758620689654,9050000
0.8620123451654536,0.039039039039039,0.0249408232781017,0.0,0.03125,0.0476190476190476,0.0095238095238095,False,False,True,False,0,0,0,0,0.125,0.1379310344827586,3140000
0.9047374058524724,0.0645645645645645,0.0589265438869965,0.0,0.15625,0.0476190476190476,0.0285714285714285,False,True,False,False,1,1,1,1,0.25,0.0344827586206896,4500000
0.8731429948664129,0.012012012012012,0.1160056193830225,0.05,0.09375,0.0952380952380952,0.019047619047619,False,False,False,True,0,0,0,0,0.125,0.3793103448275862,19800000
0.902605041472384,0.045045045045045,0.0595616111463926,0.0,0.09375,0.0952380952380952,0.0095238095238095,True,False,False,False,0,0,0,0,0.125,0.1379310344827586,5500000
0.884173380174758,0.0,0.0636414371764524,0.05,0.0625,0.0952380952380952,0.0095238095238095,False,False,True,False,0,0,0,0,0.125,0.3103448275862069,13050000
0.8078314741684096,0.06006006006006,0.0576371649057983,0.0,0.09375,0.0952380952380952,0.019047619047619,False,True,False,False,1,1,1,1,0.25,0.0344827586206896,4000000
0.8005054173520989,0.0,0.0384119469622616,0.05,0.03125,0.0476190476190476,0.0095238095238095,False,False,True,False,0,0,0,0,0.125,0.2413793103448275,3680000
0.8594657294463843,0.045045045045045,0.0323499413043896,0.0,0.0,0.0,0.0,False,False,False,True,0,0,0,0,0.125,0.3793103448275862,4050000
0.8741645049754538,0.0,0.0720320227854434,0.0,0.09375,0.0952380952380952,0.019047619047619,False,True,False,False,1,1,1,1,0.25,0.0344827586206896,9000000
0.8716869374699456,0.021021021021021,0.0223043319284875,0.0,0.03125,0.0476190476190476,0.0095238095238095,False,False,True,False,0,0,0,0,0.125,0.3103448275862069,4600000
0.8982833240657158,0.048048048048048,0.0196485961164674,0.0,0.03125,0.0476190476190476,0.0095238095238095,False,False,True,False,0,0,0,0,0.125,0.2068965517241379,1200000
0.9563233896832912,0.0345345345345345,0.3073725535477166,0.35,0.09375,0.0952380952380952,0.019047619047619,False,False,True,False,0,0,0,0,0.375,0.3103448275862069,22650000
0.9433916556469626,0.0405405405405405,0.0795181186613551,0.0,0.09375,0.0952380952380952,0.019047619047619,False,False,True,False,0,0,0,0,0.125,0.3103448275862069,15500000
0.8575676404750823,0.0435435435435435,0.0764390046764043,0.05,0.09375,0.0952380952380952,0.019047619047619,False,False,True,False,0,0,0,0,0.125,0.1379310344827586,9900000
0.8950957185061839,0.066066066066066,0.0556357408155803,0.0,0.09375,0.0952380952380952,0.019047619047619,True,False,False,False,0,0,0,0,0.125,0.1379310344827586,7600000
0.8063118946157033,0.0015015015015015,0.092315686161307,0.0,0.09375,0.0952380952380952,0.0285714285714285,False,True,False,False,1,1,1,1,0.375,0.0689655172413793,17800000
0.9728029322922112,0.009009009009009,0.0667397956238092,0.05,0.09375,0.0952380952380952,0.019047619047619,False,False,True,False,0,0,0,0,0.125,0.2068965517241379,15500000
0.8719334565666372,0.027027027027027,0.1098473914131208,0.0,0.0,0.0,0.0,False,False,False,True,0,0,0,0,0.125,0.3793103448275862,5300000
0.951754911856483,0.0165165165165165,0.1046128976387044,0.05,0.09375,0.0952380952380952,0.019047619047619,False,False,False,True,0,0,0,0,0.125,0.4137931034482758,24280000
0.7670477154055391,0.0,0.0674325962704231,0.05,0.09375,0.0952380952380952,0.019047619047619,False,False,True,False,0,0,0,0,0.125,0.1379310344827586,8200000
0.8723419471621412,0.0705705705705705,0.057752631680234,0.0,0.09375,0.0952380952380952,0.0095238095238095,True,False,False,False,0,0,0,0,0.125,0.0689655172413793,6000000
0.9130124678496544,0.0375375375375375,0.0724361564959682,0.05,0.09375,0.0952380952380952,0.019047619047619,False,False,False,True,0,0,0,0,0.125,0.3793103448275862,7000000
0.8499160160754684,0.0345345345345345,0.0522102265073225,0.0,0.09375,0.0952380952380952,0.019047619047619,True,False,False,False,0,0,0,0,0.125,0.1034482758620689,3300000
0.8551099529481974,0.0195195195195195,0.1085772568943286,0.0,0.09375,0.0952380952380952,0.019047619047619,False,False,False,True,0,0,0,0,0.125,0.4482758620689654,14000000
0.8413345208290082,0.009009009009009,0.0760348709658795,0.05,0.0625,0.0952380952380952,0.0095238095238095,False,False,False,True,0,0,0,0,0.125,0.4137931034482758,11680000
0.8056295769107464,0.003003003003003,0.0830013663568308,0.05,0.0625,0.0952380952380952,0.0095238095238095,False,False,False,True,0,0,0,0,0.125,0.4827586206896552,10000000
0.9947170147091526,0.0465465465465465,0.0279044704886168,0.0,0.03125,0.0476190476190476,0.0095238095238095,False,False,True,False,0,0,0,0,0.125,0.2068965517241379,3850000
0.9649126767078542,0.018018018018018,0.0933741315936339,0.05,0.09375,0.0952380952380952,0.019047619047619,False,False,False,True,0,0,0,0,0.125,0.4482758620689654,24300000
0.7893422526948086,0.0,0.0568673864095606,0.0,0.0625,0.0952380952380952,0.0095238095238095,False,False,False,True,0,0,0,0,0.125,0.3448275862068965,3200000
0.8835449562617157,0.048048048048048,0.0630833477666801,0.0,0.0,0.0,0.0,False,False,True,False,0,0,0,0,0.125,0.2413793103448275,8800000
0.9471106241592224,0.0375375375375375,0.0262879356465177,0.0,0.0,0.0,0.0,False,False,True,False,0,0,0,0,0.125,0.1379310344827586,3950000
0.8135538615264011,0.027027027027027,0.0631603256163039,0.05,0.09375,0.0952380952380952,0.019047619047619,False,False,True,False,0,0,0,0,0.125,0.1724137931034483,8080000
0.8921457432776947,0.0465465465465465,0.042645728691569,0.0,0.0625,0.0476190476190476,0.0095238095238095,False,False,True,False,0,0,0,0,0.125,0.2068965517241379,6600000
0.8791554919226883,0.0345345345345345,0.0993591594018821,0.0,0.09375,0.0952380952380952,0.019047619047619,False,False,True,False,0,0,0,0,0.125,0.3103448275862069,7600000
0.8534820924107294,0.0,0.069145353424552,0.05,0.09375,0.0952380952380952,0.019047619047619,False,False,True,False,0,0,0,0,0.125,0.1379310344827586,8000000
0.8815339015976349,0.027027027027027,0.086946481150049,0.05,0.09375,0.0952380952380952,0.019047619047619,False,False,False,True,0,0,0,0,0.125,0.3448275862068965,16000000
0.8771643515443373,0.0,0.0439351076727671,0.0,0.0625,0.0952380952380952,0.0095238095238095,True,False,False,False,0,0,0,0,0.125,0.1379310344827586,3000000
0.8970041717999777,0.021021021021021,0.0320997632931124,0.05,0.03125,0.0476190476190476,0.0095238095238095,False,False,True,False,0,0,0,0,0.125,0.2758620689655172,7800000
0.951754911856483,0.015015015015015,0.1120605045898042,0.05,0.09375,0.0952380952380952,0.019047619047619,False,False,False,True,0,0,0,0,0.125,0.4137931034482758,22000000
0.8505655510824681,0.009009009009009,0.0914881742778515,0.05,0.09375,0.0952380952380952,0.019047619047619,False,False,False,True,0,0,0,0,0.125,0.4482758620689654,16300000
0.894360031025144,0.012012012012012,0.1049015645747935,0.05,0.09375,0.0952380952380952,0.019047619047619,False,False,False,True,0,0,0,0,0.125,0.6551724137931035,18300000
0.9495269320083536,0.045045045045045,0.0344475877066374,0.0,0.0625,0.0952380952380952,0.019047619047619,False,False,True,False,0,0,0,0,0.125,0.1379310344827586,4800000
0.8476524601531423,0.0,0.0730904682177703,0.05,0.09375,0.0952380952380952,0.019047619047619,False,False,True,False,0,0,0,0,0.125,0.1379310344827586,13900000
0.8715519698089906,0.0645645645645645,0.0841367896387814,0.0,0.1875,0.1428571428571428,0.0476190476190476,False,True,False,False,1,1,1,1,0.375,0.0689655172413793,8168000
0.81049387085082,0.021021021021021,0.0164925042818928,0.0,0.0,0.0,0.0,False,False,True,False,0,0,0,0,0.125,0.1724137931034483,1180000
0.8603199461933002,0.021021021021021,0.0815387872139791,0.05,0.09375,0.0952380952380952,0.019047619047619,False,False,False,True,0,0,0,0,0.125,0.4137931034482758,15150000
0.9019639097998606,0.036036036036036,0.0940476877778419,0.05,0.09375,0.0952380952380952,0.019047619047619,True,False,False,False,0,0,0,0,0.125,0.1379310344827586,3550000
0.8509061191024614,0.033033033033033,0.1629621076535227,0.1,0.125,0.0952380952380952,0.0285714285714285,False,True,False,False,1,1,1,1,0.375,0.0689655172413793,23800000
0.8823794877922921,0.0,0.0392971922329349,0.0,0.09375,0.0952380952380952,0.019047619047619,False,True,False,False,1,1,1,1,0.25,0.0344827586206896,6600000
0.8469353701152329,0.0,0.1390219964205299,0.0,0.125,0.0952380952380952,0.0285714285714285,False,True,False,False,1,1,1,1,0.5,0.1034482758620689,22800000
0.7995940012336007,0.06006006006006,0.0356214999133999,0.0,0.0625,0.0952380952380952,0.019047619047619,False,True,False,False,1,1,1,1,0.25,0.0344827586206896,5700000
0.930780137631274,0.0405405405405405,0.0424340396051036,0.0,0.03125,0.0952380952380952,0.0095238095238095,False,False,False,True,0,0,0,0,0.125,0.6206896551724138,9200000
0.902412048470751,0.0645645645645645,0.0372187902930931,0.0,0.21875,0.0476190476190476,0.0476190476190476,False,True,False,False,1,1,1,1,0.125,0.0,7800000
0.8975913161053484,0.063063063063063,0.039932259492331,0.0,0.09375,0.0476190476190476,0.0095238095238095,True,False,False,False,0,0,0,0,0.125,0.1034482758620689,4700000
0.9330644729093364,0.0345345345345345,0.0819429209245039,0.0,0.09375,0.0952380952380952,0.019047619047619,False,False,False,True,0,0,0,0,0.125,0.3793103448275862,14580000
0.8765594470310987,0.0405405405405405,0.0954525335334757,0.05,0.09375,0.0952380952380952,0.019047619047619,False,False,False,True,0,0,0,0,0.125,0.3793103448275862,11700000
0.8823323884377601,0.0,0.0837519003906625,0.05,0.0,0.0,0.0,False,False,True,False,0,0,0,0,0.125,0.1724137931034483,15490000
0.8770092261530067,0.0,0.0437811519735196,0.0,0.09375,0.0952380952380952,0.019047619047619,False,True,False,False,1,1,1,1,0.25,0.0344827586206896,10000000
0.8845465435832125,0.045045045045045,0.0884667936801185,0.05,0.125,0.0952380952380952,0.019047619047619,True,False,False,False,0,0,0,0,0.125,0.1379310344827586,8150000
0.952755390371351,0.006006006006006,0.0978773357966245,0.05,0.0,0.0,0.0,False,False,False,True,0,0,0,0,0.125,0.4827586206896552,24700000
0.8527479304569567,0.027027027027027,0.0947404884244558,0.05,0.09375,0.0952380952380952,0.019047619047619,False,False,True,False,0,0,0,0,0.125,0.2413793103448275,11500000
0.81049387085082,0.0225225225225225,0.0157997036352789,0.0,0.03125,0.0476190476190476,0.0095238095238095,False,False,True,False,0,0,0,0,0.125,0.1724137931034483,1320000
0.8848589625159207,0.039039039039039,0.0309258510863499,0.0,0.03125,0.0476190476190476,0.0095238095238095,False,False,False,True,0,0,0,0,0.125,0.3793103448275862,4600000
0.8760831244879626,0.021021021021021,0.0185901506841406,0.0,0.03125,0.0476190476190476,0.0095238095238095,False,False,False,True,0,0,0,0,0.125,0.3448275862068965,3100000
0.8752125417884713,0.0465465465465465,0.0200527298269922,0.0,0.03125,0.0476190476190476,0.0095238095238095,False,False,True,False,0,0,0,0,0.125,0.1379310344827586,4200000
0.8551099529481974,0.0195195195195195,0.1060754767815561,0.05,0.09375,0.0952380952380952,0.019047619047619,False,False,False,True,0,0,0,0,0.125,0.3448275862068965,12000000
0.9003253073150574,0.0105105105105105,0.02684602505629,0.0,0.03125,0.0476190476190476,0.0095238095238095,False,False,False,True,0,0,0,0,0.125,0.3793103448275862,5360000
0.951754911856483,0.0165165165165165,0.1113677039431903,0.05,0.09375,0.0952380952380952,0.019047619047619,False,False,False,True,0,0,0,0,0.125,0.4482758620689654,24000000
0.8719334565666372,0.027027027027027,0.0861959471162173,0.0,0.03125,0.0476190476190476,0.0095238095238095,False,False,False,True,0,0,0,0,0.125,0.3793103448275862,2680000
0.9960360570863144,0.033033033033033,0.0208417527856359,0.0,0.03125,0.0476190476190476,0.0095238095238095,True,False,False,False,0,0,0,0,0.125,0.1034482758620689,4800000
0.8499160160754684,0.0345345345345345,0.0185131728345168,0.0,0.03125,0.0476190476190476,0.0095238095238095,False,False,True,False,0,0,0,0,0.125,0.3103448275862069,750000
0.8499160160754684,0.0345345345345345,0.0183207282104574,0.0,0.0,0.0,0.0,True,False,False,False,0,0,0,0,0.125,0.1034482758620689,900000
0.8811758512643166,0.0375375375375375,0.0865423474395242,0.05,0.09375,0.0952380952380952,0.019047619047619,False,False,True,False,0,0,0,0,0.125,0.2068965517241379,11220000
0.9019639097998606,0.036036036036036,0.0717818447741662,0.05,0.09375,0.0952380952380952,0.0095238095238095,False,False,True,False,0,0,0,0,0.125,0.3103448275862069,8100000
0.9724249110852554,0.054054054054054,0.0580412986163231,0.0,0.09375,0.0952380952380952,0.019047619047619,True,False,False,False,0,0,0,0,0.125,0.1379310344827586,11100000
0.9006880709930272,0.06006006006006,0.0673171294959875,0.0,0.125,0.0952380952380952,0.019047619047619,True,False,False,False,0,0,0,0,0.125,0.1379310344827586,6800000
0.8109424089549861,0.0225225225225225,0.0968958682139214,0.0,0.125,0.0952380952380952,0.0285714285714285,False,True,False,False,1,1,1,1,0.5,0.1034482758620689,9700000
0.8697034092976708,0.0,0.0135481015337836,0.0,0.0625,0.0952380952380952,0.019047619047619,False,True,False,False,1,1,1,1,0.25,0.0344827586206896,4500000
0.8827779501289115,0.0345345345345345,0.090314262071089,0.05,0.09375,0.0952380952380952,0.019047619047619,False,False,False,True,0,0,0,0,0.125,0.6896551724137931,12500000
0.7937747817665581,0.0,0.0548467178569366,0.05,0.09375,0.0952380952380952,0.019047619047619,False,False,True,False,0,0,0,0,0.125,0.1379310344827586,6800000
0.8688120843064837,0.0525525525525525,0.0949329330485152,0.0,0.09375,0.0952380952380952,0.019047619047619,False,True,False,False,1,1,1,1,0.25,0.0344827586206896,9500000
0.8969346000183975,0.051051051051051,0.1197775340145873,0.0,0.1875,0.1904761904761904,0.0380952380952381,False,True,False,False,1,1,1,1,0.25,0.0344827586206896,17000000
0.8752763281196678,0.045045045045045,0.0242095337066759,0.0,0.0,0.0,0.0,False,False,False,True,0,0,0,0,0.125,0.3793103448275862,3000000
0.8663372842086119,0.0255255255255255,0.0836941670034447,0.05,0.09375,0.0476190476190476,0.019047619047619,False,False,False,True,0,0,0,0,0.125,0.4482758620689654,14000000
0.9222843682624102,0.0375375375375375,0.0850220349094548,0.05,0.09375,0.0476190476190476,0.019047619047619,False,False,True,False,0,0,0,0,0.125,0.2068965517241379,8500000
0.8758823614269033,0.0435435435435435,0.0502857802667282,0.0,0.0,0.0,0.0,False,False,True,False,0,0,0,0,0.125,0.1379310344827586,5300000
0.8982846708223065,0.0465465465465465,0.2114966418413101,0.05,0.09375,0.0952380952380952,0.019047619047619,False,False,False,True,0,0,0,0,0.125,0.3793103448275862,14000000
0.9130124678496544,0.036036036036036,0.0117006331428131,0.0,0.09375,0.0952380952380952,0.019047619047619,False,False,False,True,0,0,0,0,0.125,0.3793103448275862,1500000
0.8542853160062407,0.0,0.0504012470411639,0.0,0.125,0.1428571428571428,0.019047619047619,False,True,False,False,1,1,1,1,0.25,0.0344827586206896,8800000
0.8825747203157164,0.0375375375375375,0.0997632931124069,0.05,0.09375,0.0952380952380952,0.019047619047619,False,False,False,True,0,0,0,0,0.125,0.4137931034482758,16100000
0.9130124678496544,0.0375375375375375,0.0786713623154937,0.05,0.09375,0.0952380952380952,0.019047619047619,False,False,False,True,0,0,0,0,0.125,0.3793103448275862,12600000
0.8605471628460464,0.0195195195195195,0.0249793122029136,0.0,0.0625,0.0476190476190476,0.0095238095238095,False,False,True,False,0,0,0,0,0.125,0.3103448275862069,5200000
0.9480546288608308,0.045045045045045,0.0182437503608336,0.0,0.03125,0.0476190476190476,0.0095238095238095,False,False,False,True,0,0,0,0,0.125,0.3793103448275862,3030000
0.9891863705724404,0.0,0.0445894193945692,0.0,0.0,0.0,0.0,True,False,False,False,0,0,0,0,0.125,0.1379310344827586,6400000
0.9427117740902132,0.0,0.0529992494659661,0.0,0.1875,0.238095238095238,0.0285714285714285,False,True,False,False,1,1,1,1,0.25,0.0344827586206896,10700000
0.8228734694127127,0.012012012012012,0.1998537420857148,0.0,0.15625,0.0952380952380952,0.0571428571428571,False,True,False,False,1,1,1,1,0.25,0.0344827586206896,17650000
0.8675281128781762,0.024024024024024,0.1227989146123203,0.0,0.0,0.0,0.0,False,True,False,False,1,1,1,1,0.5,0.1034482758620689,16000000
0.8819708447334449,0.0,0.060774012277967,0.0,0.0625,0.0952380952380952,0.0095238095238095,False,True,False,False,1,1,1,1,0.25,0.0344827586206896,10500000
0.8946374870645855,0.0555555555555555,0.0149337028270115,0.0,0.09375,0.0476190476190476,0.0095238095238095,True,False,False,False,0,0,0,0,0.125,0.1379310344827586,2440000
0.9587207033422088,0.036036036036036,0.039624348093836,0.05,0.09375,0.0476190476190476,0.019047619047619,False,False,True,False,0,0,0,0,0.125,0.3103448275862069,8400000
0.9802199255853736,0.0195195195195195,0.0334276311991224,0.0,0.03125,0.0476190476190476,0.0095238095238095,False,False,False,True,0,0,0,0,0.125,0.3793103448275862,7800000
0.8084738213467801,0.0195195195195195,0.085272212920732,0.1,0.125,0.0952380952380952,0.019047619047619,False,False,True,False,0,0,0,0,0.125,0.1724137931034483,7300000
0.8516350388438241,0.06006006006006,0.0441467967592325,0.0,0.125,0.0952380952380952,0.019047619047619,True,False,False,False,0,0,0,0,0.125,0.1379310344827586,9800000
0.9055154726211754,0.0045045045045045,0.0505552027404114,0.0,0.0625,0.0952380952380952,0.0095238095238095,False,False,False,True,0,0,0,0,0.125,0.3448275862068965,11500000
0.8696667082742238,0.066066066066066,0.0511710255374016,0.0,0.09375,0.0952380952380952,0.0095238095238095,True,False,False,False,0,0,0,0,0.125,0.1034482758620689,5600000
0.9251920167552612,0.0315315315315315,0.1697746473452264,0.1,0.09375,0.0952380952380952,0.019047619047619,False,False,False,True,0,0,0,0,0.125,0.5517241379310345,18000000
0.8185420188599153,0.0135135135135135,0.0694340203606412,0.05,0.09375,0.0952380952380952,0.019047619047619,False,False,True,False,0,0,0,0,0.125,0.1379310344827586,10000000
0.8511931784666444,0.042042042042042,0.0753035813944537,0.0,0.125,0.0952380952380952,0.019047619047619,False,True,False,False,1,1,1,1,0.5,0.1034482758620689,9000000
0.9149831549208614,0.063063063063063,0.0838288782402863,0.0,0.1875,0.0952380952380952,0.0285714285714285,False,True,False,False,1,1,1,1,0.25,0.0344827586206896,3100000
0.9669692219152068,0.0195195195195195,0.0753420703192656,0.0,0.0,0.0,0.0,False,False,True,False,0,0,0,0,0.125,0.1379310344827586,13500000
0.8820416839931227,0.0345345345345345,0.113484594807844,0.05,0.125,0.0952380952380952,0.019047619047619,False,False,False,True,0,0,0,0,0.125,0.7241379310344828,16700000
0.9122778055283618,0.036036036036036,0.0807882531801474,0.05,0.09375,0.0952380952380952,0.019047619047619,False,False,False,True,0,0,0,0,0.125,0.3793103448275862,11300000
0.9166940437328606,0.012012012012012,0.09533706675904,0.05,0.125,0.0952380952380952,0.019047619047619,False,False,False,True,0,0,0,0,0.125,0.4827586206896552,12500000
0.9698010057595924,0.0405405405405405,0.0467832881088466,0.0,0.0625,0.0952380952380952,0.0095238095238095,False,False,False,True,0,0,0,0,0.125,0.4137931034482758,9600000
0.8771293977986545,0.003003003003003,0.0885245270673363,0.05,0.09375,0.0952380952380952,0.019047619047619,False,False,True,False,0,0,0,0,0.125,0.2758620689655172,15200000
0.8984150162979461,0.0645645645645645,0.0676827742817004,0.0,0.125,0.0952380952380952,0.019047619047619,False,True,False,False,1,1,1,1,0.25,0.0344827586206896,13050000
0.8998381863700331,0.075075075075075,0.0619094355599176,0.0,0.09375,0.0952380952380952,0.019047619047619,False,True,False,False,1,1,1,1,0.25,0.0344827586206896,21500000
0.9698010057595924,0.0405405405405405,0.0674325962704231,0.0,0.125,0.0952380952380952,0.019047619047619,False,False,False,True,0,0,0,0,0.125,0.4137931034482758,13660000
0.866784746479226,0.012012012012012,0.0473606219810249,0.05,0.09375,0.0952380952380952,0.019047619047619,False,False,True,False,0,0,0,0,0.125,0.2758620689655172,8800000
0.7893422526948086,0.0,0.0535765833381444,0.0,0.0625,0.0952380952380952,0.019047619047619,False,False,False,True,0,0,0,0,0.125,0.3448275862068965,2500000
0.9008132519171568,0.045045045045045,0.0905644400823663,0.0,0.09375,0.0952380952380952,0.019047619047619,False,False,True,False,0,0,0,0,0.125,0.2068965517241379,10300000
0.8996992225572171,0.045045045045045,0.1058252987702788,0.05,0.125,0.0952380952380952,0.019047619047619,False,False,False,True,0,0,0,0,0.125,0.4827586206896552,11600000
0.8728709088445044,0.021021021021021,0.0253834459134384,0.0,0.0625,0.0476190476190476,0.0095238095238095,False,False,True,False,0,0,0,0,0.125,0.3103448275862069,5580000
0.8024686692403975,0.0,0.0544618286088178,0.0,0.09375,0.0952380952380952,0.019047619047619,True,False,False,False,0,0,0,0,0.125,0.1379310344827586,4100000
0.8910775641273858,0.045045045045045,0.0201104632142101,0.0,0.03125,0.0476190476190476,0.0095238095238095,False,False,True,False,0,0,0,0,0.125,0.2758620689655172,3050000
0.8763090691365107,0.0,0.0585801435636895,0.0,0.125,0.0952380952380952,0.0285714285714285,False,True,False,False,1,1,1,1,0.25,0.0344827586206896,12000000
0.8075307442336737,0.042042042042042,0.0552893404922733,0.0,0.09375,0.0952380952380952,0.019047619047619,False,False,False,True,0,0,0,0,0.125,0.3793103448275862,4000000
0.8700123603686905,0.0,0.0655273944922348,0.0,0.1875,0.0952380952380952,0.019047619047619,False,True,False,False,1,1,1,1,0.25,0.0344827586206896,11500000
0.8189159718241683,0.015015015015015,0.043646440736678,0.0,0.125,0.0952380952380952,0.019047619047619,False,True,False,False,1,1,1,1,0.5,0.1034482758620689,2900000
0.8088326833934047,0.0,0.0549429401689663,0.05,0.0625,0.0476190476190476,0.0095238095238095,False,False,True,False,0,0,0,0,0.125,0.3103448275862069,5500000
0.9019639097998606,0.0375375375375375,0.089640705886881,0.05,0.125,0.0952380952380952,0.019047619047619,False,False,True,False,0,0,0,0,0.125,0.3103448275862069,8500000
0.8551099529481974,0.018018018018018,0.1085772568943286,0.05,0.09375,0.0952380952380952,0.019047619047619,False,False,False,True,0,0,0,0,0.125,0.3448275862068965,15880000
0.9538496702936924,0.0405405405405405,0.0620249023343532,0.0,0.09375,0.0952380952380952,0.019047619047619,False,False,False,True,0,0,0,0,0.125,0.4137931034482758,8500000
0.9007919425855276,0.048048048048048,0.1157939302965571,0.0,0.15625,0.1428571428571428,0.019047619047619,False,True,False,False,1,1,1,1,0.25,0.0344827586206896,17100000
0.909575699195841,0.039039039039039,0.0708965995034928,0.05,0.09375,0.0952380952380952,0.019047619047619,False,False,True,False,0,0,0,0,0.125,0.2413793103448275,11000000
0.984656218561156,0.0375375375375375,0.0878702153455343,0.05,0.09375,0.0952380952380952,0.019047619047619,False,False,False,True,0,0,0,0,0.125,0.5172413793103449,13800000
0.8193518066203751,0.0,0.0833092777553259,0.0,0.09375,0.0952380952380952,0.019047619047619,False,True,False,False,1,1,1,1,0.25,0.0344827586206896,4320000
0.8603164222344333,0.042042042042042,0.0556357408155803,0.0,0.09375,0.0952380952380952,0.019047619047619,False,False,True,False,0,0,0,0,0.125,0.2413793103448275,7000000
0.8847750605097815,0.048048048048048,0.0757846929546023,0.05,0.09375,0.0952380952380952,0.019047619047619,False,False,True,False,0,0,0,0,0.125,0.1724137931034483,10300000
0.8140061260848199,0.0225225225225225,0.1064026326424571,0.0,0.09375,0.1428571428571428,0.0380952380952381,False,True,False,False,1,1,1,1,0.5,0.1034482758620689,12100000
0.9698010057595924,0.039039039039039,0.0571560533456497,0.0,0.09375,0.0952380952380952,0.019047619047619,False,False,False,True,0,0,0,0,0.125,0.4137931034482758,10660000
0.817458833697998,0.003003003003003,0.0747070030598695,0.05,0.0625,0.0952380952380952,0.0095238095238095,False,False,True,False,0,0,0,0,0.125,0.2413793103448275,9600000
0.963194687004659,0.0135135135135135,0.061081923676462,0.05,0.03125,0.0952380952380952,0.0095238095238095,False,False,False,True,0,0,0,0,0.125,0.4482758620689654,15350000
0.9130124678496544,0.0375375375375375,0.037603679541212,0.0,0.0625,0.0476190476190476,0.0095238095238095,False,False,False,True,0,0,0,0,0.125,0.3793103448275862,7500000
0.912860395448547,0.06006006006006,0.0545195619960356,0.0,0.09375,0.0952380952380952,0.019047619047619,True,False,False,False,0,0,0,0,0.125,0.1379310344827586,6000000
0.863758515045987,0.0,0.0825202547966822,0.0,0.09375,0.0952380952380952,0.019047619047619,False,False,True,False,0,0,0,0,0.125,0.1379310344827586,9000000
0.8851130529922102,0.0,0.0871966591613263,0.05,0.09375,0.0952380952380952,0.019047619047619,False,False,False,True,0,0,0,0,0.125,0.3448275862068965,14580000
0.8767792098235816,0.0225225225225225,0.0994746261763177,0.05,0.09375,0.0952380952380952,0.019047619047619,False,False,False,True,0,0,0,0,0.125,0.3793103448275862,16300000
0.8718602789630552,0.0285285285285285,0.1564189904355021,0.0,0.125,0.1428571428571428,0.0380952380952381,False,True,False,False,1,1,1,1,0.625,0.1379310344827586,21000000
0.884173380174758,0.0,0.1094817466274079,0.1,0.09375,0.0952380952380952,0.019047619047619,False,False,True,False,0,0,0,0,0.125,0.3103448275862069,19700000
0.8711246592175144,0.042042042042042,0.0866963031387718,0.05,0.09375,0.0952380952380952,0.019047619047619,False,False,True,False,0,0,0,0,0.125,0.2413793103448275,9200000
0.8517660012283557,0.0225225225225225,0.1256278505859938,0.0,0.0,0.0,0.0,False,True,False,False,1,1,1,1,0.5,0.1034482758620689,7800000
0.8928271014154632,0.0,0.0702230433192848,0.0,0.09375,0.0952380952380952,0.019047619047619,False,False,True,False,0,0,0,0,0.125,0.2068965517241379,12000000
0.8741590244701172,0.045045045045045,0.0277890037141812,0.0,0.0625,0.0952380952380952,0.019047619047619,True,False,False,False,0,0,0,0,0.125,0.1379310344827586,3580000
0.8711155125741641,0.009009009009009,0.0661624617516309,0.0,0.0,0.0,0.0,False,False,False,True,0,0,0,0,0.125,0.3448275862068965,9350000
0.8551099529481974,0.0195195195195195,0.1068644997401997,0.05,0.09375,0.0952380952380952,0.019047619047619,False,False,False,True,0,0,0,0,0.125,0.3793103448275862,15200000
0.8603199461933002,0.021021021021021,0.0632757923907395,0.05,0.0625,0.0952380952380952,0.0095238095238095,False,False,False,True,0,0,0,0,0.125,0.4137931034482758,9550000
0.8616909215322437,0.039039039039039,0.0578103650674518,0.0,0.09375,0.0952380952380952,0.019047619047619,False,False,True,False,0,0,0,0,0.125,0.2068965517241379,8800000
0.822543092805688,0.039039039039039,0.0713007332140176,0.0,0.09375,0.0952380952380952,0.019047619047619,False,False,True,False,0,0,0,0,0.125,0.2068965517241379,7000000
0.8674133897499416,0.0,0.0485730231125993,0.0,0.125,0.0952380952380952,0.0380952380952381,False,True,False,False,1,1,1,1,0.25,0.0344827586206896,22000000
0.8491800741282418,0.0345345345345345,0.0255758905374978,0.0,0.0625,0.0476190476190476,0.0095238095238095,False,True,False,False,1,1,1,1,0.25,0.0344827586206896,3200000
0.8673734607421579,0.0,0.0594461443719569,0.0,0.09375,0.0952380952380952,0.019047619047619,True,False,False,False,0,0,0,0,0.125,0.1379310344827586,7000000
0.7645812924161248,0.0,0.065469661105017,0.05,0.09375,0.0952380952380952,0.019047619047619,False,False,True,False,0,0,0,0,0.125,0.1379310344827586,6556250
0.910424331280467,0.039039039039039,0.0698958874583838,0.05,0.09375,0.0952380952380952,0.019047619047619,False,False,False,True,0,0,0,0,0.125,0.4137931034482758,9700000
0.9698010057595924,0.0405405405405405,0.0502280468795104,0.05,0.0625,0.0952380952380952,0.0095238095238095,False,False,False,True,0,0,0,0,0.125,0.4137931034482758,9800000
0.8432093358957218,0.0,0.0658737948155418,0.05,0.09375,0.0476190476190476,0.019047619047619,False,False,True,False,0,0,0,0,0.125,0.1379310344827586,8890000
0.8159726423340032,0.0195195195195195,0.0766699382252756,0.05,0.09375,0.0952380952380952,0.019047619047619,False,False,False,True,0,0,0,0,0.125,0.4482758620689654,8800000
0.8831576046630119,0.027027027027027,0.0937397763793468,0.0,0.09375,0.0952380952380952,0.019047619047619,False,False,False,True,0,0,0,0,0.125,0.4137931034482758,13500000
0.8352737420327401,0.066066066066066,0.0924119084733368,0.0,0.25,0.0952380952380952,0.0380952380952381,False,True,False,False,1,1,1,1,0.25,0.0344827586206896,21500000
0.8042046361978521,0.0345345345345345,0.0774012277967015,0.0,0.09375,0.0952380952380952,0.0380952380952381,False,False,True,False,0,0,0,0,0.125,0.2068965517241379,7300000
0.8263426375710026,0.0435435435435435,0.0415103054096183,0.0,0.0625,0.0952380952380952,0.0095238095238095,False,False,True,False,0,0,0,0,0.125,0.1724137931034483,4300000
0.8534820924107294,0.0,0.0696072205222947,0.05,0.09375,0.0952380952380952,0.019047619047619,False,False,True,False,0,0,0,0,0.125,0.1379310344827586,8200000
0.806164314314259,0.042042042042042,0.1509920520370263,0.0,0.09375,0.0952380952380952,0.0285714285714285,False,True,False,False,1,1,1,1,0.5,0.1034482758620689,11000000
0.8521107159320707,0.021021021021021,0.0604853453418778,0.05,0.03125,0.0476190476190476,0.0095238095238095,False,False,False,True,0,0,0,0,0.125,0.4827586206896552,8250000
0.9042504507604008,0.0225225225225225,0.0192252179435367,0.0,0.03125,0.0476190476190476,0.0095238095238095,False,False,True,False,0,0,0,0,0.125,0.2413793103448275,4500000
0.9162428764699088,0.024024024024024,0.0917383522891288,0.05,0.0625,0.0952380952380952,0.019047619047619,False,False,False,True,0,0,0,0,0.125,0.4482758620689654,18000000
0.8499160160754684,0.0375375375375375,0.0182822392856455,0.0,0.03125,0.0476190476190476,0.0095238095238095,True,False,False,False,0,0,0,0,0.125,0.1034482758620689,950000
0.8753389688127982,0.063063063063063,0.0461097319246386,0.0,0.09375,0.0952380952380952,0.0095238095238095,True,False,False,False,0,0,0,0,0.125,0.1034482758620689,4070000
0.8902072324159462,0.06006006006006,0.0697419317591363,0.0,0.09375,0.0952380952380952,0.019047619047619,False,False,True,False,0,0,0,0,0.125,0.3103448275862069,12150000
0.7816085302872864,0.039039039039039,0.0561360968381348,0.0,0.09375,0.1428571428571428,0.0285714285714285,False,False,True,False,0,0,0,0,0.125,0.1379310344827586,4500000
0.963194687004659,0.012012012012012,0.060774012277967,0.05,0.03125,0.0952380952380952,0.0095238095238095,False,False,False,True,0,0,0,0,0.125,0.4482758620689654,14080000
0.9043127960674724,0.0,0.0717048669245424,0.05,0.09375,0.0952380952380952,0.019047619047619,False,False,True,False,0,0,0,0,0.125,0.1724137931034483,13880000
0.8137819579295069,0.0015015015015015,0.0883320824432769,0.05,0.09375,0.0952380952380952,0.019047619047619,False,False,False,True,0,0,0,0,0.125,0.4827586206896552,12000000
0.9243424281085026,0.0435435435435435,0.0810961645786425,0.05,0.09375,0.0952380952380952,0.019047619047619,False,False,False,True,0,0,0,0,0.125,0.7586206896551725,8700000
0.9832404116156964,0.036036036036036,0.0648730827704328,0.05,0.09375,0.0952380952380952,0.019047619047619,False,False,False,True,0,0,0,0,0.125,0.5862068965517242,8450000
0.8594657294463843,0.0435435435435435,0.0261532244096761,0.0,0.0,0.0,0.0,False,False,False,True,0,0,0,0,0.125,0.3793103448275862,3300000
0.8524890670175864,0.0165165165165165,0.0680099301426014,0.05,0.0625,0.0952380952380952,0.0095238095238095,False,False,False,True,0,0,0,0,0.125,0.4827586206896552,10430000
0.8777790617409948,0.06006006006006,0.0824047880222466,0.0,0.125,0.0952380952380952,0.019047619047619,True,False,False,False,0,0,0,0,0.125,0.1379310344827586,4600000
0.8599622703476939,0.069069069069069,0.0708965995034928,0.0,0.1875,0.0952380952380952,0.0285714285714285,False,True,False,False,1,1,1,1,0.25,0.0344827586206896,17500000
0.8674587664033879,0.066066066066066,0.0628716586802147,0.0,0.125,0.0476190476190476,0.0095238095238095,False,True,False,False,1,1,1,1,0.25,0.0344827586206896,6380000
0.829849377072776,0.009009009009009,0.1301887881762023,0.0,0.09375,0.0952380952380952,0.0380952380952381,False,True,False,False,1,1,1,1,0.5,0.1034482758620689,19300000
0.8618311547411395,0.0405405405405405,0.0654889055674229,0.0,0.09375,0.0952380952380952,0.019047619047619,False,False,True,False,0,0,0,0,0.125,0.2068965517241379,9380000
0.8820416839931227,0.036036036036036,0.073533090853107,0.0,0.09375,0.0952380952380952,0.019047619047619,False,False,False,True,0,0,0,0,0.125,0.7241379310344828,11400000
0.8752125417884713,0.0465465465465465,0.0200527298269922,0.0,0.03125,0.0476190476190476,0.0095238095238095,False,False,True,False,0,0,0,0,0.125,0.1379310344827586,4200000
0.938048857791074,0.0,0.0441852856840444,0.0,0.09375,0.0952380952380952,0.019047619047619,True,False,False,False,0,0,0,0,0.125,0.1379310344827586,9000000
0.8120205825065625,0.009009009009009,0.0852529684583261,0.05,0.09375,0.0952380952380952,0.019047619047619,False,False,False,True,0,0,0,0,0.125,0.4482758620689654,10600000
0.8810405855312524,0.024024024024024,0.1380790177626387,0.1,0.1875,0.0952380952380952,0.019047619047619,False,False,True,False,0,0,0,0,0.125,0.2413793103448275,17300000
0.8828451597775597,0.048048048048048,0.0133364124473182,0.0,0.03125,0.0476190476190476,0.0095238095238095,False,False,False,True,0,0,0,0,0.125,0.3793103448275862,1630000
0.8197844660877251,0.0135135135135135,0.0176856609510613,0.0,0.03125,0.0476190476190476,0.0095238095238095,False,False,True,False,0,0,0,0,0.125,0.1379310344827586,2600000
0.8499160160754684,0.0345345345345345,0.0183207282104574,0.0,0.03125,0.0476190476190476,0.0095238095238095,True,False,False,False,0,0,0,0,0.125,0.1034482758620689,840000
0.8398624916481481,0.012012012012012,0.0941246656274656,0.05,0.09375,0.0952380952380952,0.019047619047619,False,False,False,True,0,0,0,0,0.125,0.4827586206896552,15450000
0.8435483832513455,0.0075075075075075,0.1026692069357042,0.05,0.09375,0.0952380952380952,0.019047619047619,False,False,True,False,0,0,0,0,0.125,0.2413793103448275,12830000
0.8735434592109925,0.0,0.094682755037238,0.05,0.09375,0.0952380952380952,0.019047619047619,False,False,False,True,0,0,0,0,0.125,0.3793103448275862,20500000
0.8889639604986144,0.075075075075075,0.0397783037930835,0.0,0.15625,0.0476190476190476,0.0476190476190476,False,True,False,False,1,1,1,1,0.25,0.0344827586206896,11330333
0.8841504048632771,0.045045045045045,0.0610626792140561,0.0,0.09375,0.0952380952380952,0.019047619047619,False,False,True,False,0,0,0,0,0.125,0.1379310344827586,7800000
0.7987838304224795,0.0435435435435435,0.0641802821238188,0.0,0.09375,0.0952380952380952,0.019047619047619,False,False,True,False,0,0,0,0,0.125,0.2068965517241379,6350000
0.8525633298148136,0.0405405405405405,0.0283278486615476,0.0,0.03125,0.0476190476190476,0.0095238095238095,False,False,False,True,0,0,0,0,0.125,0.3448275862068965,3100000
0.8025583276644852,0.0135135135135135,0.0634874814772049,0.05,0.09375,0.0952380952380952,0.019047619047619,False,False,True,False,0,0,0,0,0.125,0.2758620689655172,7800000
0.8728709088445044,0.021021021021021,0.0253834459134384,0.0,0.0625,0.0952380952380952,0.0095238095238095,False,False,True,False,0,0,0,0,0.125,0.3103448275862069,5600000
0.8947870129922535,0.0405405405405405,0.0618901910975116,0.0,0.09375,0.0952380952380952,0.019047619047619,False,False,True,False,0,0,0,0,0.125,0.2413793103448275,8880000
0.7968592069330214,0.0405405405405405,0.0696457094471065,0.05,0.09375,0.0952380952380952,0.019047619047619,False,False,True,False,0,0,0,0,0.125,0.2068965517241379,8400000
0.9913005806328954,0.039039039039039,0.0576948982930161,0.0,0.09375,0.0952380952380952,0.019047619047619,False,False,True,False,0,0,0,0,0.125,0.1724137931034483,8400000
0.8711246592175144,0.0435435435435435,0.0866963031387718,0.05,0.09375,0.0952380952380952,0.019047619047619,False,False,True,False,0,0,0,0,0.125,0.2413793103448275,15000000
0.8729355338805647,0.036036036036036,0.0717626003117602,0.05,0.09375,0.0952380952380952,0.019047619047619,False,False,False,True,0,0,0,0,0.125,0.5517241379310345,10000000
0.8504448778540166,0.0375375375375375,0.0341396763081423,0.0,0.03125,0.0476190476190476,0.0095238095238095,True,False,False,False,0,0,0,0,0.125,0.1379310344827586,760000
0.8549603567988981,0.0345345345345345,0.089967861747782,0.05,0.09375,0.0952380952380952,0.0095238095238095,False,False,True,False,0,0,0,0,0.125,0.2758620689655172,10200000
0.7760254951158743,0.0,0.0795950965109789,0.0,0.09375,0.1428571428571428,0.0285714285714285,False,True,False,False,1,1,1,1,0.25,0.0344827586206896,10000000
0.9794272192770564,0.006006006006006,0.0548467178569366,0.0,0.0625,0.0952380952380952,0.0095238095238095,False,False,True,False,0,0,0,0,0.125,0.1724137931034483,15900000
0.81049387085082,0.0225225225225225,0.0164925042818928,0.0,0.03125,0.0476190476190476,0.0095238095238095,False,False,True,False,0,0,0,0,0.125,0.1724137931034483,1510000
0.8110457233369175,0.0195195195195195,0.2376883551757981,0.0,0.09375,0.0952380952380952,0.019047619047619,False,True,False,False,1,1,1,1,0.375,0.0689655172413793,24000000
0.8702543945537116,0.0105105105105105,0.0917383522891288,0.05,0.09375,0.0952380952380952,0.019047619047619,False,False,True,False,0,0,0,0,0.125,0.3103448275862069,17000000
0.8909372381886556,0.0,0.059754055770452,0.05,0.0625,0.0476190476190476,0.0095238095238095,False,False,True,False,0,0,0,0,0.125,0.2068965517241379,6000000
0.9000627958236294,0.0,0.08125012027789,0.0,0.0,0.0,0.0,False,True,False,False,1,1,1,1,0.25,0.0344827586206896,20500000
0.9832404116156964,0.0375375375375375,0.0563477859246002,0.05,0.125,0.0952380952380952,0.019047619047619,False,False,False,True,0,0,0,0,0.125,0.5862068965517242,10700000
0.9025941607130504,0.0375375375375375,0.0677405076689182,0.0,0.09375,0.0952380952380952,0.019047619047619,False,False,True,False,0,0,0,0,0.125,0.2068965517241379,12880000
0.886332142607273,0.0,0.0676635298192945,0.05,0.09375,0.0952380952380952,0.019047619047619,False,False,True,False,0,0,0,0,0.125,0.1379310344827586,16000000
0.8708568342880767,0.0435435435435435,0.097684891172565,0.0,0.09375,0.0952380952380952,0.019047619047619,False,False,False,True,0,0,0,0,0.125,0.4482758620689654,9700000
0.8970041717999777,0.0195195195195195,0.0379500798645189,0.05,0.03125,0.0476190476190476,0.0095238095238095,False,False,True,False,0,0,0,0,0.125,0.2758620689655172,6000000
0.9442600818844368,0.045045045045045,0.1232415372476569,0.0,0.0,0.0,0.0,False,False,True,False,0,0,0,0,0.125,0.2068965517241379,12000000
0.9054588938280972,0.006006006006006,0.0834824779169794,0.0,0.09375,0.0952380952380952,0.019047619047619,False,False,False,True,0,0,0,0,0.25,0.4482758620689654,21500000
0.7706287643853784,0.06006006006006,0.0733598906914535,0.0,0.09375,0.0952380952380952,0.019047619047619,False,True,False,False,1,1,1,1,0.25,0.0344827586206896,5600000
0.8454307294411763,0.012012012012012,0.0939899543906241,0.05,0.09375,0.0952380952380952,0.019047619047619,False,False,False,True,0,0,0,0,0.125,0.3793103448275862,16150000
0.9482056794570042,0.0,0.0261339799472701,0.0,0.125,0.0476190476190476,0.019047619047619,True,False,False,False,0,0,0,0,0.125,0.1034482758620689,4900000
0.8985252825592056,0.0435435435435435,0.062101880183977,0.0,0.09375,0.0952380952380952,0.019047619047619,False,False,True,False,0,0,0,0,0.125,0.1379310344827586,5000000
0.9288353496517344,0.0075075075075075,0.0971460462251986,0.05,0.09375,0.0952380952380952,0.019047619047619,False,False,True,False,0,0,0,0,0.125,0.3103448275862069,11200000
0.98724322093409,0.0375375375375375,0.0585993880260954,0.05,0.09375,0.0952380952380952,0.019047619047619,False,False,True,False,0,0,0,0,0.125,0.2758620689655172,9300000
0.8596974750407185,0.0195195195195195,0.0376999018532417,0.05,0.0625,0.0952380952380952,0.0095238095238095,False,False,True,False,0,0,0,0,0.125,0.3103448275862069,7400000
0.9024598119181632,0.0315315315315315,0.0710313107403344,0.05,0.09375,0.0952380952380952,0.019047619047619,False,False,False,True,0,0,0,0,0.125,0.3793103448275862,12800000
0.8095692922526041,0.006006006006006,0.0787290957027115,0.05,0.09375,0.0952380952380952,0.019047619047619,False,False,True,False,0,0,0,0,0.125,0.3103448275862069,7600000
0.8756136155286356,0.0225225225225225,0.0135673459961895,0.0,0.03125,0.0476190476190476,0.0095238095238095,False,False,True,False,0,0,0,0,0.125,0.1379310344827586,2420000
0.8125892201503859,0.0255255255255255,0.0805380751688701,0.05,0.0625,0.0952380952380952,0.019047619047619,False,False,True,False,0,0,0,0,0.125,0.1724137931034483,9000000
0.8962071447714663,0.042042042042042,0.0441083078344206,0.0,0.0625,0.0952380952380952,0.019047619047619,False,False,False,True,0,0,0,0,0.125,0.3793103448275862,6800000
0.90736171879351,0.021021021021021,0.0631988145411158,0.05,0.03125,0.0476190476190476,0.0095238095238095,False,False,True,False,0,0,0,0,0.125,0.2068965517241379,5850000
0.9051945409387372,0.0465465465465465,0.0229778881126955,0.0,0.03125,0.0476190476190476,0.0095238095238095,False,False,True,False,0,0,0,0,0.125,0.2068965517241379,3000000
0.8823323884377601,0.0,0.1004945826838327,0.05,0.0,0.0,0.0,False,False,True,False,0,0,0,0,0.125,0.1724137931034483,17920000
0.81049387085082,0.021021021021021,0.0168196601427939,0.0,0.0,0.0,0.0,False,False,True,False,0,0,0,0,0.125,0.1724137931034483,1350000
0.8515565047944449,0.054054054054054,0.0934703539056636,0.0,0.09375,0.0952380952380952,0.0285714285714285,False,True,False,False,1,1,1,1,0.25,0.0344827586206896,17500000
0.9791071127447708,0.021021021021021,0.0230356214999134,0.0,0.03125,0.0476190476190476,0.0095238095238095,False,False,False,True,0,0,0,0,0.125,0.4137931034482758,6750000
0.8594657294463843,0.045045045045045,0.0384311914246675,0.0,0.03125,0.0476190476190476,0.0095238095238095,False,False,False,True,0,0,0,0,0.125,0.3793103448275862,3090000
0.7770224120436353,0.0075075075075075,0.1381944845370744,0.0,0.125,0.0952380952380952,0.0380952380952381,False,True,False,False,1,1,1,1,0.5,0.1034482758620689,16800000
0.866784746479226,0.0105105105105105,0.0563092969997883,0.05,0.09375,0.0952380952380952,0.019047619047619,False,False,True,False,0,0,0,0,0.125,0.2758620689655172,10300000
0.8823323884377601,0.0,0.1014568058041298,0.05,0.0,0.0,0.0,False,False,True,False,0,0,0,0,0.125,0.1724137931034483,18900000
0.8524890670175864,0.018018018018018,0.079575852048573,0.05,0.0625,0.0952380952380952,0.0095238095238095,False,False,False,True,0,0,0,0,0.125,0.4827586206896552,12660000
0.8932981132857094,0.0225225225225225,0.0691068644997401,0.05,0.09375,0.0952380952380952,0.019047619047619,False,False,True,False,0,0,0,0,0.125,0.1379310344827586,12950000
0.8764207864942364,0.0,0.0423763062178858,0.0,0.0,0.0,0.0,False,True,False,False,1,1,1,1,0.25,0.0344827586206896,24200000
0.8624898569239008,0.0,0.050689913977253,0.0,0.15625,0.0952380952380952,0.0380952380952381,False,True,False,False,1,1,1,1,0.25,0.0344827586206896,24000000
0.9639875851140688,0.0165165165165165,0.0838866116275041,0.05,0.09375,0.0952380952380952,0.019047619047619,False,False,False,True,0,0,0,0,0.125,0.3793103448275862,21550000
0.8791554919226883,0.0345345345345345,0.0920655081500298,0.05,0.09375,0.0952380952380952,0.019047619047619,False,False,True,False,0,0,0,0,0.125,0.3103448275862069,7400000
0.881369065486922,0.0,0.1605373053903739,0.0,0.15625,0.0952380952380952,0.0380952380952381,False,True,False,False,1,1,1,1,0.5,0.1034482758620689,25200000
0.8594657294463843,0.0465465465465465,0.0405288378269153,0.0,0.03125,0.0476190476190476,0.0095238095238095,False,False,False,True,0,0,0,0,0.125,0.3793103448275862,6000000
0.8064223604054348,0.0,0.0754575370937012,0.05,0.0625,0.0952380952380952,0.0095238095238095,False,False,False,True,0,0,0,0,0.125,0.4827586206896552,8750000
0.8691009162043315,0.036036036036036,0.1043049862402093,0.05,0.125,0.0952380952380952,0.019047619047619,False,False,False,True,0,0,0,0,0.125,0.4482758620689654,13080000
0.9763505820168064,0.0585585585585585,0.0598502780824817,0.0,0.09375,0.0952380952380952,0.019047619047619,True,False,False,False,0,0,0,0,0.125,0.1379310344827586,7400000
0.8728709088445044,0.0195195195195195,0.0253642014510324,0.0,0.03125,0.0476190476190476,0.0095238095238095,False,False,True,False,0,0,0,0,0.125,0.3103448275862069,4260000
0.8524890670175864,0.0165165165165165,0.0982237361199314,0.05,0.09375,0.0952380952380952,0.019047619047619,False,False,False,True,0,0,0,0,0.125,0.4827586206896552,16100000
0.8159726423340032,0.021021021021021,0.0588110771125608,0.0,0.09375,0.0952380952380952,0.019047619047619,False,False,False,True,0,0,0,0,0.125,0.4482758620689654,8000000
0.9024160790785912,0.042042042042042,0.0702037988568789,0.05,0.0625,0.0952380952380952,0.019047619047619,True,False,False,False,0,0,0,0,0.125,0.1379310344827586,8300000
0.8757483820249661,0.0,0.0304062506013894,0.0,0.03125,0.0476190476190476,0.0095238095238095,False,False,False,True,0,0,0,0,0.125,0.3793103448275862,3680000
0.8267951265013096,0.0,0.0771125608606123,0.05,0.09375,0.0952380952380952,0.019047619047619,False,False,True,False,0,0,0,0,0.125,0.1724137931034483,8720000
0.872023288476953,0.0375375375375375,0.0200527298269922,0.0,0.03125,0.0476190476190476,0.0095238095238095,False,False,True,False,0,0,0,0,0.125,0.1724137931034483,3580000
0.817458833697998,0.003003003003003,0.0743798471989685,0.05,0.0625,0.0476190476190476,0.0095238095238095,False,False,True,False,0,0,0,0,0.125,0.2413793103448275,9350000
0.8562079228489949,0.036036036036036,0.0707811327290572,0.0,0.125,0.0952380952380952,0.019047619047619,False,False,False,True,0,0,0,0,0.125,0.4137931034482758,9260000
0.8250021859616652,0.042042042042042,0.0468217770336585,0.0,0.09375,0.0952380952380952,0.019047619047619,True,False,False,False,0,0,0,0,0.125,0.1379310344827586,3500000
0.8729757611764342,0.06006006006006,0.0467255547216288,0.0,0.09375,0.0952380952380952,0.019047619047619,True,False,False,False,0,0,0,0,0.125,0.1379310344827586,5600000
0.888026730903249,0.051051051051051,0.0583107210900063,0.0,0.03125,0.0476190476190476,0.0095238095238095,True,False,False,False,0,0,0,0,0.125,0.1379310344827586,4500000
0.9024160790785912,0.042042042042042,0.070492465792968,0.05,0.09375,0.0952380952380952,0.019047619047619,True,False,False,False,0,0,0,0,0.125,0.1379310344827586,5800000
0.9689508599497004,0.039039039039039,0.0769393606989588,0.0,0.09375,0.0952380952380952,0.019047619047619,False,False,True,False,0,0,0,0,0.125,0.2068965517241379,13000000
0.8498410860158288,0.06006006006006,0.0501318245674807,0.0,0.125,0.0952380952380952,0.0285714285714285,False,True,False,False,1,1,1,1,0.125,0.0,13750000
0.8953165505182312,0.0,0.0558859188268575,0.0,0.0625,0.0952380952380952,0.019047619047619,True,False,False,False,0,0,0,0,0.125,0.1379310344827586,5360000
0.9728774063445372,0.0105105105105105,0.0632180590035217,0.05,0.0625,0.0952380952380952,0.019047619047619,False,False,True,False,0,0,0,0,0.125,0.2068965517241379,14800000
0.8078840383069519,0.0585585585585585,0.0433770182629948,0.0,0.09375,0.0952380952380952,0.0095238095238095,True,False,False,False,0,0,0,0,0.125,0.1034482758620689,2130000
0.98539398982399,0.057057057057057,0.0565787194734715,0.0,0.125,0.0952380952380952,0.0285714285714285,False,True,False,False,1,1,1,1,0.25,0.0344827586206896,15650000
0.8080725217659221,0.0585585585585585,0.0445894193945692,0.0,0.09375,0.0952380952380952,0.019047619047619,True,False,False,False,0,0,0,0,0.125,0.1034482758620689,3000000
0.8710938023878043,0.039039039039039,0.0239401112329927,0.0,0.03125,0.0476190476190476,0.0095238095238095,False,False,False,True,0,0,0,0,0.125,0.4482758620689654,3800000
0.891031815226853,0.045045045045045,0.017781883263091,0.0,0.0,0.0,0.0,False,False,True,False,0,0,0,0,0.125,0.2068965517241379,3500000
0.8005054173520989,0.0,0.053711294574986,0.05,0.0625,0.0952380952380952,0.019047619047619,False,False,True,False,0,0,0,0,0.125,0.2413793103448275,7682080
0.8583026716061966,0.0135135135135135,0.1395800858303023,0.0,0.09375,0.1904761904761904,0.0476190476190476,False,True,False,False,1,1,1,1,0.625,0.1379310344827586,22000000
0.9075358856792376,0.0285285285285285,0.0870427034620787,0.05,0.09375,0.0952380952380952,0.019047619047619,False,False,False,True,0,0,0,0,0.125,0.4137931034482758,14060000
0.8945443210536439,0.048048048048048,0.0917768412139406,0.05,0.0625,0.0952380952380952,0.0095238095238095,False,False,True,False,0,0,0,0,0.125,0.2068965517241379,13500000
0.8419946883868761,0.0495495495495495,0.0766122048380578,0.0,0.21875,0.0952380952380952,0.019047619047619,False,True,False,False,1,1,1,1,0.25,0.0344827586206896,14380000
0.8758823614269033,0.0435435435435435,0.0502857802667282,0.0,0.0,0.0,0.0,False,False,True,False,0,0,0,0,0.125,0.1379310344827586,5150000
0.8823323884377601,0.0,0.0867347920635837,0.05,0.0,0.0,0.0,False,False,True,False,0,0,0,0,0.125,0.1724137931034483,16050000
0.8775181130390592,0.063063063063063,0.0838096337778804,0.0,0.1875,0.0952380952380952,0.0761904761904762,False,True,False,False,1,1,1,1,0.5,0.1034482758620689,6500000
0.8069867014824297,0.012012012012012,0.138675596097223,0.05,0.15625,0.1428571428571428,0.0380952380952381,False,True,False,False,1,1,1,1,0.5,0.1034482758620689,17200000
0.9889599927777226,0.0465465465465465,0.0213613532705963,0.0,0.03125,0.0476190476190476,0.0095238095238095,False,False,True,False,0,0,0,0,0.125,0.1379310344827586,3320000
0.8605808860027935,0.036036036036036,0.0757462040297904,0.0,0.125,0.0952380952380952,0.019047619047619,False,False,False,True,0,0,0,0,0.125,0.4137931034482758,10500000
0.9170026715124208,0.0,0.0385466581991032,0.0,0.125,0.0952380952380952,0.019047619047619,False,True,False,False,1,1,1,1,0.125,0.0,3800000
0.8831751370469476,0.0375375375375375,0.0476877778419259,0.0,0.09375,0.0952380952380952,0.019047619047619,False,False,False,True,0,0,0,0,0.125,0.4827586206896552,6560000
0.8681122171892923,0.042042042042042,0.0544425841464118,0.0,0.09375,0.0952380952380952,0.019047619047619,False,False,True,False,0,0,0,0,0.125,0.2068965517241379,7680000
0.951754911856483,0.015015015015015,0.1120605045898042,0.05,0.09375,0.0952380952380952,0.019047619047619,False,False,False,True,0,0,0,0,0.125,0.4137931034482758,22700000
0.8685663905899048,0.0,0.0753228258568596,0.05,0.09375,0.0952380952380952,0.019047619047619,False,False,True,False,0,0,0,0,0.125,0.1379310344827586,15510000
0.8534820924107294,0.0,0.0694532648230471,0.05,0.09375,0.0952380952380952,0.019047619047619,False,False,True,False,0,0,0,0,0.125,0.1379310344827586,8100000
0.8622701060805014,0.0435435435435435,0.053711294574986,0.0,0.0625,0.0952380952380952,0.019047619047619,True,False,False,False,0,0,0,0,0.125,0.1379310344827586,4400000
0.8696571272201936,0.021021021021021,0.0220156649923984,0.0,0.03125,0.0476190476190476,0.0095238095238095,False,False,True,False,0,0,0,0,0.125,0.2068965517241379,2200000
0.9621000459553954,0.0165165165165165,0.0829821218944248,0.05,0.0625,0.0952380952380952,0.019047619047619,False,False,False,True,0,0,0,0,0.125,0.3793103448275862,19000000
0.9011577431136856,0.0135135135135135,0.0129900121240113,0.0,0.0,0.0,0.0,False,True,False,False,1,1,1,1,0.125,0.0,13800000
0.8518783582066476,0.03003003003003,0.1144275734657352,0.0,0.0,0.0,0.0,False,True,False,False,1,1,1,1,0.375,0.0689655172413793,8200000
0.9617224200988232,0.0135135135135135,0.0670669514847102,0.05,0.0625,0.0952380952380952,0.0095238095238095,False,False,False,True,0,0,0,0,0.125,0.4827586206896552,14900000
0.7919505457680316,0.0,0.0635067259396108,0.0,0.125,0.0952380952380952,0.019047619047619,False,True,False,False,1,1,1,1,0.25,0.0344827586206896,7900000
0.8557000287437688,0.042042042042042,0.0575024536689567,0.05,0.0625,0.0952380952380952,0.0095238095238095,False,False,True,False,0,0,0,0,0.125,0.2068965517241379,4760000
0.9138611052376576,0.033033033033033,0.0952985778342282,0.05,0.09375,0.0952380952380952,0.019047619047619,False,False,True,False,0,0,0,0,0.125,0.1379310344827586,14500000
0.7955758364375072,0.0,0.0650847718568981,0.0,0.09375,0.0952380952380952,0.019047619047619,False,True,False,False,1,1,1,1,0.25,0.0344827586206896,8500000
0.88316982676767,0.0645645645645645,0.0687412197140272,0.0,0.09375,0.0952380952380952,0.019047619047619,True,False,False,False,0,0,0,0,0.125,0.1379310344827586,7600000
0.7963505159507918,0.0225225225225225,0.0169928603044473,0.0,0.03125,0.0476190476190476,0.0095238095238095,False,False,True,False,0,0,0,0,0.125,0.1379310344827586,1500000
0.8779306000466534,0.036036036036036,0.0166464599811404,0.0,0.03125,0.0476190476190476,0.0095238095238095,False,False,False,True,0,0,0,0,0.125,0.3793103448275862,1570000
0.9731801028842142,0.051051051051051,0.0732251794546119,0.0,0.09375,0.0952380952380952,0.019047619047619,True,False,False,False,0,0,0,0,0.125,0.1379310344827586,21500000
0.9055154726211754,0.0045045045045045,0.0700883320824432,0.05,0.0625,0.0952380952380952,0.0095238095238095,False,False,False,True,0,0,0,0,0.125,0.3448275862068965,14080000
0.9013404816813876,0.0405405405405405,0.042626484229163,0.0,0.09375,0.0952380952380952,0.019047619047619,False,False,True,False,0,0,0,0,0.125,0.1379310344827586,5080000
0.8809948525073139,0.0495495495495495,0.0713392221388295,0.0,0.0625,0.0952380952380952,0.019047619047619,False,True,False,False,1,1,1,1,0.25,0.0344827586206896,8000000
0.8781963847377483,0.0015015015015015,0.0400284818043608,0.0,0.03125,0.0476190476190476,0.0095238095238095,False,False,True,False,0,0,0,0,0.125,0.2068965517241379,8500000
0.8365594131566354,0.06006006006006,0.0605623231915016,0.0,0.15625,0.0476190476190476,0.0285714285714285,False,True,False,False,1,1,1,1,0.25,0.0344827586206896,7600000
0.8871778586721746,0.0555555555555555,0.0417412389584897,0.0,0.09375,0.0952380952380952,0.0095238095238095,True,False,False,False,0,0,0,0,0.125,0.1379310344827586,3600000
0.8596974750407185,0.018018018018018,0.0299058945788349,0.0,0.09375,0.0476190476190476,0.0095238095238095,False,False,True,False,0,0,0,0,0.125,0.3103448275862069,4250000
0.8820416839931227,0.036036036036036,0.041625772184054,0.0,0.0625,0.0476190476190476,0.0095238095238095,False,False,False,True,0,0,0,0,0.125,0.6896551724137931,6500000
0.8596974750407185,0.0195195195195195,0.0299058945788349,0.0,0.0625,0.0476190476190476,0.0095238095238095,False,False,True,False,0,0,0,0,0.125,0.3103448275862069,6120000
0.8902983685532035,0.018018018018018,0.1041125416161499,0.05,0.09375,0.0952380952380952,0.019047619047619,False,False,False,True,0,0,0,0,0.125,0.4482758620689654,17000000
0.8709088964988325,0.0405405405405405,0.0318110963570232,0.0,0.0,0.0,0.0,False,False,True,False,0,0,0,0,0.125,0.1379310344827586,3500000
0.901081328535696,0.0225225225225225,0.0195523738044377,0.0,0.03125,0.0476190476190476,0.0095238095238095,False,False,True,False,0,0,0,0,0.125,0.3103448275862069,3250000
0.8005054173520989,0.0,0.0548274733945307,0.05,0.0625,0.0952380952380952,0.019047619047619,False,False,True,False,0,0,0,0,0.125,0.2413793103448275,8000000
0.9166940437328606,0.012012012012012,0.0891980832515443,0.05,0.09375,0.0952380952380952,0.019047619047619,False,False,False,True,0,0,0,0,0.125,0.4827586206896552,18000000
0.9736541770705855,0.0,0.0023670688759309,0.0,0.15625,0.0952380952380952,0.0285714285714285,False,True,False,False,1,1,1,1,0.125,0.0,15410000
0.8665631968255525,0.0495495495495495,0.0666050843869676,0.0,0.09375,0.0952380952380952,0.019047619047619,True,False,False,False,0,0,0,0,0.125,0.1379310344827586,4800000
0.8521107159320707,0.0195195195195195,0.1072109000635067,0.1,0.09375,0.0952380952380952,0.019047619047619,False,False,False,True,0,0,0,0,0.125,0.4827586206896552,14350000
0.9243424281085026,0.0405405405405405,0.1220483805784885,0.05,0.125,0.0952380952380952,0.019047619047619,False,False,False,True,0,0,0,0,0.125,0.7241379310344828,19000000
0.8221080338858258,0.0,0.0861574581914054,0.0,0.1875,0.0476190476190476,0.019047619047619,False,True,False,False,1,1,1,1,0.125,0.0,13006290
0.81049387085082,0.0225225225225225,0.0166464599811404,0.0,0.0,0.0,0.0,False,False,True,False,0,0,0,0,0.125,0.1724137931034483,1550000
0.8769177634119387,0.039039039039039,0.0203991301502992,0.0,0.0625,0.0952380952380952,0.019047619047619,False,False,True,False,0,0,0,0,0.125,0.1724137931034483,2440000
0.8758386069166875,0.0075075075075075,0.0595616111463926,0.05,0.09375,0.0952380952380952,0.019047619047619,False,False,False,True,0,0,0,0,0.125,0.3793103448275862,13000000
0.9138625588806236,0.006006006006006,0.1071724111386948,0.05,0.125,0.0952380952380952,0.019047619047619,False,False,False,True,0,0,0,0,0.125,0.4482758620689654,25500000
0.8832059068158173,0.0495495495495495,0.0832900332929199,0.0,0.125,0.0952380952380952,0.019047619047619,True,False,False,False,0,0,0,0,0.125,0.1379310344827586,5000000
0.9617224200988232,0.015015015015015,0.087639281796663,0.05,0.09375,0.0952380952380952,0.019047619047619,False,False,False,True,0,0,0,0,0.125,0.4827586206896552,21380000
0.906121386647385,0.0225225225225225,0.0254026903758443,0.05,0.03125,0.0476190476190476,0.0095238095238095,False,False,True,False,0,0,0,0,0.125,0.2413793103448275,4500000
0.9765034637525218,0.0465465465465465,0.092315686161307,0.05,0.09375,0.0952380952380952,0.019047619047619,True,False,False,False,0,0,0,0,0.125,0.1379310344827586,13900000
0.8523710616489382,0.03003003003003,0.0478417335411735,0.0,0.0,0.0,0.0,True,False,False,False,0,0,0,0,0.125,0.1379310344827586,2800000
0.9628350694115966,0.0495495495495495,0.1018032061274368,0.0,0.125,0.1428571428571428,0.0285714285714285,False,True,False,False,1,1,1,1,0.5,0.1034482758620689,24730000
0.9023639852697728,0.0585585585585585,0.0802878971575929,0.0,0.125,0.0952380952380952,0.019047619047619,False,True,False,False,1,1,1,1,0.375,0.0689655172413793,6955718
0.9243424281085026,0.0435435435435435,0.1419663991686392,0.05,0.09375,0.0952380952380952,0.019047619047619,False,False,False,True,0,0,0,0,0.125,0.7586206896551725,16180000
0.9491496789962072,0.0225225225225225,0.0217269980563092,0.0,0.03125,0.0476190476190476,0.0095238095238095,False,False,True,False,0,0,0,0,0.125,0.1724137931034483,5880000
0.817082677967278,0.0,0.0549621846313723,0.0,0.21875,0.0952380952380952,0.0285714285714285,False,True,False,False,1,1,1,1,0.25,0.0344827586206896,4880000
0.9017369468135712,0.0,0.0350249215788156,0.0,0.0625,0.0476190476190476,0.0095238095238095,False,False,True,False,0,0,0,0,0.125,0.1379310344827586,5500000
0.8849859493698204,0.042042042042042,0.0942208879394954,0.05,0.09375,0.0952380952380952,0.019047619047619,False,False,True,False,0,0,0,0,0.125,0.1724137931034483,14600000
0.9765198199180531,0.0435435435435435,0.0315224294209341,0.0,0.03125,0.0476190476190476,0.0095238095238095,False,False,True,False,0,0,0,0,0.125,0.1379310344827586,4680000
0.8820416839931227,0.0345345345345345,0.041625772184054,0.0,0.0625,0.0476190476190476,0.0095238095238095,False,False,False,True,0,0,0,0,0.125,0.6896551724137931,6500000
0.7849096536689615,0.036036036036036,0.2055308584954679,0.0,0.125,0.1428571428571428,0.0380952380952381,False,True,False,False,1,1,1,1,0.5,0.1034482758620689,12000000
0.9022930289940234,0.06006006006006,0.0554240517291149,0.0,0.09375,0.0952380952380952,0.0095238095238095,True,False,False,False,0,0,0,0,0.125,0.1379310344827586,6280000
0.8551099529481974,0.018018018018018,0.1093470353905663,0.05,0.09375,0.0952380952380952,0.019047619047619,False,False,False,True,0,0,0,0,0.125,0.3448275862068965,14000000
0.8982833240657158,0.048048048048048,0.0186863729961703,0.0,0.0,0.0,0.0,False,False,True,False,0,0,0,0,0.125,0.2068965517241379,1470000
0.8526895715549188,0.0315315315315315,0.1144275734657352,0.0,0.0,0.0,0.0,False,True,False,False,1,1,1,1,0.375,0.0689655172413793,11770000
0.8061314186337256,0.021021021021021,0.1170833092777553,0.0,0.15625,0.0952380952380952,0.0285714285714285,False,True,False,False,1,1,1,1,0.5,0.1034482758620689,13300000
0.8776838889145324,0.0495495495495495,0.0831745665184843,0.05,0.09375,0.0952380952380952,0.019047619047619,True,False,False,False,0,0,0,0,0.125,0.1379310344827586,6180000
0.8791554919226883,0.0345345345345345,0.0891980832515443,0.05,0.09375,0.0952380952380952,0.019047619047619,False,False,True,False,0,0,0,0,0.125,0.3103448275862069,9500000
0.9026292478295376,0.0135135135135135,0.1207012682100725,0.1,0.0625,0.0952380952380952,0.019047619047619,False,False,False,True,0,0,0,0,0.125,0.5862068965517242,22700000
0.857757204901219,0.0375375375375375,0.0866578142139599,0.0,0.09375,0.0952380952380952,0.0285714285714285,False,True,False,False,1,1,1,1,0.375,0.0689655172413793,8750000
0.938048857791074,0.0555555555555555,0.0441852856840444,0.0,0.125,0.0476190476190476,0.019047619047619,True,False,False,False,0,0,0,0,0.125,0.1379310344827586,8450000
0.8839297370578265,0.033033033033033,0.0464176433231337,0.05,0.09375,0.0952380952380952,0.019047619047619,False,False,False,True,0,0,0,0,0.125,0.6896551724137931,5150000
0.8987390329909317,0.021021021021021,0.0246521563420125,0.0,0.03125,0.0476190476190476,0.0095238095238095,False,False,True,False,0,0,0,0,0.125,0.1379310344827586,3500000
0.9588150557934512,0.0405405405405405,0.0675865519696707,0.0,0.09375,0.0952380952380952,0.019047619047619,True,False,False,False,0,0,0,0,0.125,0.1379310344827586,9500000
0.8889742604174842,0.0585585585585585,0.0679906856801955,0.0,0.09375,0.0952380952380952,0.019047619047619,True,False,False,False,0,0,0,0,0.375,0.1379310344827586,16500000
0.8244326067626844,0.033033033033033,0.1175836653003098,0.0,0.125,0.1428571428571428,0.0285714285714285,False,True,False,False,1,1,1,1,0.5,0.1034482758620689,9500000
0.901081328535696,0.024024024024024,0.0195523738044377,0.0,0.03125,0.0476190476190476,0.0095238095238095,False,False,True,False,0,0,0,0,0.125,0.3103448275862069,3750000
0.8992479069111425,0.0135135135135135,0.0382964801878259,0.0,0.03125,0.0476190476190476,0.0095238095238095,False,False,False,True,0,0,0,0,0.125,0.3448275862068965,7960000
0.9621000459553954,0.015015015015015,0.0829821218944248,0.05,0.0625,0.0952380952380952,0.019047619047619,False,False,False,True,0,0,0,0,0.125,0.3793103448275862,19400000
0.8810389077411571,0.0,0.1094240132401901,0.05,0.09375,0.0952380952380952,0.019047619047619,False,False,False,True,0,0,0,0,0.125,0.3448275862068965,20460000
0.9623829000670128,0.009009009009009,0.0650655273944922,0.05,0.09375,0.0952380952380952,0.019047619047619,False,False,True,False,0,0,0,0,0.125,0.2068965517241379,17330000
0.8747592683729977,0.0195195195195195,0.0279237149510228,0.0,0.0625,0.0476190476190476,0.0095238095238095,False,False,False,True,0,0,0,0,0.125,0.3448275862068965,3900000
0.8677070055865101,0.042042042042042,0.0498816465562034,0.0,0.09375,0.0952380952380952,0.0095238095238095,False,False,True,False,0,0,0,0,0.125,0.1379310344827586,7250000
0.8982421076885032,0.0435435435435435,0.0519023151088274,0.0,0.09375,0.0952380952380952,0.019047619047619,False,False,True,False,0,0,0,0,0.125,0.1379310344827586,4200000
0.8383506038034056,0.039039039039039,0.0971075573003868,0.05,0.09375,0.0952380952380952,0.019047619047619,False,False,False,True,0,0,0,0,0.125,0.5172413793103449,12380000
0.7911149979153151,0.042042042042042,0.1831303042549506,0.0,0.15625,0.1428571428571428,0.0380952380952381,False,True,False,False,1,1,1,1,0.5,0.1034482758620689,9500000
0.8032204686010687,0.0645645645645645,0.0804226083944344,0.0,0.125,0.0476190476190476,0.019047619047619,False,True,False,False,1,1,1,1,0.25,0.0344827586206896,7300000
0.9725018658415934,0.003003003003003,0.0626984585185612,0.05,0.03125,0.0476190476190476,0.0095238095238095,False,False,False,True,0,0,0,0,0.125,0.6896551724137931,11000000
0.9728029322922112,0.0075075075075075,0.0657390835787002,0.05,0.09375,0.0952380952380952,0.019047619047619,False,False,True,False,0,0,0,0,0.125,0.2068965517241379,17150000
0.8005054173520989,0.0,0.0567519196351249,0.05,0.0625,0.0952380952380952,0.019047619047619,False,False,True,False,0,0,0,0,0.125,0.2413793103448275,7090000
0.8524890670175864,0.0165165165165165,0.1768566095106133,0.1,0.125,0.1428571428571428,0.0285714285714285,False,True,False,False,1,1,1,1,0.5,0.1034482758620689,20350000
0.7968134703463647,0.036036036036036,0.127263629890499,0.0,0.125,0.0952380952380952,0.0285714285714285,False,True,False,False,1,1,1,1,0.5,0.1034482758620689,13000000
0.8810385619395902,0.0,0.0908915959432673,0.05,0.09375,0.0952380952380952,0.019047619047619,False,False,True,False,0,0,0,0,0.125,0.3103448275862069,17060000
0.8157620757015707,0.003003003003003,0.0564824971614418,0.05,0.125,0.0476190476190476,0.019047619047619,False,False,True,False,0,0,0,0,0.125,0.1379310344827586,11790000
0.8747292785186858,0.045045045045045,0.0376614129284298,0.0,0.09375,0.0952380952380952,0.019047619047619,False,False,False,True,0,0,0,0,0.125,0.5172413793103449,3000000
0.8939112988601607,0.0,0.0764967380636221,0.0,0.0,0.0,0.0,False,True,False,False,1,1,1,1,0.25,0.0344827586206896,17500000
0.8596974750407185,0.021021021021021,0.0299058945788349,0.0,0.0625,0.0476190476190476,0.019047619047619,False,False,True,False,0,0,0,0,0.125,0.3103448275862069,6250000
0.8980921941558222,0.042042042042042,0.0735715797779189,0.05,0.09375,0.0952380952380952,0.019047619047619,False,False,True,False,0,0,0,0,0.125,0.1724137931034483,10350000
0.9264003526445492,0.0,0.0912187518041683,0.0,0.125,0.0952380952380952,0.019047619047619,True,False,False,False,0,0,0,0,0.125,0.1379310344827586,9180000
0.8883294612802217,0.0375375375375375,0.0833477666801378,0.05,0.09375,0.0952380952380952,0.019047619047619,False,False,False,True,0,0,0,0,0.125,0.4482758620689654,7020000
0.8536972329584955,0.012012012012012,0.0875623039470392,0.05,0.09375,0.0952380952380952,0.019047619047619,False,False,False,True,0,0,0,0,0.125,0.4827586206896552,13380000
0.8989159568336333,0.039039039039039,0.1196813117025575,0.05,0.125,0.0952380952380952,0.0285714285714285,False,True,False,False,1,1,1,1,0.5,0.1034482758620689,18800000
0.9038916136637738,0.042042042042042,0.0168196601427939,0.0,0.03125,0.0476190476190476,0.0095238095238095,False,False,True,False,0,0,0,0,0.125,0.2068965517241379,1660000
0.809285638349678,0.012012012012012,0.0505744472028173,0.0,0.0625,0.0952380952380952,0.0095238095238095,False,False,False,True,0,0,0,0,0.125,0.3448275862068965,6570000
0.8692812724143266,0.042042042042042,0.0662394396012547,0.05,0.09375,0.0952380952380952,0.019047619047619,False,False,True,False,0,0,0,0,0.125,0.2068965517241379,8000000
0.9947520741734764,0.0255255255255255,0.0193984181051902,0.05,0.03125,0.0476190476190476,0.0095238095238095,False,False,True,False,0,0,0,0,0.125,0.1724137931034483,5080000
0.8810385619395902,0.0,0.0875045705598214,0.05,0.09375,0.0952380952380952,0.019047619047619,False,False,True,False,0,0,0,0,0.125,0.3103448275862069,10740000
0.978466341434256,0.0165165165165165,0.0743413582741566,0.05,0.0625,0.0952380952380952,0.0095238095238095,False,False,False,True,0,0,0,0,0.125,0.4482758620689654,18000000
0.8523710616489382,0.0315315315315315,0.0341974096953601,0.0,0.0,0.0,0.0,True,False,False,False,0,0,0,0,0.125,0.1379310344827586,2500000
0.8960912855531262,0.057057057057057,0.0701460654696611,0.0,0.125,0.0952380952380952,0.019047619047619,False,True,False,False,1,1,1,1,0.25,0.0344827586206896,14060000
0.8499160160754684,0.0345345345345345,0.0189750399322594,0.0,0.03125,0.0476190476190476,0.0095238095238095,True,False,False,False,0,0,0,0,0.125,0.1034482758620689,800000
0.8100223071496657,0.0,0.0643919712102842,0.05,0.0625,0.0476190476190476,0.0095238095238095,False,False,False,True,0,0,0,0,0.125,0.3793103448275862,9600000
0.8551099529481974,0.018018018018018,0.1023612955372091,0.05,0.09375,0.0952380952380952,0.019047619047619,False,False,False,True,0,0,0,0,0.125,0.4137931034482758,16000000
0.871859230427674,0.0405405405405405,0.0706464214922156,0.05,0.09375,0.0952380952380952,0.019047619047619,False,False,False,True,0,0,0,0,0.125,0.3793103448275862,10800000
0.9019639097998606,0.036036036036036,0.0434155071878067,0.0,0.09375,0.0952380952380952,0.0095238095238095,True,False,False,False,0,0,0,0,0.125,0.1379310344827586,6000000
0.8504080620708976,0.006006006006006,0.1511075188114619,0.0,0.15625,0.0476190476190476,0.0285714285714285,False,True,False,False,1,1,1,1,0.5,0.1034482758620689,18830000
0.9618360092282215,0.039039039039039,0.0671246848719281,0.05,0.0625,0.0952380952380952,0.0095238095238095,False,False,True,False,0,0,0,0,0.125,0.2413793103448275,8000000
0.8758386069166875,0.006006006006006,0.0691068644997401,0.1,0.0625,0.0476190476190476,0.019047619047619,False,False,False,True,0,0,0,0,0.125,0.3793103448275862,12550000
0.8099840576604436,0.0045045045045045,0.0793064295748898,0.05,0.09375,0.0952380952380952,0.019047619047619,False,False,False,True,0,0,0,0,0.125,0.4482758620689654,11200000
0.8883294612802217,0.0375375375375375,0.0833477666801378,0.05,0.09375,0.0952380952380952,0.019047619047619,False,False,False,True,0,0,0,0,0.125,0.4482758620689654,9700000
0.9639875851140688,0.0165165165165165,0.0818466986124742,0.05,0.09375,0.0952380952380952,0.019047619047619,False,False,False,True,0,0,0,0,0.125,0.3793103448275862,22300000
0.8823323884377601,0.0,0.0867347920635837,0.1,0.0,0.0,0.0,False,False,True,False,0,0,0,0,0.125,0.1724137931034483,16800000
0.8447117232694268,0.033033033033033,0.0633527702403633,0.05,0.09375,0.0952380952380952,0.019047619047619,False,False,True,False,0,0,0,0,0.125,0.2413793103448275,9650000
0.9054604577162592,0.0,0.0482651117141042,0.0,0.15625,0.0952380952380952,0.019047619047619,False,True,False,False,1,1,1,1,0.25,0.0344827586206896,23750000
0.9019639097998606,0.036036036036036,0.1068644997401997,0.05,0.09375,0.0952380952380952,0.019047619047619,True,False,False,False,0,0,0,0,0.125,0.1379310344827586,5600000
0.891031815226853,0.0435435435435435,0.0190135288570713,0.0,0.03125,0.0476190476190476,0.0095238095238095,False,False,True,False,0,0,0,0,0.125,0.2068965517241379,1200000
0.8712368941824025,0.0,0.0655466389546408,0.0,0.09375,0.0952380952380952,0.019047619047619,False,False,False,True,0,0,0,0,0.125,0.3793103448275862,8200000
0.9162428764699088,0.0255255255255255,0.0902372842214652,0.05,0.09375,0.0952380952380952,0.019047619047619,False,False,False,True,0,0,0,0,0.125,0.4482758620689654,18600000
0.8681122171892923,0.045045045045045,0.0544425841464118,0.0,0.09375,0.0952380952380952,0.019047619047619,False,False,True,False,0,0,0,0,0.125,0.2068965517241379,8100000
0.993809665578624,0.036036036036036,0.0981467582703077,0.05,0.09375,0.0952380952380952,0.019047619047619,False,False,False,True,0,0,0,0,0.125,0.4482758620689654,17500000
0.9731799335194466,0.024024024024024,0.0825779881839,0.05,0.09375,0.0952380952380952,0.0095238095238095,False,False,False,True,0,0,0,0,0.125,0.4137931034482758,18680000
0.9284225002124912,0.0,0.060100456093759,0.05,0.09375,0.0952380952380952,0.019047619047619,False,False,True,False,0,0,0,0,0.125,0.1379310344827586,13900000
0.8754898430806293,0.0375375375375375,0.0509016030637184,0.0,0.09375,0.0952380952380952,0.019047619047619,False,False,True,False,0,0,0,0,0.125,0.1379310344827586,7400000
0.8080471947757815,0.0,0.1513961857475511,0.0,0.125,0.0476190476190476,0.0571428571428571,False,True,False,False,1,1,1,1,0.5,0.1034482758620689,17000000
0.8524890670175864,0.0165165165165165,0.0659315282027596,0.05,0.0625,0.0952380952380952,0.0095238095238095,False,False,False,True,0,0,0,0,0.125,0.4827586206896552,8580000
0.9675174813824584,0.0075075075075075,0.1156207301349036,0.1,0.09375,0.0952380952380952,0.019047619047619,False,False,False,True,0,0,0,0,0.125,0.7586206896551725,25500000
0.8126173415187736,0.0,0.0628716586802147,0.0,0.0625,0.0952380952380952,0.019047619047619,False,True,False,False,1,1,1,1,0.25,0.0344827586206896,7800000
0.8702543945537116,0.012012012012012,0.088312837980871,0.05,0.09375,0.0952380952380952,0.019047619047619,False,False,True,False,0,0,0,0,0.125,0.3103448275862069,18000000
0.8477656262707001,0.024024024024024,0.0662009506764428,0.05,0.09375,0.0952380952380952,0.019047619047619,False,False,True,False,0,0,0,0,0.125,0.1379310344827586,11000000
0.8779306000466534,0.0375375375375375,0.0155880145488135,0.0,0.0,0.0,0.0,False,False,False,True,0,0,0,0,0.125,0.3793103448275862,1900000
0.942183299080142,0.063063063063063,0.0459365317629852,0.0,0.0,0.0,0.0,True,False,False,False,0,0,0,0,0.125,0.1034482758620689,8100000
0.8921851872106572,0.0,0.0569058753343725,0.0,0.09375,0.0952380952380952,0.0095238095238095,True,False,False,False,0,0,0,0,0.125,0.1379310344827586,5900000
0.9759167790402898,0.0195195195195195,0.0904104843831187,0.05,0.09375,0.0952380952380952,0.019047619047619,False,False,False,True,0,0,0,0,0.125,0.4827586206896552,23680000
0.9491496789962072,0.0225225225225225,0.0221888651540519,0.0,0.03125,0.0476190476190476,0.0095238095238095,False,False,True,False,0,0,0,0,0.125,0.1724137931034483,6180000
0.978466341434256,0.018018018018018,0.0743413582741566,0.05,0.0625,0.0952380952380952,0.0095238095238095,False,False,False,True,0,0,0,0,0.125,0.4482758620689654,14000000
0.7670477154055391,0.0,0.0676827742817004,0.05,0.09375,0.0952380952380952,0.019047619047619,False,False,True,False,0,0,0,0,0.125,0.1379310344827586,8600000
0.8960355086959453,0.033033033033033,0.0987818255297038,0.05,0.125,0.0952380952380952,0.019047619047619,False,False,True,False,0,0,0,0,0.125,0.2758620689655172,15600000
0.7645812924161248,0.0,0.065469661105017,0.05,0.09375,0.0952380952380952,0.019047619047619,False,False,True,False,0,0,0,0,0.125,0.1379310344827586,7100000
0.9330644729093364,0.0345345345345345,0.0759386486538498,0.0,0.09375,0.0952380952380952,0.019047619047619,False,False,False,True,0,0,0,0,0.125,0.3793103448275862,10000000
0.8594590822943644,0.0,0.1787425668263957,0.0,0.15625,0.0952380952380952,0.0571428571428571,False,True,False,False,1,1,1,1,0.5,0.1034482758620689,24070000
0.9756349121676636,0.0,0.0591959663606797,0.0,0.0,0.0,0.0,False,True,False,False,1,1,1,1,0.25,0.0344827586206896,20100000
0.8812496513193082,0.0405405405405405,0.0617169909358582,0.05,0.0625,0.0952380952380952,0.019047619047619,False,False,True,False,0,0,0,0,0.125,0.2068965517241379,4900000
0.8714219393652627,0.0,0.0039451147932182,0.0,0.125,0.0476190476190476,0.0095238095238095,False,True,False,False,1,1,1,1,0.25,0.0344827586206896,700000
0.9744642566301992,0.0,0.0581567653907588,0.0,0.15625,0.0952380952380952,0.0285714285714285,False,True,False,False,1,1,1,1,0.25,0.0344827586206896,15200000
0.866784746479226,0.0105105105105105,0.0563092969997883,0.05,0.0625,0.0476190476190476,0.019047619047619,False,False,True,False,0,0,0,0,0.125,0.2758620689655172,9380000
0.8820416839931227,0.0345345345345345,0.0911610184169505,0.05,0.09375,0.0952380952380952,0.019047619047619,False,False,False,True,0,0,0,0,0.125,0.6896551724137931,10800000
0.8534783264094301,0.069069069069069,0.0635837037892346,0.0,0.09375,0.0952380952380952,0.019047619047619,False,True,False,False,1,1,1,1,0.375,0.0689655172413793,6450000
0.8763745844640596,0.039039039039039,0.0843484787252468,0.05,0.09375,0.0952380952380952,0.019047619047619,False,False,False,True,0,0,0,0,0.125,0.3793103448275862,8080000
0.8078445888955912,0.018018018018018,0.0415295498720243,0.0,0.03125,0.0476190476190476,0.0095238095238095,False,False,False,True,0,0,0,0,0.125,0.4137931034482758,3980000
0.8120048431691487,0.036036036036036,0.0881396378192175,0.0,0.1875,0.0952380952380952,0.0285714285714285,False,True,False,False,1,1,1,1,0.5,0.1034482758620689,8800000
0.8910775641273858,0.045045045045045,0.021130419721725,0.0,0.03125,0.0476190476190476,0.0095238095238095,False,False,True,False,0,0,0,0,0.125,0.2758620689655172,2500000
0.8620123451654536,0.0375375375375375,0.0249408232781017,0.0,0.03125,0.0476190476190476,0.0095238095238095,False,False,True,False,0,0,0,0,0.125,0.1379310344827586,2800000
0.8831576046630119,0.024024024024024,0.0937397763793468,0.05,0.09375,0.0952380952380952,0.019047619047619,False,False,False,True,0,0,0,0,0.125,0.4137931034482758,13020000
0.7998714720158091,0.0,0.0707811327290572,0.0,0.125,0.0952380952380952,0.019047619047619,False,True,False,False,1,1,1,1,0.25,0.0344827586206896,6280000
0.8679578285592982,0.045045045045045,0.0867732809883956,0.05,0.09375,0.0952380952380952,0.019047619047619,False,False,True,False,0,0,0,0,0.125,0.1724137931034483,11000000
0.8628700370853437,0.066066066066066,0.06512326078171,0.0,0.0625,0.0952380952380952,0.019047619047619,False,True,False,False,1,1,1,1,0.25,0.0344827586206896,14700000
0.881365627684545,0.0,0.0162038373458037,0.0,0.09375,0.0952380952380952,0.0095238095238095,True,False,False,False,0,0,0,0,0.125,0.0689655172413793,1000000
0.8864297639625249,0.021021021021021,0.1303812328002617,0.05,0.09375,0.0952380952380952,0.019047619047619,False,False,False,True,0,0,0,0,0.125,0.4482758620689654,15800000
0.9394268739384586,0.018018018018018,0.0960491118680599,0.05,0.09375,0.0952380952380952,0.019047619047619,False,False,False,True,0,0,0,0,0.125,0.4482758620689654,24100000
0.905699924160416,0.0,0.0605430787290957,0.0,0.09375,0.0952380952380952,0.019047619047619,False,True,False,False,1,1,1,1,0.25,0.0344827586206896,10500000
0.8083275929140541,0.012012012012012,0.1540519215595712,0.0,0.15625,0.0952380952380952,0.0380952380952381,False,True,False,False,1,1,1,1,0.5,0.1034482758620689,19880000
0.8921247642677201,0.0405405405405405,0.0805380751688701,0.0,0.125,0.0952380952380952,0.019047619047619,True,False,False,False,0,0,0,0,0.125,0.1379310344827586,10130000
0.8923232115107282,0.0375375375375375,0.0713392221388295,0.05,0.09375,0.0952380952380952,0.019047619047619,False,False,True,False,0,0,0,0,0.125,0.2758620689655172,7200000
0.784494514964706,0.0,0.1137540172815272,0.0,0.125,0.0476190476190476,0.0380952380952381,False,True,False,False,1,1,1,1,0.5,0.1034482758620689,9100000
0.8994017525535583,0.039039039039039,0.0183399726728633,0.0,0.03125,0.0476190476190476,0.0095238095238095,False,False,False,True,0,0,0,0,0.125,0.3793103448275862,3200000
0.7677079637488475,0.0,0.0715894001501068,0.05,0.09375,0.0952380952380952,0.019047619047619,False,False,True,False,0,0,0,0,0.125,0.1379310344827586,7600000
0.9235114293191486,0.0105105105105105,0.0296172276427458,0.0,0.03125,0.0476190476190476,0.0095238095238095,False,False,False,True,0,0,0,0,0.125,0.3448275862068965,5450000
0.8869542438466738,0.048048048048048,0.1185843773454188,0.0,0.21875,0.0952380952380952,0.019047619047619,False,True,False,False,1,1,1,1,0.625,0.1379310344827586,16500000
0.8523710616489382,0.03003003003003,0.0468795104208763,0.0,0.0,0.0,0.0,True,False,False,False,0,0,0,0,0.125,0.1379310344827586,3000000
0.8779306000466534,0.036036036036036,0.0205145969247349,0.0,0.0,0.0,0.0,False,False,False,True,0,0,0,0,0.125,0.3793103448275862,1400000
0.8159726423340032,0.021021021021021,0.0661047283644131,0.05,0.09375,0.0952380952380952,0.019047619047619,False,False,False,True,0,0,0,0,0.125,0.4482758620689654,8650000
0.8594657294463843,0.045045045045045,0.0268652695186959,0.0,0.03125,0.0476190476190476,0.0095238095238095,False,False,False,True,0,0,0,0,0.125,0.3793103448275862,4000000
0.7846114774159787,0.0,0.0229201547254777,0.0,0.125,0.0952380952380952,0.0285714285714285,False,True,False,False,1,1,1,1,0.375,0.0689655172413793,1800000
0.7963505159507918,0.0225225225225225,0.0168966379924176,0.0,0.03125,0.0476190476190476,0.0095238095238095,False,False,True,False,0,0,0,0,0.125,0.1379310344827586,1650000
0.902925969636641,0.048048048048048,0.0478032446163616,0.0,0.09375,0.0952380952380952,0.0095238095238095,True,False,False,False,0,0,0,0,0.125,0.1379310344827586,5980000
0.8627529283502327,0.06006006006006,0.0626022362065315,0.0,0.0,0.0,0.0,True,False,False,False,0,0,0,0,0.125,0.1379310344827586,7460000
0.9873563257563944,0.0435435435435435,0.0556164963531743,0.0,0.09375,0.0952380952380952,0.019047619047619,False,False,True,False,0,0,0,0,0.125,0.2068965517241379,10500000
0.817458833697998,0.0045045045045045,0.0743990916613744,0.05,0.0625,0.0476190476190476,0.0095238095238095,False,False,True,False,0,0,0,0,0.125,0.2413793103448275,9700000
0.8844903993489766,0.0225225225225225,0.0723399341839385,0.05,0.09375,0.0952380952380952,0.019047619047619,False,False,True,False,0,0,0,0,0.125,0.2068965517241379,11500000
0.9028897808067028,0.021021021021021,0.1486442276235013,0.0,0.15625,0.1428571428571428,0.0476190476190476,False,True,False,False,1,1,1,1,0.625,0.1379310344827586,19250000
0.8423970754853656,0.0,0.1139464619055866,0.0,0.15625,0.0952380952380952,0.0476190476190476,False,True,False,False,1,1,1,1,0.5,0.1034482758620689,16000000
0.8888019535051512,0.0405405405405405,0.0260377576352404,0.0,0.03125,0.0476190476190476,0.0095238095238095,False,False,True,False,0,0,0,0,0.125,0.1724137931034483,3500000
0.984656218561156,0.0405405405405405,0.0824240324846525,0.0,0.09375,0.0952380952380952,0.019047619047619,False,False,False,True,0,0,0,0,0.125,0.5862068965517242,15000000
0.8121743704534481,0.003003003003003,0.0794603852741373,0.05,0.09375,0.0952380952380952,0.0095238095238095,False,False,False,True,0,0,0,0,0.125,0.4482758620689654,10680000
0.902289002756106,0.0135135135135135,0.0425687508419452,0.05,0.09375,0.0952380952380952,0.019047619047619,False,False,True,False,0,0,0,0,0.125,0.1724137931034483,12380000
0.928290272873994,0.027027027027027,0.0211111752593191,0.0,0.03125,0.0476190476190476,0.0095238095238095,True,False,False,False,0,0,0,0,0.125,0.1034482758620689,2400000
0.9004562444793862,0.036036036036036,0.0721282450974731,0.05,0.0625,0.0952380952380952,0.019047619047619,False,False,False,True,0,0,0,0,0.125,0.3793103448275862,9170000
0.8078491840583979,0.0285285285285285,0.10676827742817,0.0,0.125,0.0952380952380952,0.0285714285714285,False,True,False,False,1,1,1,1,0.5,0.1034482758620689,12450000
0.8951104797655489,0.0435435435435435,0.0439158632103612,0.0,0.03125,0.0476190476190476,0.0095238095238095,False,False,True,False,0,0,0,0,0.125,0.2758620689655172,4500000
0.7755915712623107,0.0375375375375375,0.1032272963454765,0.0,0.125,0.0952380952380952,0.0285714285714285,False,True,False,False,1,1,1,1,0.5,0.1034482758620689,10200000
0.8899351006444647,0.042042042042042,0.0604083674922541,0.0,0.09375,0.0952380952380952,0.019047619047619,False,False,True,False,0,0,0,0,0.125,0.2068965517241379,9900000
0.9073105539697224,0.045045045045045,0.0405673267517271,0.0,0.0625,0.0476190476190476,0.0095238095238095,False,False,True,False,0,0,0,0,0.125,0.1379310344827586,6400000
0.806202372529583,0.0405405405405405,0.1118680599657448,0.0,0.125,0.0952380952380952,0.0285714285714285,False,True,False,False,1,1,1,1,0.5,0.1034482758620689,16400000
0.8752763281196678,0.0465465465465465,0.0225737544021707,0.0,0.0,0.0,0.0,False,False,False,True,0,0,0,0,0.125,0.3793103448275862,1950000
0.8828987040769221,0.0,0.0415295498720243,0.0,0.0,0.0,0.0,False,False,False,True,0,0,0,0,0.125,0.3448275862068965,4000000
0.8723082822383788,0.0735735735735735,0.0701075765448492,0.0,0.125,0.0952380952380952,0.019047619047619,False,True,False,False,1,1,1,1,0.25,0.0344827586206896,6500000
0.8839297370578265,0.033033033033033,0.088986394165079,0.05,0.09375,0.0952380952380952,0.019047619047619,False,False,False,True,0,0,0,0,0.125,0.7241379310344828,13250000
0.7645812924161248,0.0,0.0673171294959875,0.05,0.09375,0.0952380952380952,0.019047619047619,False,False,True,False,0,0,0,0,0.125,0.1379310344827586,6731000
0.8859266483623003,0.0,0.0665665954621557,0.0,0.09375,0.0952380952380952,0.0095238095238095,True,False,False,False,0,0,0,0,0.125,0.1379310344827586,5000000
0.930780137631274,0.039039039039039,0.0570213421088081,0.0,0.0625,0.0952380952380952,0.0095238095238095,False,False,False,True,0,0,0,0,0.125,0.6206896551724138,9450000
0.8966405797557684,0.0,0.0512672478494313,0.0,0.09375,0.0952380952380952,0.019047619047619,True,False,False,False,0,0,0,0,0.125,0.1379310344827586,5000000
0.9105974534478776,0.039039039039039,0.0307718953871023,0.0,0.03125,0.0476190476190476,0.0095238095238095,False,False,False,True,0,0,0,0,0.125,0.3793103448275862,2250000
0.9618536167590436,0.045045045045045,0.0590612551238381,0.05,0.09375,0.0952380952380952,0.019047619047619,True,False,False,False,0,0,0,0,0.125,0.1034482758620689,9380000
0.9148053439925832,0.0135135135135135,0.0818082096876623,0.05,0.09375,0.0952380952380952,0.019047619047619,False,False,False,True,0,0,0,0,0.125,0.4482758620689654,23500000
0.9238131613902852,0.0405405405405405,0.0838096337778804,0.05,0.09375,0.0952380952380952,0.019047619047619,False,False,False,True,0,0,0,0,0.125,0.4137931034482758,15800000
0.8828451597775597,0.051051051051051,0.0137213016954371,0.0,0.03125,0.0476190476190476,0.0095238095238095,False,False,False,True,0,0,0,0,0.125,0.3793103448275862,1390000
0.979351921362536,0.039039039039039,0.0537690279622038,0.05,0.0625,0.0952380952380952,0.019047619047619,False,False,False,True,0,0,0,0,0.125,0.4137931034482758,8300000
0.8782020047716799,0.069069069069069,0.0542501395223524,0.0,0.125,0.0952380952380952,0.0285714285714285,False,True,False,False,1,1,1,1,0.25,0.0344827586206896,8330000
0.8883294612802217,0.0375375375375375,0.0940861767026538,0.05,0.125,0.0952380952380952,0.019047619047619,False,False,False,True,0,0,0,0,0.125,0.4482758620689654,14860000
0.8621176430998219,0.0435435435435435,0.0429343956276581,0.0,0.0625,0.0952380952380952,0.0095238095238095,False,False,True,False,0,0,0,0,0.125,0.2068965517241379,6500000
0.8810299443279632,0.045045045045045,0.1594018821084233,0.05,0.125,0.0952380952380952,0.019047619047619,False,False,True,False,0,0,0,0,0.125,0.3103448275862069,17880000
0.9745201455102688,0.0495495495495495,0.1021880953755556,0.05,0.125,0.0952380952380952,0.019047619047619,True,False,False,False,0,0,0,0,0.125,0.1379310344827586,14580000
0.9931302905364704,0.033033033033033,0.0967804014394857,0.05,0.09375,0.0952380952380952,0.019047619047619,False,False,False,True,0,0,0,0,0.125,0.4482758620689654,19000000
0.7924046146117121,0.0405405405405405,0.1254931393491522,0.0,0.15625,0.1904761904761904,0.0285714285714285,False,True,False,False,1,1,1,1,0.5,0.1034482758620689,6000000
0.9617224200988232,0.0135135135135135,0.0897369281989107,0.05,0.09375,0.0952380952380952,0.019047619047619,False,False,False,True,0,0,0,0,0.125,0.4827586206896552,22600000
0.8534820924107294,0.0,0.145738313800204,0.15,0.09375,0.0952380952380952,0.019047619047619,False,False,True,False,0,0,0,0,0.125,0.1379310344827586,17900000
0.8550832826298063,0.0705705705705705,0.0574832092065508,0.0,0.09375,0.0952380952380952,0.019047619047619,False,True,False,False,1,1,1,1,0.25,0.0344827586206896,9450000
0.8742381838899576,0.0315315315315315,0.0300213613532705,0.0,0.03125,0.0476190476190476,0.0095238095238095,False,False,False,True,0,0,0,0,0.125,0.4482758620689654,3300000
0.942560981397918,0.057057057057057,0.0438003964359255,0.0,0.09375,0.0476190476190476,0.019047619047619,True,False,False,False,0,0,0,0,0.125,0.1379310344827586,5500000
0.842005860771593,0.045045045045045,0.0622943248080364,0.05,0.09375,0.0952380952380952,0.019047619047619,False,False,True,False,0,0,0,0,0.125,0.1379310344827586,8750000
0.9121823468137508,0.0075075075075075,0.0803841194696226,0.05,0.0625,0.0952380952380952,0.0095238095238095,False,False,False,True,0,0,0,0,0.125,0.4482758620689654,16600000
0.8991891303533635,0.0,0.0524796489810057,0.0,0.09375,0.0952380952380952,0.0095238095238095,True,False,False,False,0,0,0,0,0.125,0.1379310344827586,4400000
0.869254975713261,0.042042042042042,0.0571560533456497,0.0,0.09375,0.0952380952380952,0.019047619047619,False,False,True,False,0,0,0,0,0.125,0.2068965517241379,7300000
0.8523710616489382,0.03003003003003,0.0468795104208763,0.0,0.0,0.0,0.0,True,False,False,False,0,0,0,0,0.125,0.1379310344827586,2430000
0.8398624916481481,0.0105105105105105,0.08594576910494,0.05,0.09375,0.0952380952380952,0.0095238095238095,False,False,False,True,0,0,0,0,0.125,0.4827586206896552,12580000
0.9166940437328606,0.012012012012012,0.1031888074206646,0.05,0.125,0.0952380952380952,0.019047619047619,False,False,False,True,0,0,0,0,0.125,0.4827586206896552,20000000
0.7816085302872864,0.0375375375375375,0.0561360968381348,0.0,0.09375,0.1428571428571428,0.0285714285714285,False,False,True,False,0,0,0,0,0.125,0.1379310344827586,2350000
0.8750281092431749,0.0,0.0339664761464888,0.0,0.0625,0.0952380952380952,0.019047619047619,False,False,True,False,0,0,0,0,0.125,0.2068965517241379,7500000
0.9013404816813876,0.039039039039039,0.04899640128553,0.0,0.125,0.0952380952380952,0.0285714285714285,True,False,False,False,0,0,0,0,0.125,0.1379310344827586,4600000
0.8504080620708976,0.0075075075075075,0.1511075188114619,0.0,0.1875,0.0952380952380952,0.0666666666666666,False,True,False,False,1,1,1,1,0.5,0.1034482758620689,19850000
0.8064223604054348,0.0,0.075207359082424,0.05,0.0625,0.0952380952380952,0.0095238095238095,False,False,False,True,0,0,0,0,0.125,0.4827586206896552,9450000
0.9243424281085026,0.042042042042042,0.2038373458037449,0.1,0.09375,0.0952380952380952,0.019047619047619,False,False,False,True,0,0,0,0,0.125,0.7586206896551725,21500000
0.963194687004659,0.0135135135135135,0.0695494871350768,0.05,0.0625,0.0952380952380952,0.0095238095238095,False,False,False,True,0,0,0,0,0.125,0.4482758620689654,17350000
0.9391250001991692,0.0375375375375375,0.0884475492177126,0.0,0.09375,0.0952380952380952,0.019047619047619,False,False,False,True,0,0,0,0,0.125,0.4827586206896552,16500000
0.7645812924161248,0.0,0.0673171294959875,0.05,0.09375,0.0952380952380952,0.019047619047619,False,False,True,False,0,0,0,0,0.125,0.1379310344827586,6600000
0.838560281332775,0.039039039039039,0.0647383715335912,0.0,0.09375,0.0952380952380952,0.019047619047619,False,False,False,True,0,0,0,0,0.125,0.3793103448275862,7000000
0.9112557761769438,0.051051051051051,0.0634874814772049,0.0,0.09375,0.0952380952380952,0.019047619047619,True,False,False,False,0,0,0,0,0.125,0.1379310344827586,5000000
0.918357460951654,0.045045045045045,0.0279814483382406,0.0,0.03125,0.0476190476190476,0.0095238095238095,False,False,True,False,0,0,0,0,0.125,0.1379310344827586,4150000
0.8711155125741641,0.009009009009009,0.0735523353155129,0.05,0.0,0.0,0.0,False,False,False,True,0,0,0,0,0.125,0.3448275862068965,10000000
0.8980843424521368,0.0465465465465465,0.0565787194734715,0.0,0.0,0.0,0.0,True,False,False,False,0,0,0,0,0.125,0.1379310344827586,8400000
0.8731596069388274,0.0,0.0948751996612974,0.0,0.125,0.0952380952380952,0.019047619047619,False,True,False,False,1,1,1,1,0.375,0.0689655172413793,14500000
0.8601841227299758,0.033033033033033,0.0797105632854146,0.05,0.09375,0.0952380952380952,0.019047619047619,False,False,True,False,0,0,0,0,0.125,0.3103448275862069,13520000
0.8687239426625126,0.063063063063063,0.0519215595712333,0.0,0.0,0.0,0.0,True,False,False,False,0,0,0,0,0.125,0.1379310344827586,6200000
0.7702291620268227,0.042042042042042,0.0593499220599272,0.0,0.09375,0.0952380952380952,0.019047619047619,True,False,False,False,0,0,0,0,0.125,0.1034482758620689,3000000
0.8872901483930491,0.0375375375375375,0.0717433558493543,0.0,0.09375,0.0952380952380952,0.019047619047619,False,False,True,False,0,0,0,0,0.125,0.2068965517241379,11260000
0.9713499751145208,0.003003003003003,0.0635452148644227,0.05,0.0625,0.0952380952380952,0.0095238095238095,False,False,False,True,0,0,0,0,0.125,0.7931034482758621,17600000
0.8383506038034056,0.0375375375375375,0.060100456093759,0.0,0.09375,0.0952380952380952,0.019047619047619,False,False,False,True,0,0,0,0,0.125,0.5172413793103449,6800000
0.938048857791074,0.057057057057057,0.0441852856840444,0.0,0.125,0.0952380952380952,0.019047619047619,True,False,False,False,0,0,0,0,0.125,0.1379310344827586,10000000
0.9301571829542468,0.066066066066066,0.0630448588418682,0.0,0.1875,0.0476190476190476,0.0285714285714285,False,True,False,False,1,1,1,1,0.25,0.0344827586206896,13880000
0.8590237973133128,0.0675675675675675,0.0644304601350961,0.0,0.125,0.0952380952380952,0.0285714285714285,False,True,False,False,1,1,1,1,0.25,0.0344827586206896,23630000
0.7931219246525814,0.0405405405405405,0.1254931393491522,0.0,0.25,0.1428571428571428,0.0380952380952381,False,True,False,False,1,1,1,1,0.5,0.1034482758620689,11650000
0.930780137631274,0.0405405405405405,0.0424340396051036,0.0,0.0625,0.0952380952380952,0.0095238095238095,False,False,False,True,0,0,0,0,0.125,0.6206896551724138,7400000
0.906383934802932,0.0,0.0311760290976271,0.0,0.03125,0.0476190476190476,0.0095238095238095,False,False,False,True,0,0,0,0,0.125,0.3793103448275862,3605000
0.8688120843064837,0.054054054054054,0.0949329330485152,0.0,0.125,0.0952380952380952,0.019047619047619,False,True,False,False,1,1,1,1,0.25,0.0344827586206896,17000000
0.817458833697998,0.0045045045045045,0.0743990916613744,0.05,0.0625,0.0952380952380952,0.0095238095238095,False,False,True,False,0,0,0,0,0.125,0.2413793103448275,10300000
0.9942997234088295,0.015015015015015,0.0753035813944537,0.05,0.0,0.0,0.0,False,False,True,False,0,0,0,0,0.125,0.2068965517241379,11400000
0.8909372381886556,0.0,0.0258838019359929,0.05,0.03125,0.0476190476190476,0.0095238095238095,False,False,True,False,0,0,0,0,0.125,0.2068965517241379,5350000
0.952755390371351,0.0075075075075075,0.0969728460635452,0.05,0.0625,0.0952380952380952,0.019047619047619,False,False,False,True,0,0,0,0,0.125,0.4827586206896552,25550000
0.9773516269621324,0.018018018018018,0.1143890845409233,0.1,0.125,0.0952380952380952,0.019047619047619,False,False,False,True,0,0,0,0,0.125,0.4482758620689654,23500000
0.9141096847461938,0.036036036036036,0.0856378577064449,0.05,0.125,0.0952380952380952,0.019047619047619,False,False,True,False,0,0,0,0,0.125,0.2413793103448275,16100000
0.8596974750407185,0.018018018018018,0.0299058945788349,0.0,0.09375,0.0952380952380952,0.019047619047619,False,False,True,False,0,0,0,0,0.125,0.3103448275862069,4600000
0.8426615246838196,0.0,0.1139464619055866,0.0,0.15625,0.0952380952380952,0.0380952380952381,False,True,False,False,1,1,1,1,0.5,0.1034482758620689,16300000
0.9932633059892452,0.021021021021021,0.0200912187518041,0.0,0.03125,0.0476190476190476,0.0095238095238095,False,False,True,False,0,0,0,0,0.125,0.2068965517241379,5700000
0.960665419795646,0.0105105105105105,0.0783826953794045,0.05,0.03125,0.0952380952380952,0.019047619047619,False,False,True,False,0,0,0,0,0.125,0.3103448275862069,15880000
0.887185210539684,0.0195195195195195,0.0215730423570617,0.0,0.03125,0.0476190476190476,0.0095238095238095,False,False,True,False,0,0,0,0,0.125,0.3103448275862069,5250000
0.8789566989228206,0.042042042042042,0.1091545907665069,0.0,0.09375,0.0952380952380952,0.019047619047619,False,False,False,True,0,0,0,0,0.25,0.3793103448275862,16200000
0.8120205825065625,0.0075075075075075,0.0668937513230567,0.0,0.09375,0.0952380952380952,0.019047619047619,False,False,False,True,0,0,0,0,0.125,0.4482758620689654,6800000
0.8715520822299538,0.0375375375375375,0.1444874237438177,0.0,0.15625,0.1428571428571428,0.0380952380952381,False,True,False,False,1,1,1,1,0.375,0.0689655172413793,13800000
0.841390169674952,0.06006006006006,0.0768046494621172,0.0,0.09375,0.0952380952380952,0.019047619047619,False,True,False,False,1,1,1,1,0.25,0.0344827586206896,15900000
0.8005054173520989,0.0,0.053711294574986,0.05,0.0625,0.0476190476190476,0.0095238095238095,False,False,True,False,0,0,0,0,0.125,0.2413793103448275,7600000
0.8810405855312524,0.024024024024024,0.1261859399957662,0.05,0.125,0.0952380952380952,0.019047619047619,False,False,True,False,0,0,0,0,0.125,0.2413793103448275,16300000
0.930780137631274,0.0405405405405405,0.0424340396051036,0.0,0.0625,0.0476190476190476,0.0095238095238095,False,False,False,True,0,0,0,0,0.125,0.6206896551724138,9000000
0.8943015569049351,0.072072072072072,0.0759001597290379,0.0,0.28125,0.1428571428571428,0.0380952380952381,False,True,False,False,1,1,1,1,0.25,0.0344827586206896,13000000
0.906121386647385,0.021021021021021,0.0253642014510324,0.0,0.03125,0.0476190476190476,0.0095238095238095,False,False,True,False,0,0,0,0,0.125,0.2413793103448275,4700000
0.8688209302057999,0.0255255255255255,0.0153955699247541,0.0,0.0,0.0,0.0,False,False,True,False,0,0,0,0,0.125,0.1379310344827586,2500000
0.872023288476953,0.039039039039039,0.0201681966014279,0.0,0.03125,0.0476190476190476,0.0095238095238095,False,False,True,False,0,0,0,0,0.125,0.1724137931034483,2600000
0.8089543511684951,0.0015015015015015,0.091988530300406,0.05,0.09375,0.0952380952380952,0.019047619047619,False,False,False,True,0,0,0,0,0.125,0.4827586206896552,9000000
0.8797780514702538,0.0255255255255255,0.1017069838154071,0.05,0.09375,0.0952380952380952,0.019047619047619,False,False,False,True,0,0,0,0,0.125,0.3793103448275862,13500000
0.8088326833934047,0.0,0.0347554991051324,0.0,0.03125,0.0476190476190476,0.0095238095238095,False,False,True,False,0,0,0,0,0.125,0.3103448275862069,3330000
0.9348757984564032,0.0675675675675675,0.0484575563381636,0.0,0.09375,0.0476190476190476,0.0095238095238095,False,True,False,False,1,1,1,1,0.25,0.0344827586206896,6500000
0.8872901483930491,0.036036036036036,0.0861574581914054,0.05,0.125,0.0952380952380952,0.019047619047619,False,False,True,False,0,0,0,0,0.125,0.2068965517241379,10400000
0.918716266184191,0.0,0.1031695629582587,0.0,0.0625,0.0952380952380952,0.019047619047619,False,False,True,False,0,0,0,0,0.125,0.2068965517241379,14400000
0.8930684150277841,0.036036036036036,0.1034967188191597,0.05,0.09375,0.0952380952380952,0.019047619047619,False,False,True,False,0,0,0,0,0.125,0.2068965517241379,13500000
0.9480546288608308,0.045045045045045,0.016088370571368,0.0,0.03125,0.0476190476190476,0.0095238095238095,False,False,False,True,0,0,0,0,0.125,0.3793103448275862,2700000
0.9391250001991692,0.036036036036036,0.0872543925485441,0.0,0.09375,0.0952380952380952,0.019047619047619,False,False,False,True,0,0,0,0,0.125,0.4827586206896552,6000000
0.8251945269756789,0.012012012012012,0.1181032657852702,0.0,0.125,0.0952380952380952,0.0380952380952381,False,True,False,False,1,1,1,1,0.375,0.0689655172413793,15500000
0.8562482280102586,0.0435435435435435,0.0749764255335527,0.1,0.0625,0.0952380952380952,0.0095238095238095,False,False,True,False,0,0,0,0,0.125,0.1724137931034483,7830000
0.8950724358397224,0.0,0.0555395185035506,0.0,0.15625,0.1428571428571428,0.0285714285714285,False,True,False,False,1,1,1,1,0.25,0.0344827586206896,10000000
0.963194687004659,0.012012012012012,0.0484960452629755,0.0,0.0,0.0,0.0,False,False,False,True,0,0,0,0,0.125,0.4482758620689654,10200000
0.8056295769107464,0.0045045045045045,0.0834439889921675,0.05,0.0625,0.0952380952380952,0.0095238095238095,False,False,False,True,0,0,0,0,0.125,0.4827586206896552,9600000
0.884173380174758,0.0,0.0636414371764524,0.05,0.0625,0.0952380952380952,0.0095238095238095,False,False,True,False,0,0,0,0,0.125,0.3103448275862069,11900000
0.9014549383001054,0.0465465465465465,0.0244597117179531,0.0,0.03125,0.0476190476190476,0.0095238095238095,False,False,False,True,0,0,0,0,0.125,0.5172413793103449,3420000
0.9433916556469626,0.039039039039039,0.0814618093643554,0.05,0.09375,0.0476190476190476,0.019047619047619,False,False,True,False,0,0,0,0,0.125,0.2068965517241379,12980000
0.8827304214912886,0.0,0.0482843561765102,0.0,0.0625,0.0952380952380952,0.0095238095238095,False,False,False,True,0,0,0,0,0.125,0.3448275862068965,8640000
0.8075926986535933,0.018018018018018,0.1391951965821834,0.0,0.15625,0.0952380952380952,0.0476190476190476,False,True,False,False,1,1,1,1,0.625,0.1379310344827586,16000000
0.90736171879351,0.021021021021021,0.0427611954660046,0.05,0.03125,0.0476190476190476,0.0095238095238095,False,False,True,False,0,0,0,0,0.125,0.2068965517241379,5800000
0.8898782309394164,0.042042042042042,0.067817485518542,0.0,0.09375,0.0952380952380952,0.019047619047619,False,False,True,False,0,0,0,0,0.125,0.2068965517241379,8880000
0.8827304214912886,0.0,0.0562323191501645,0.05,0.0625,0.0952380952380952,0.019047619047619,False,False,False,True,0,0,0,0,0.125,0.3448275862068965,9740000
0.8827779501289115,0.0345345345345345,0.0408752381502222,0.0,0.0625,0.0476190476190476,0.0095238095238095,False,False,False,True,0,0,0,0,0.125,0.6896551724137931,7150000
0.8100223071496657,0.0,0.055404807266709,0.05,0.0625,0.0952380952380952,0.0095238095238095,False,False,False,True,0,0,0,0,0.125,0.3793103448275862,5630000
0.8970041717999777,0.021021021021021,0.0219579316051806,0.0,0.03125,0.0476190476190476,0.0095238095238095,False,False,True,False,0,0,0,0,0.125,0.2758620689655172,6000000
0.8702102549942765,0.0,0.0388545695975982,0.0,0.09375,0.0476190476190476,0.019047619047619,False,True,False,False,1,1,1,1,0.25,0.0344827586206896,6420000
0.8761040448986535,0.015015015015015,0.0470911995073417,0.05,0.0625,0.0476190476190476,0.019047619047619,False,False,False,True,0,0,0,0,0.125,0.3448275862068965,9380000
0.8267951265013096,0.0,0.0835787002290091,0.05,0.09375,0.0952380952380952,0.019047619047619,False,False,True,False,0,0,0,0,0.125,0.1724137931034483,8700000
0.8541268960461252,0.0,0.0641995265862248,0.05,0.09375,0.0952380952380952,0.019047619047619,False,False,True,False,0,0,0,0,0.125,0.1379310344827586,11530000
0.9759167790402898,0.0195195195195195,0.0871004368492966,0.05,0.09375,0.0952380952380952,0.019047619047619,False,False,False,True,0,0,0,0,0.125,0.4827586206896552,22500000
0.8888039929405238,0.0555555555555555,0.0615245463117987,0.0,0.09375,0.0952380952380952,0.019047619047619,True,False,False,False,0,0,0,0,0.125,0.1379310344827586,5300000
0.8365720275028252,0.0,0.1956007158940015,0.0,0.125,0.1904761904761904,0.0380952380952381,False,True,False,False,1,1,1,1,0.125,0.0,25000000
0.8099313196147477,0.0075075075075075,0.0720127783230375,0.05,0.09375,0.0952380952380952,0.019047619047619,False,False,True,False,0,0,0,0,0.125,0.2068965517241379,8100000
0.8777397917255598,0.0,0.0566172083982833,0.0,0.125,0.0952380952380952,0.019047619047619,False,False,True,False,0,0,0,0,0.125,0.1724137931034483,6300000
0.930780137631274,0.042042042042042,0.0424340396051036,0.0,0.0625,0.0476190476190476,0.0095238095238095,False,False,False,True,0,0,0,0,0.125,0.6206896551724138,9000000
0.882164436201009,0.0315315315315315,0.1464888478340357,0.0,0.15625,0.0952380952380952,0.0285714285714285,False,True,False,False,1,1,1,1,0.375,0.0689655172413793,19800000
0.9808432966117664,0.042042042042042,0.0720897561726613,0.05,0.09375,0.0952380952380952,0.019047619047619,False,False,True,False,0,0,0,0,0.125,0.2068965517241379,12880000
0.8750281092431749,0.0,0.0411831495487173,0.0,0.0625,0.0952380952380952,0.019047619047619,False,False,True,False,0,0,0,0,0.125,0.2068965517241379,7380000
0.85250091060459,0.03003003003003,0.1144275734657352,0.0,0.375,0.0476190476190476,0.1142857142857143,False,True,False,False,1,1,1,1,0.375,0.0689655172413793,7300000
0.923854165084947,0.0225225225225225,0.0419914169697669,0.05,0.0625,0.0476190476190476,0.0095238095238095,False,False,True,False,0,0,0,0,0.125,0.1724137931034483,6990000
0.8521107159320707,0.021021021021021,0.0598887670072936,0.05,0.03125,0.0476190476190476,0.0095238095238095,False,False,False,True,0,0,0,0,0.125,0.4827586206896552,8870000
0.8685663905899048,0.0,0.0753228258568596,0.05,0.09375,0.0952380952380952,0.019047619047619,False,False,True,False,0,0,0,0,0.125,0.1379310344827586,14730000
0.9713499751145208,0.0,0.0636606816388584,0.05,0.0625,0.0952380952380952,0.0095238095238095,False,False,False,True,0,0,0,0,0.125,0.7931034482758621,16200000
0.8821928497064846,0.0375375375375375,0.0521909820449165,0.05,0.09375,0.0952380952380952,0.019047619047619,False,False,True,False,0,0,0,0,0.125,0.2068965517241379,7300000
0.8126403414888159,0.0,0.0696264649847006,0.0,0.125,0.0952380952380952,0.019047619047619,False,False,True,False,0,0,0,0,0.125,0.1379310344827586,6700000
0.8687935935462576,0.009009009009009,0.035236610665281,0.0,0.03125,0.0476190476190476,0.019047619047619,False,False,True,False,0,0,0,0,0.125,0.2068965517241379,5030000
0.8099313196147477,0.009009009009009,0.0759386486538498,0.05,0.09375,0.0952380952380952,0.019047619047619,False,False,True,False,0,0,0,0,0.125,0.2068965517241379,6700000
0.81049387085082,0.021021021021021,0.0164925042818928,0.0,0.03125,0.0476190476190476,0.0095238095238095,False,False,True,False,0,0,0,0,0.125,0.1724137931034483,1490000
0.8907328912849266,0.021021021021021,0.2084367723187652,0.1,0.125,0.0952380952380952,0.019047619047619,False,False,False,True,0,0,0,0,0.125,0.4137931034482758,25000000
0.8711155125741641,0.0105105105105105,0.0465331100975694,0.0,0.0,0.0,0.0,False,False,False,True,0,0,0,0,0.125,0.3448275862068965,7850000
0.951754911856483,0.0165165165165165,0.1120605045898042,0.05,0.125,0.0952380952380952,0.019047619047619,False,False,False,True,0,0,0,0,0.125,0.4482758620689654,22200000
0.9243424281085026,0.0405405405405405,0.1059022766199026,0.05,0.09375,0.0952380952380952,0.019047619047619,False,False,False,True,0,0,0,0,0.125,0.7586206896551725,10380000
0.8295852203883101,0.0,0.0618324577102938,0.0,0.1875,0.0476190476190476,0.019047619047619,False,True,False,False,1,1,1,1,0.25,0.0344827586206896,3000000
0.850586247540889,0.0,0.0522487154321344,0.0,0.125,0.0476190476190476,0.0285714285714285,False,True,False,False,1,1,1,1,0.25,0.0344827586206896,7000000
0.8499160160754684,0.0345345345345345,0.0189750399322594,0.0,0.0,0.0,0.0,False,False,True,False,0,0,0,0,0.125,0.1034482758620689,740000
0.973029425703146,0.015015015015015,0.0692800646613936,0.05,0.0625,0.0952380952380952,0.019047619047619,False,False,False,True,0,0,0,0,0.125,0.4137931034482758,16300000
0.8890663575079998,0.0,0.0944133325635548,0.0,0.125,0.0952380952380952,0.019047619047619,False,True,False,False,1,1,1,1,0.25,0.0344827586206896,19500000
0.9633628691001376,0.0525525525525525,0.0624097915824721,0.0,0.15625,0.0952380952380952,0.0380952380952381,False,True,False,False,1,1,1,1,0.25,0.0344827586206896,17500000
0.9019639097998606,0.033033033033033,0.0717818447741662,0.05,0.0625,0.0952380952380952,0.0095238095238095,False,False,True,False,0,0,0,0,0.125,0.3103448275862069,4200000
0.9216794024597164,0.0,0.0896791948116929,0.05,0.09375,0.0952380952380952,0.019047619047619,False,False,True,False,0,0,0,0,0.125,0.2758620689655172,13180000
0.81049387085082,0.021021021021021,0.0153955699247541,0.0,0.0,0.0,0.0,False,False,True,False,0,0,0,0,0.125,0.1724137931034483,1080000
0.7893422526948086,0.0,0.0535765833381444,0.0,0.0625,0.0952380952380952,0.019047619047619,False,False,False,True,0,0,0,0,0.125,0.3448275862068965,3060000
0.978919875635853,0.042042042042042,0.0663741508380963,0.0,0.09375,0.0952380952380952,0.019047619047619,False,False,True,False,0,0,0,0,0.125,0.2068965517241379,11000000
0.904288976433662,0.0435435435435435,0.03960510363143,0.0,0.03125,0.0952380952380952,0.019047619047619,False,False,True,False,0,0,0,0,0.125,0.2068965517241379,6880000
0.8960372272579775,0.0435435435435435,0.0438773742855493,0.0,0.09375,0.0952380952380952,0.0095238095238095,False,False,False,True,0,0,0,0,0.125,0.3793103448275862,5075000
0.9686690586835311,0.0045045045045045,0.1001096934357138,0.05,0.09375,0.0952380952380952,0.019047619047619,False,False,False,True,0,0,0,0,0.125,0.9655172413793104,25000000
0.8048250844877316,0.021021021021021,0.0649693050824625,0.05,0.0625,0.0952380952380952,0.0095238095238095,False,False,False,True,0,0,0,0,0.125,0.4137931034482758,6250000
0.8839297370578265,0.0315315315315315,0.0671631737967399,0.0,0.09375,0.0952380952380952,0.019047619047619,False,False,False,True,0,0,0,0,0.125,0.7241379310344828,9400000
0.8767792098235816,0.0225225225225225,0.1040548082289321,0.05,0.125,0.0952380952380952,0.019047619047619,False,False,False,True,0,0,0,0,0.125,0.3793103448275862,17100000
0.9942997234088295,0.0135135135135135,0.0676250408944826,0.05,0.0,0.0,0.0,False,False,True,False,0,0,0,0,0.125,0.2068965517241379,10100000
0.8691009162043315,0.036036036036036,0.0757654484921963,0.05,0.09375,0.0952380952380952,0.019047619047619,False,False,False,True,0,0,0,0,0.125,0.4482758620689654,9800000
0.992072822063335,0.0225225225225225,0.0171468160036949,0.0,0.03125,0.0476190476190476,0.0095238095238095,False,False,True,False,0,0,0,0,0.125,0.1724137931034483,3700000
0.9664417165487292,0.0105105105105105,0.0900833285222177,0.05,0.0625,0.0952380952380952,0.0095238095238095,False,False,False,True,0,0,0,0,0.125,0.896551724137931,23500000
0.8752125417884713,0.0465465465465465,0.0189557954698535,0.0,0.03125,0.0476190476190476,0.0095238095238095,False,False,True,False,0,0,0,0,0.125,0.1379310344827586,3800000
0.8516905582019945,0.0225225225225225,0.1283605642476377,0.0,0.0,0.0,0.0,False,True,False,False,1,1,1,1,0.5,0.1034482758620689,9500000
0.8551099529481974,0.018018018018018,0.1023612955372091,0.05,0.09375,0.0952380952380952,0.019047619047619,False,False,False,True,0,0,0,0,0.125,0.4137931034482758,12000000
0.8946374870645855,0.0555555555555555,0.0149337028270115,0.0,0.09375,0.0476190476190476,0.0095238095238095,False,False,True,False,0,0,0,0,0.125,0.1379310344827586,2440000
0.8812496513193082,0.042042042042042,0.086965725612455,0.05,0.09375,0.0952380952380952,0.019047619047619,False,False,True,False,0,0,0,0,0.125,0.2068965517241379,8320000
0.8710481115851678,0.0195195195195195,0.0225929988645767,0.0,0.03125,0.0476190476190476,0.0095238095238095,False,False,True,False,0,0,0,0,0.125,0.3103448275862069,3500000
0.8839297370578265,0.033033033033033,0.0407212824509747,0.0,0.0625,0.0952380952380952,0.0095238095238095,False,False,False,True,0,0,0,0,0.125,0.6551724137931035,7400000
0.979351921362536,0.042042042042042,0.0636221927140465,0.0,0.0625,0.0476190476190476,0.019047619047619,False,False,False,True,0,0,0,0,0.125,0.4137931034482758,10200000
0.893823606278545,0.0465465465465465,0.0813463425899197,0.05,0.09375,0.0952380952380952,0.019047619047619,False,False,True,False,0,0,0,0,0.125,0.1724137931034483,8200000
0.8159726423340032,0.021021021021021,0.0542886284471643,0.05,0.0625,0.0952380952380952,0.0095238095238095,False,False,False,True,0,0,0,0,0.125,0.4482758620689654,6750000
0.8789043631985294,0.06006006006006,0.0457633316013317,0.0,0.09375,0.0476190476190476,0.019047619047619,True,False,False,False,0,0,0,0,0.125,0.1379310344827586,3600000
0.8296695510415759,0.0435435435435435,0.1672921116948598,0.0,0.09375,0.1428571428571428,0.0380952380952381,False,True,False,False,1,1,1,1,0.375,0.0689655172413793,13380000
0.862089240666279,0.0495495495495495,0.0912187518041683,0.0,0.125,0.1428571428571428,0.0476190476190476,False,True,False,False,1,1,1,1,0.375,0.0689655172413793,15000000
0.9686690586835311,0.003003003003003,0.0975694243981294,0.05,0.09375,0.0952380952380952,0.019047619047619,False,False,False,True,0,0,0,0,0.125,0.9655172413793104,20500000
0.9627985101312504,0.0,0.0363335450224198,0.0,0.0625,0.0952380952380952,0.019047619047619,False,False,True,False,0,0,0,0,0.125,0.2068965517241379,9500000
0.991810204129706,0.033033033033033,0.0790562515636125,0.05,0.0,0.0,0.0,False,False,True,False,0,0,0,0,0.125,0.1724137931034483,10000000
0.9617224200988232,0.0135135135135135,0.0897369281989107,0.05,0.09375,0.0952380952380952,0.019047619047619,False,False,False,True,0,0,0,0,0.125,0.4827586206896552,22000000
0.8267951265013096,0.0,0.073860246714008,0.05,0.09375,0.0952380952380952,0.019047619047619,False,False,True,False,0,0,0,0,0.125,0.1724137931034483,8160000
0.8521107159320707,0.021021021021021,0.0894675057252275,0.05,0.09375,0.0952380952380952,0.019047619047619,False,False,False,True,0,0,0,0,0.125,0.4827586206896552,13560000
0.8410749520229501,0.0075075075075075,0.1545330331197197,0.0,0.15625,0.0952380952380952,0.0476190476190476,False,True,False,False,1,1,1,1,0.625,0.1379310344827586,23800000
0.8853826704822154,0.042042042042042,0.0593884109847391,0.0,0.09375,0.0952380952380952,0.019047619047619,False,False,True,False,0,0,0,0,0.125,0.1724137931034483,7200000
0.8435483832513455,0.0105105105105105,0.1060177433943382,0.05,0.0625,0.0952380952380952,0.019047619047619,False,False,True,False,0,0,0,0,0.125,0.2413793103448275,16600000
0.8523138541421531,0.0,0.1483363162250062,0.1,0.125,0.0952380952380952,0.019047619047619,False,False,False,True,0,0,0,0,0.125,0.3793103448275862,16000000
0.8746204504742252,0.0,0.0469372438080942,0.0,0.0625,0.0952380952380952,0.019047619047619,False,True,False,False,1,1,1,1,0.25,0.0344827586206896,4200000
0.8536972329584955,0.012012012012012,0.0617169909358582,0.05,0.0625,0.0476190476190476,0.0095238095238095,False,False,False,True,0,0,0,0,0.125,0.4827586206896552,8180000
0.7677079637488475,0.0,0.0714546889132652,0.05,0.09375,0.0952380952380952,0.019047619047619,False,False,True,False,0,0,0,0,0.125,0.1379310344827586,7400000
0.8898777109833702,0.048048048048048,0.0611204126012739,0.0,0.0,0.0,0.0,True,False,False,False,0,0,0,0,0.125,0.1379310344827586,5180000
0.817458833697998,0.003003003003003,0.0939129765410003,0.05,0.09375,0.0952380952380952,0.019047619047619,False,False,True,False,0,0,0,0,0.125,0.2413793103448275,12400000
0.9538132318561452,0.003003003003003,0.1008794719319515,0.05,0.09375,0.0952380952380952,0.019047619047619,False,False,True,False,0,0,0,0,0.125,0.1724137931034483,19080000
0.8841410003319652,0.0255255255255255,0.0456093759020841,0.0,0.03125,0.0476190476190476,0.0095238095238095,False,False,True,False,0,0,0,0,0.125,0.1034482758620689,5300000
0.8864297639625249,0.021021021021021,0.0724169120335623,0.0,0.0625,0.0952380952380952,0.019047619047619,False,False,False,True,0,0,0,0,0.125,0.4482758620689654,8900000
0.8499160160754684,0.0345345345345345,0.0366414564209148,0.0,0.0625,0.0952380952380952,0.019047619047619,True,False,False,False,0,0,0,0,0.125,0.1034482758620689,1180000
0.8700297857314183,0.0405405405405405,0.0701845543944729,0.0,0.09375,0.0952380952380952,0.019047619047619,False,False,False,True,0,0,0,0,0.125,0.3793103448275862,8600000
0.881466826262681,0.0135135135135135,0.0216692646690914,0.0,0.03125,0.0476190476190476,0.0095238095238095,False,False,True,False,0,0,0,0,0.125,0.3103448275862069,3680000
0.8696287317798408,0.0585585585585585,0.0763427823643746,0.0,0.125,0.1428571428571428,0.019047619047619,True,False,False,False,0,0,0,0,0.125,0.1379310344827586,6250000
0.8725259247408701,0.012012012012012,0.0836941670034447,0.2,0.0,0.0,0.0,False,False,False,True,0,0,0,0,0.125,0.4482758620689654,16880000
0.9607207908675264,0.0495495495495495,0.0895444835748513,0.0,0.46875,0.238095238095238,0.1428571428571428,False,True,False,False,1,1,1,1,0.25,0.0344827586206896,20500000
0.7944227374389925,0.033033033033033,0.1068837442026057,0.0,0.125,0.0952380952380952,0.0285714285714285,False,True,False,False,1,1,1,1,0.5,0.1034482758620689,14580000
0.8827779501289115,0.036036036036036,0.088986394165079,0.0,0.125,0.0952380952380952,0.019047619047619,False,False,False,True,0,0,0,0,0.125,0.7241379310344828,12680000
0.8985847455448948,0.0345345345345345,0.1475665377287685,0.0,0.15625,0.0952380952380952,0.0285714285714285,False,True,False,False,1,1,1,1,0.5,0.1034482758620689,25500000
0.8841410003319652,0.024024024024024,0.0492080903719954,0.05,0.03125,0.0476190476190476,0.0095238095238095,False,False,True,False,0,0,0,0,0.125,0.1034482758620689,4000000
0.8970041717999777,0.0195195195195195,0.0219579316051806,0.0,0.03125,0.0476190476190476,0.0095238095238095,False,False,True,False,0,0,0,0,0.125,0.2758620689655172,5000000
0.9775029551164208,0.039039039039039,0.0625445028193137,0.05,0.09375,0.0952380952380952,0.019047619047619,False,False,True,False,0,0,0,0,0.125,0.2068965517241379,12700000
0.8893623568053499,0.0465465465465465,0.0356984777630236,0.0,0.0625,0.0476190476190476,0.0095238095238095,False,True,False,False,1,1,1,1,0.25,0.0344827586206896,6000000
0.8025978236386493,0.0,0.1107133922213882,0.05,0.09375,0.0952380952380952,0.019047619047619,False,False,True,False,0,0,0,0,0.125,0.2758620689655172,13020000
0.8991751197515896,0.0,0.0439158632103612,0.0,0.0625,0.0476190476190476,0.0095238095238095,True,False,False,False,0,0,0,0,0.125,0.1379310344827586,5500000
0.8284566749983071,0.015015015015015,0.0897561726613167,0.05,0.09375,0.0952380952380952,0.019047619047619,False,False,False,True,0,0,0,0,0.125,0.3448275862068965,15300000
0.8480348323300575,0.0255255255255255,0.0659892615899774,0.0,0.125,0.0952380952380952,0.0285714285714285,False,True,False,False,1,1,1,1,0.375,0.0689655172413793,6400000
0.8499160160754684,0.036036036036036,0.0185131728345168,0.0,0.03125,0.0476190476190476,0.0095238095238095,False,False,True,False,0,0,0,0,0.125,0.3103448275862069,950000
0.9618360092282215,0.0405405405405405,0.0713007332140176,0.05,0.09375,0.0952380952380952,0.019047619047619,False,False,True,False,0,0,0,0,0.125,0.2413793103448275,15200000
0.8820416839931227,0.036036036036036,0.0897754171237226,0.05,0.09375,0.0952380952380952,0.019047619047619,False,False,False,True,0,0,0,0,0.125,0.7241379310344828,13000000
0.9029464385763504,0.021021021021021,0.1482016049881646,0.0,0.15625,0.1428571428571428,0.0476190476190476,False,True,False,False,1,1,1,1,0.625,0.1379310344827586,19250000
0.9017182055552836,0.0435435435435435,0.0572137867328676,0.05,0.0625,0.0952380952380952,0.019047619047619,True,False,False,False,0,0,0,0,0.125,0.1379310344827586,7680000
0.807868301088206,0.0105105105105105,0.0789215403267709,0.05,0.09375,0.0952380952380952,0.019047619047619,False,False,True,False,0,0,0,0,0.125,0.2068965517241379,9680000
0.8696571272201936,0.0225225225225225,0.0241133113946461,0.0,0.03125,0.0476190476190476,0.0095238095238095,False,False,True,False,0,0,0,0,0.125,0.2068965517241379,3500000
0.9649126767078542,0.018018018018018,0.0933741315936339,0.05,0.09375,0.0952380952380952,0.019047619047619,False,False,False,True,0,0,0,0,0.125,0.4482758620689654,22760000
0.8951104797655489,0.042042042042042,0.0301368281277062,0.0,0.03125,0.0476190476190476,0.0095238095238095,False,False,True,False,0,0,0,0,0.125,0.2758620689655172,4375000
0.90736171879351,0.0195195195195195,0.0506706695148471,0.05,0.03125,0.0476190476190476,0.0095238095238095,False,False,True,False,0,0,0,0,0.125,0.2068965517241379,3780000
0.9895263112929342,0.045045045045045,0.0636799261012643,0.0,0.09375,0.0476190476190476,0.019047619047619,True,False,False,False,0,0,0,0,0.125,0.1379310344827586,9700000
0.8793807070689184,0.024024024024024,0.1100783249619921,0.05,0.125,0.0952380952380952,0.019047619047619,False,False,False,True,0,0,0,0,0.125,0.4482758620689654,15800000
0.8825747203157164,0.0375375375375375,0.0259415353232107,0.0,0.03125,0.0476190476190476,0.0095238095238095,False,False,False,True,0,0,0,0,0.125,0.4137931034482758,3400000
0.9178666379611968,0.06006006006006,0.036930123357004,0.0,0.09375,0.0952380952380952,0.019047619047619,True,False,False,False,0,0,0,0,0.125,0.1379310344827586,7390000
0.8645477124067042,0.072072072072072,0.075188114620018,0.0,0.15625,0.0952380952380952,0.0571428571428571,False,True,False,False,1,1,1,1,0.25,0.0344827586206896,21880000
0.936576116527732,0.0315315315315315,0.0756114927929488,0.0,0.09375,0.0952380952380952,0.019047619047619,False,False,False,True,0,0,0,0,0.125,0.3793103448275862,15200000
0.9122030640631068,0.048048048048048,0.0783057175297808,0.0,0.09375,0.0952380952380952,0.019047619047619,True,False,False,False,0,0,0,0,0.125,0.1379310344827586,7500000
0.9008166647845428,0.042042042042042,0.0564440082366299,0.0,0.0625,0.0476190476190476,0.019047619047619,False,False,True,False,0,0,0,0,0.125,0.2758620689655172,7900000
0.8959951535986193,0.0165165165165165,0.1022265843003675,0.1,0.09375,0.0952380952380952,0.019047619047619,False,False,False,True,0,0,0,0,0.125,0.4137931034482758,16800000
0.8823794877922921,0.0,0.0392971922329349,0.0,0.09375,0.0952380952380952,0.019047619047619,False,True,False,False,1,1,1,1,0.25,0.0344827586206896,6880000
0.8841410003319652,0.0255255255255255,0.0442815079960741,0.05,0.03125,0.0476190476190476,0.0095238095238095,False,False,True,False,0,0,0,0,0.125,0.1034482758620689,5380000
0.8717929388975847,0.0705705705705705,0.0712622442892057,0.0,0.09375,0.0952380952380952,0.019047619047619,False,True,False,False,1,1,1,1,0.25,0.0344827586206896,13500000
0.951754911856483,0.015015015015015,0.097704135634971,0.05,0.09375,0.0952380952380952,0.019047619047619,False,False,False,True,0,0,0,0,0.125,0.4137931034482758,20500000
0.874022993412467,0.003003003003003,0.0466293324095991,0.0,0.03125,0.0952380952380952,0.0095238095238095,False,False,False,True,0,0,0,0,0.125,0.3793103448275862,9500000
0.8017954228678548,0.0,0.0482073783268864,0.0,0.09375,0.0952380952380952,0.0095238095238095,False,True,False,False,1,1,1,1,0.25,0.0344827586206896,5000000
0.8761040448986535,0.012012012012012,0.0416450166464599,0.0,0.09375,0.0952380952380952,0.019047619047619,False,False,False,True,0,0,0,0,0.125,0.3448275862068965,8400000
0.923854165084947,0.021021021021021,0.0419914169697669,0.05,0.0625,0.0952380952380952,0.0095238095238095,False,False,True,False,0,0,0,0,0.125,0.1724137931034483,7000000
0.8695223932729164,0.0375375375375375,0.076535226988434,0.05,0.09375,0.0952380952380952,0.019047619047619,False,False,True,False,0,0,0,0,0.125,0.1379310344827586,7300000
0.8970041717999777,0.021021021021021,0.0314839404961222,0.05,0.03125,0.0476190476190476,0.0095238095238095,False,False,True,False,0,0,0,0,0.125,0.2758620689655172,7800000
0.8524890670175864,0.0165165165165165,0.1016300059657833,0.1,0.09375,0.0952380952380952,0.019047619047619,False,False,False,True,0,0,0,0,0.125,0.4827586206896552,14500000
0.9713499751145208,0.0,0.091661374439505,0.05,0.09375,0.0952380952380952,0.019047619047619,False,False,False,True,0,0,0,0,0.125,0.7931034482758621,11700000
0.9019639097998606,0.0345345345345345,0.0668745068606508,0.05,0.09375,0.0952380952380952,0.0095238095238095,False,False,True,False,0,0,0,0,0.125,0.3103448275862069,7750000
0.8841410003319652,0.024024024024024,0.0293670496314685,0.0,0.03125,0.0476190476190476,0.0095238095238095,False,False,True,False,0,0,0,0,0.125,0.1034482758620689,3500000
0.8603199461933002,0.021021021021021,0.1313819448453707,0.15,0.125,0.0952380952380952,0.0285714285714285,False,False,False,True,0,0,0,0,0.125,0.4137931034482758,16000000
0.9618360092282215,0.0375375375375375,0.0712622442892057,0.05,0.09375,0.0952380952380952,0.019047619047619,False,False,True,False,0,0,0,0,0.125,0.2068965517241379,11800000
0.81049387085082,0.021021021021021,0.0170698381540711,0.0,0.03125,0.0476190476190476,0.0095238095238095,False,False,True,False,0,0,0,0,0.125,0.1724137931034483,1520000
0.9026292478295376,0.0135135135135135,0.1223370475145776,0.1,0.09375,0.0952380952380952,0.0095238095238095,False,False,False,True,0,0,0,0,0.125,0.5862068965517242,21450000
0.8699318505002793,0.0375375375375375,0.1105017031349229,0.05,0.125,0.0952380952380952,0.019047619047619,False,False,False,True,0,0,0,0,0.125,0.3793103448275862,14700000
0.9026292478295376,0.012012012012012,0.0692608201989877,0.1,0.125,0.0952380952380952,0.019047619047619,False,False,False,True,0,0,0,0,0.125,0.5862068965517242,10000000
0.8793807070689184,0.027027027027027,0.1100783249619921,0.05,0.125,0.0952380952380952,0.019047619047619,False,False,False,True,0,0,0,0,0.125,0.4482758620689654,17000000
0.9675174813824584,0.009009009009009,0.0792102072628601,0.05,0.0625,0.0952380952380952,0.0095238095238095,False,False,False,True,0,0,0,0,0.125,0.7586206896551725,19260000
0.9662155135023625,0.069069069069069,0.0400862151915786,0.0,0.15625,0.0952380952380952,0.0095238095238095,False,True,False,False,1,1,1,1,0.25,0.0344827586206896,13000000
0.8831576046630119,0.027027027027027,0.0937397763793468,0.05,0.09375,0.0952380952380952,0.019047619047619,False,False,False,True,0,0,0,0,0.125,0.4137931034482758,14300000
0.849067080310391,0.0375375375375375,0.0168581490676057,0.0,0.03125,0.0476190476190476,0.0095238095238095,True,False,False,False,0,0,0,0,0.125,0.1379310344827586,600000
0.9731801028842142,0.0495495495495495,0.0649693050824625,0.0,0.0,0.0,0.0,True,False,False,False,0,0,0,0,0.125,0.1379310344827586,7900000
0.8747592683729977,0.018018018018018,0.0219964205299924,0.0,0.03125,0.0476190476190476,0.0095238095238095,False,False,False,True,0,0,0,0,0.125,0.3448275862068965,2950000
0.816308482993378,0.0,0.0555395185035506,0.0,0.09375,0.0476190476190476,0.019047619047619,False,True,False,False,1,1,1,1,0.25,0.0344827586206896,1600000
0.8685663905899048,0.0,0.0753228258568596,0.05,0.09375,0.0952380952380952,0.019047619047619,False,False,True,False,0,0,0,0,0.125,0.1379310344827586,14730000
0.9048157542840158,0.042042042042042,0.121894424879241,0.05,0.09375,0.0952380952380952,0.019047619047619,False,False,False,True,0,0,0,0,0.125,0.4827586206896552,14760000
0.9780697518105796,0.039039039039039,0.0677212632065123,0.05,0.09375,0.0952380952380952,0.019047619047619,False,False,True,False,0,0,0,0,0.125,0.2068965517241379,13000000
0.8747141302080479,0.0525525525525525,0.0659122837403537,0.0,0.125,0.0952380952380952,0.019047619047619,False,True,False,False,1,1,1,1,0.25,0.0344827586206896,6400000
0.8762903626812601,0.0495495495495495,0.1222600696649539,0.0,0.09375,0.0952380952380952,0.019047619047619,True,False,False,False,0,0,0,0,0.25,0.1379310344827586,24000000
0.841963075111579,0.003003003003003,0.0560013856012932,0.05,0.09375,0.0952380952380952,0.0095238095238095,False,False,True,False,0,0,0,0,0.125,0.2068965517241379,7500000
0.8716869374699456,0.0225225225225225,0.0243634894059234,0.0,0.03125,0.0476190476190476,0.0095238095238095,False,False,True,False,0,0,0,0,0.125,0.3103448275862069,4300000
0.9664417165487292,0.0105105105105105,0.0795950965109789,0.05,0.0625,0.0952380952380952,0.0095238095238095,False,False,False,True,0,0,0,0,0.125,0.896551724137931,20300000
0.7953869687347037,0.036036036036036,0.1095009910898139,0.0,0.28125,0.0476190476190476,0.0857142857142857,False,True,False,False,1,1,1,1,0.5,0.1034482758620689,12000000
0.8877127633757311,0.0585585585585585,0.0494582683832727,0.0,0.125,0.0952380952380952,0.019047619047619,True,False,False,False,0,0,0,0,0.125,0.1379310344827586,9000000
0.8747592683729977,0.021021021021021,0.0219964205299924,0.0,0.03125,0.0476190476190476,0.0095238095238095,False,False,False,True,0,0,0,0,0.125,0.3448275862068965,4720000
0.8729355338805647,0.036036036036036,0.0176856609510613,0.0,0.09375,0.0952380952380952,0.019047619047619,False,False,False,True,0,0,0,0,0.125,0.5517241379310345,2380000
0.8841410003319652,0.0255255255255255,0.0737447799395723,0.05,0.03125,0.0476190476190476,0.0095238095238095,False,False,True,False,0,0,0,0,0.125,0.1034482758620689,4000000
0.8746960167345321,0.0,0.0469372438080942,0.0,0.09375,0.0952380952380952,0.0095238095238095,False,True,False,False,1,1,1,1,0.25,0.0344827586206896,9650000
0.8857348778793721,0.0,0.0931431980447626,0.0,0.09375,0.0952380952380952,0.019047619047619,False,True,False,False,1,1,1,1,0.25,0.0344827586206896,8300000
0.8841410003319652,0.0255255255255255,0.0383157246502318,0.0,0.03125,0.0476190476190476,0.0095238095238095,False,False,True,False,0,0,0,0,0.125,0.1034482758620689,4920000
0.7837599673789839,0.0105105105105105,0.1024960067740507,0.0,0.28125,0.1428571428571428,0.0571428571428571,False,True,False,False,1,1,1,1,0.375,0.0689655172413793,15450000
0.8750281092431749,0.0,0.0388930585224101,0.0,0.0625,0.0952380952380952,0.019047619047619,False,False,True,False,0,0,0,0,0.125,0.2068965517241379,7300000
0.8521107159320707,0.021021021021021,0.0914496853530396,0.05,0.09375,0.0952380952380952,0.019047619047619,False,False,False,True,0,0,0,0,0.125,0.4827586206896552,13000000
0.8675753848036152,0.042042042042042,0.0405288378269153,0.0,0.0625,0.0952380952380952,0.0095238095238095,False,False,True,False,0,0,0,0,0.125,0.1379310344827586,5200000
0.9330644729093364,0.0375375375375375,0.0759386486538498,0.0,0.09375,0.0952380952380952,0.019047619047619,False,False,False,True,0,0,0,0,0.125,0.3793103448275862,14800000
0.8793034166846496,0.0,0.0714546889132652,0.05,0.0625,0.0476190476190476,0.0095238095238095,False,False,False,True,0,0,0,0,0.125,0.7586206896551725,14500000
0.8841410003319652,0.024024024024024,0.0293670496314685,0.0,0.03125,0.0476190476190476,0.0095238095238095,False,False,True,False,0,0,0,0,0.125,0.1034482758620689,3400000
0.8838768671697039,0.0,0.0377768797028654,0.0,0.09375,0.0952380952380952,0.0095238095238095,True,False,False,False,0,0,0,0,0.125,0.1379310344827586,3000000
0.8810832091678549,0.0615615615615615,0.1202971344995477,0.0,0.15625,0.0952380952380952,0.0285714285714285,False,True,False,False,1,1,1,1,0.25,0.0344827586206896,7850000
0.8157663726415194,0.0135135135135135,0.0621788580336008,0.05,0.09375,0.0952380952380952,0.019047619047619,False,False,True,False,0,0,0,0,0.125,0.1379310344827586,8400000
0.8499160160754684,0.036036036036036,0.0183207282104574,0.0,0.0,0.0,0.0,True,False,False,False,0,0,0,0,0.125,0.1034482758620689,900000
0.8952239429120254,0.0615615615615615,0.0814618093643554,0.0,0.09375,0.0952380952380952,0.019047619047619,False,False,True,False,0,0,0,0,0.25,0.2068965517241379,10500000
0.8159726423340032,0.021021021021021,0.0435887073494601,0.0,0.0625,0.0476190476190476,0.0095238095238095,False,False,False,True,0,0,0,0,0.125,0.4482758620689654,6250000
0.7915354417967535,0.039039039039039,0.1605950387775917,0.0,0.1875,0.0952380952380952,0.0571428571428571,False,True,False,False,1,1,1,1,0.625,0.1379310344827586,10950000
0.8828451597775597,0.0495495495495495,0.0136635683082193,0.0,0.03125,0.0476190476190476,0.0095238095238095,False,False,False,True,0,0,0,0,0.125,0.3793103448275862,1800000
0.9033249714530314,0.042042042042042,0.2005465427323287,0.05,0.0,0.0,0.0,False,False,False,True,0,0,0,0,0.125,0.3793103448275862,15000000
0.9618360092282215,0.039039039039039,0.0307911398495083,0.0,0.0625,0.0476190476190476,0.0095238095238095,False,False,True,False,0,0,0,0,0.125,0.2413793103448275,4880000
0.8491442535173803,0.0105105105105105,0.1637126416873544,0.0,0.15625,0.0476190476190476,0.0380952380952381,False,True,False,False,1,1,1,1,0.5,0.1034482758620689,22500000
0.8791384753088778,0.0375375375375375,0.2073205934992206,0.0,0.09375,0.0952380952380952,0.019047619047619,False,False,False,True,0,0,0,0,0.125,0.3793103448275862,12000000
0.8910775641273858,0.0435435435435435,0.0324846525412312,0.05,0.03125,0.0476190476190476,0.0095238095238095,False,False,True,False,0,0,0,0,0.125,0.2758620689655172,2500000
0.8383506038034056,0.0375375375375375,0.0601197005561649,0.0,0.0625,0.0952380952380952,0.019047619047619,False,False,False,True,0,0,0,0,0.125,0.5172413793103449,8400000
0.9762764212119636,0.0195195195195195,0.0291361160825972,0.0,0.03125,0.0476190476190476,0.0095238095238095,False,False,False,True,0,0,0,0,0.125,0.3448275862068965,4700000
0.9051945409387372,0.045045045045045,0.0229778881126955,0.0,0.03125,0.0476190476190476,0.0095238095238095,False,False,True,False,0,0,0,0,0.125,0.2068965517241379,2640000
0.922019421894248,0.0405405405405405,0.0697996651463541,0.0,0.09375,0.0952380952380952,0.019047619047619,False,False,True,False,0,0,0,0,0.125,0.2068965517241379,11880000
0.8451057099996433,0.06006006006006,0.0502472913419163,0.0,0.4375,0.6666666666666666,0.1333333333333333,False,True,False,False,1,1,1,1,0.25,0.0344827586206896,6500000
0.8721402784184136,0.018018018018018,0.0837711448530685,0.05,0.09375,0.0952380952380952,0.019047619047619,False,False,True,False,0,0,0,0,0.125,0.3103448275862069,16770000
0.893033667526197,0.0,0.0142601466428035,0.0,0.03125,0.0476190476190476,0.0095238095238095,False,False,True,False,0,0,0,0,0.125,0.2068965517241379,1760000
0.9791071127447708,0.021021021021021,0.0346015434058849,0.05,0.03125,0.0476190476190476,0.0095238095238095,False,False,False,True,0,0,0,0,0.125,0.4137931034482758,8330000
0.8048250844877316,0.021021021021021,0.0475530666050843,0.0,0.03125,0.0476190476190476,0.0095238095238095,False,False,False,True,0,0,0,0,0.125,0.4137931034482758,5580000
0.793574995303203,0.0405405405405405,0.1254931393491522,0.0,0.125,0.0952380952380952,0.0285714285714285,False,True,False,False,1,1,1,1,0.5,0.1034482758620689,8000000
0.8917694790143855,0.024024024024024,0.0198217962781209,0.0,0.03125,0.0476190476190476,0.0095238095238095,False,False,True,False,0,0,0,0,0.125,0.2758620689655172,4200000
0.9511126540920714,0.0465465465465465,0.0396435925562419,0.0,0.0625,0.0952380952380952,0.0095238095238095,True,False,False,False,0,0,0,0,0.125,0.1379310344827586,5600000
0.9330644729093364,0.036036036036036,0.0762465600523449,0.0,0.09375,0.0952380952380952,0.019047619047619,False,False,False,True,0,0,0,0,0.125,0.3793103448275862,13600000
0.8709884996320909,0.048048048048048,0.0726670900448396,0.0,0.09375,0.0952380952380952,0.019047619047619,True,False,False,False,0,0,0,0,0.125,0.1379310344827586,6500000
0.8499160160754684,0.036036036036036,0.0182822392856455,0.0,0.03125,0.0476190476190476,0.0095238095238095,True,False,False,False,0,0,0,0,0.125,0.1034482758620689,850000
0.8521107159320707,0.021021021021021,0.0972037796124165,0.05,0.125,0.0952380952380952,0.019047619047619,False,False,False,True,0,0,0,0,0.125,0.4827586206896552,15000000
0.8595395639124206,0.0,0.0736293131651367,0.0,0.09375,0.0952380952380952,0.019047619047619,True,False,False,False,0,0,0,0,0.125,0.1379310344827586,4740000
0.807783141635781,0.0135135135135135,0.1233762484844985,0.0,0.09375,0.1428571428571428,0.0285714285714285,False,True,False,False,1,1,1,1,0.5,0.1034482758620689,10500000
0.8064223604054348,0.0,0.0964147566537728,0.05,0.09375,0.0952380952380952,0.019047619047619,False,False,False,True,0,0,0,0,0.125,0.4827586206896552,13030000
0.7841404115155512,0.036036036036036,0.1756826973038508,0.0,0.09375,0.1428571428571428,0.0380952380952381,False,True,False,False,1,1,1,1,0.375,0.0689655172413793,8000000
0.7645812924161248,0.0,0.065469661105017,0.05,0.09375,0.0952380952380952,0.019047619047619,False,False,True,False,0,0,0,0,0.125,0.1379310344827586,8500000
0.895534936519141,0.075075075075075,0.0590612551238381,0.0,0.125,0.0952380952380952,0.0285714285714285,False,True,False,False,1,1,1,1,0.25,0.0344827586206896,12600000
0.8122726389453874,0.0255255255255255,0.1278024748378654,0.0,0.15625,0.0952380952380952,0.0285714285714285,False,True,False,False,1,1,1,1,0.625,0.1379310344827586,14800000
0.8514099919180182,0.0615615615615615,0.0556357408155803,0.0,0.125,0.0952380952380952,0.019047619047619,False,True,False,False,1,1,1,1,0.25,0.0344827586206896,11700000
0.8946586437712654,0.021021021021021,0.0901795508342474,0.05,0.125,0.0952380952380952,0.019047619047619,False,False,False,True,0,0,0,0,0.125,0.9310344827586208,16660000
0.8841410003319652,0.024024024024024,0.0267498027442603,0.0,0.03125,0.0476190476190476,0.0095238095238095,False,False,True,False,0,0,0,0,0.125,0.1034482758620689,2880000
0.8894096450679001,0.0315315315315315,0.2252564324615591,0.1,0.09375,0.0952380952380952,0.019047619047619,False,False,False,True,0,0,0,0,0.125,0.3448275862068965,20700000
0.8618550815351398,0.0405405405405405,0.0620441467967592,0.05,0.0625,0.0952380952380952,0.0095238095238095,False,False,True,False,0,0,0,0,0.125,0.1379310344827586,3700000
0.8596719670164532,0.0,0.0709350884283047,0.0,0.09375,0.0952380952380952,0.019047619047619,True,False,False,False,0,0,0,0,0.125,0.1379310344827586,6010000
0.9713499751145208,0.003003003003003,0.0653541943305813,0.05,0.0625,0.0952380952380952,0.0095238095238095,False,False,False,True,0,0,0,0,0.125,0.7931034482758621,16950000
0.7963505159507918,0.024024024024024,0.0169928603044473,0.0,0.03125,0.0476190476190476,0.0095238095238095,False,False,True,False,0,0,0,0,0.125,0.1379310344827586,2150000
0.7914227875669724,0.039039039039039,0.1379443065257972,0.0,0.1875,0.0952380952380952,0.0285714285714285,False,True,False,False,1,1,1,1,0.5,0.1034482758620689,9180000
0.8551099529481974,0.018018018018018,0.1023612955372091,0.05,0.09375,0.0952380952380952,0.019047619047619,False,False,False,True,0,0,0,0,0.125,0.3448275862068965,15680000
0.9872431469407276,0.0375375375375375,0.1215095356311221,0.05,0.125,0.0952380952380952,0.019047619047619,False,False,True,False,0,0,0,0,0.125,0.2068965517241379,20500000
0.9125991784463564,0.0345345345345345,0.0307911398495083,0.0,0.03125,0.0476190476190476,0.0095238095238095,False,False,True,False,0,0,0,0,0.125,0.2758620689655172,3000000
0.8890705896546933,0.048048048048048,0.0641802821238188,0.0,0.09375,0.0952380952380952,0.019047619047619,False,False,True,False,0,0,0,0,0.125,0.1379310344827586,9380000
0.9286848342514986,0.0615615615615615,0.0645074379847199,0.0,0.0,0.0,0.0,True,False,False,False,0,0,0,0,0.125,0.1379310344827586,8500000
0.8959262474500349,0.0,0.0522872043569462,0.0,0.125,0.0952380952380952,0.0285714285714285,False,True,False,False,1,1,1,1,0.25,0.0344827586206896,17600000
0.9698010057595924,0.039039039039039,0.0452244866539653,0.0,0.0625,0.0952380952380952,0.0095238095238095,False,False,False,True,0,0,0,0,0.125,0.4137931034482758,9600000
0.8760831244879626,0.0195195195195195,0.0194753959548139,0.0,0.03125,0.0476190476190476,0.0095238095238095,False,False,False,True,0,0,0,0,0.125,0.3448275862068965,3800000
0.8823323884377601,0.0,0.0946057771876142,0.05,0.0,0.0,0.0,False,False,True,False,0,0,0,0,0.125,0.1724137931034483,12620000
0.8185213498922792,0.0,0.0736100687027307,0.05,0.09375,0.0952380952380952,0.019047619047619,False,False,True,False,0,0,0,0,0.125,0.1379310344827586,11680000
0.7639686102537837,0.06006006006006,0.0783826953794045,0.0,0.125,0.0952380952380952,0.019047619047619,False,True,False,False,1,1,1,1,0.375,0.0689655172413793,1778720
0.882474529336065,0.003003003003003,0.0695687315974828,0.05,0.0625,0.0952380952380952,0.0095238095238095,False,False,True,False,0,0,0,0,0.125,0.3103448275862069,13000000
0.8145176388369464,0.003003003003003,0.1106749032965764,0.0,0.09375,0.0952380952380952,0.019047619047619,False,True,False,False,1,1,1,1,0.5,0.1034482758620689,14080000
0.9728029322922112,0.009009009009009,0.0668360179358389,0.05,0.09375,0.0952380952380952,0.019047619047619,False,False,True,False,0,0,0,0,0.125,0.2068965517241379,16300000
0.8095692922526041,0.0075075075075075,0.075207359082424,0.05,0.09375,0.0952380952380952,0.019047619047619,False,False,True,False,0,0,0,0,0.125,0.3103448275862069,10900000
0.8793676041130425,0.0045045045045045,0.0763812712891865,0.05,0.0625,0.0952380952380952,0.0095238095238095,False,False,False,True,0,0,0,0,0.125,0.896551724137931,18000000
0.8095692922526041,0.0045045045045045,0.0834247445297615,0.05,0.09375,0.0952380952380952,0.019047619047619,False,False,True,False,0,0,0,0,0.125,0.3103448275862069,12200000
0.8514277915348885,0.063063063063063,0.0600619671689471,0.0,0.125,0.0952380952380952,0.019047619047619,False,True,False,False,1,1,1,1,0.25,0.0344827586206896,8800000
0.8073875768778009,0.003003003003003,0.0798452745222562,0.05,0.09375,0.0952380952380952,0.019047619047619,False,False,False,True,0,0,0,0,0.125,0.4482758620689654,11800000
0.7739069147033035,0.036036036036036,0.0743798471989685,0.05,0.09375,0.0952380952380952,0.019047619047619,False,False,True,False,0,0,0,0,0.125,0.2413793103448275,4680000
0.8828706214488591,0.003003003003003,0.0802686526951869,0.05,0.09375,0.0952380952380952,0.019047619047619,False,False,False,True,0,0,0,0,0.125,0.3793103448275862,14500000
0.9698010057595924,0.039039039039039,0.0463599099359159,0.0,0.0625,0.0952380952380952,0.0095238095238095,False,False,False,True,0,0,0,0,0.125,0.4137931034482758,9350000
0.9617224200988232,0.015015015015015,0.0347939880299443,0.0,0.03125,0.0952380952380952,0.0095238095238095,False,False,False,True,0,0,0,0,0.125,0.4827586206896552,10850000
0.9715750563929078,0.033033033033033,0.0902372842214652,0.05,0.125,0.0952380952380952,0.019047619047619,False,False,False,True,0,0,0,0,0.125,0.4482758620689654,17600000
0.8435483832513455,0.0105105105105105,0.101399072416912,0.05,0.09375,0.0952380952380952,0.019047619047619,False,False,True,False,0,0,0,0,0.125,0.2413793103448275,15200000
0.920489437688076,0.0015015015015015,0.0682985970786906,0.05,0.0625,0.0952380952380952,0.0095238095238095,False,False,False,True,0,0,0,0,0.125,0.4482758620689654,15500000
0.9015293346721194,0.0465465465465465,0.0471874218193714,0.0,0.0625,0.0476190476190476,0.019047619047619,False,False,True,False,0,0,0,0,0.125,0.1379310344827586,2000000
0.8793807070689184,0.0255255255255255,0.1100783249619921,0.05,0.125,0.0952380952380952,0.019047619047619,False,False,False,True,0,0,0,0,0.125,0.3793103448275862,14600000
0.834633708368699,0.0,0.105767565383061,0.05,0.09375,0.0952380952380952,0.019047619047619,False,False,False,True,0,0,0,0,0.125,0.4827586206896552,12500000
0.9970942964035884,0.036036036036036,0.0196485961164674,0.0,0.0,0.0,0.0,False,False,True,False,0,0,0,0,0.125,0.1379310344827586,2600000
0.9218669436816356,0.012012012012012,0.0898331505109404,0.05,0.09375,0.0952380952380952,0.019047619047619,False,False,False,True,0,0,0,0,0.125,0.4482758620689654,20000000
0.822543092805688,0.039039039039039,0.0287897157592902,0.0,0.0625,0.0476190476190476,0.0095238095238095,False,False,True,False,0,0,0,0,0.125,0.2068965517241379,3250000
0.9931302905364704,0.033033033033033,0.0562323191501645,0.0,0.09375,0.0952380952380952,0.019047619047619,False,False,False,True,0,0,0,0,0.125,0.4482758620689654,13750000
0.8841504048632771,0.0465465465465465,0.0610626792140561,0.0,0.09375,0.0952380952380952,0.019047619047619,False,False,True,False,0,0,0,0,0.125,0.1379310344827586,9350000
0.8744166029861162,0.021021021021021,0.1053441872101302,0.05,0.09375,0.0952380952380952,0.019047619047619,False,False,False,True,0,0,0,0,0.125,0.8620689655172414,17500000
0.882624527915226,0.0,0.0611396570636799,0.0,0.09375,0.0952380952380952,0.019047619047619,False,False,True,False,0,0,0,0,0.125,0.1379310344827586,6850000
0.8688077933957743,0.0,0.0493235571464311,0.0,0.09375,0.0952380952380952,0.019047619047619,True,False,False,False,0,0,0,0,0.125,0.1034482758620689,5300000
0.9174127945923374,0.0195195195195195,0.1058445432326847,0.1,0.09375,0.0952380952380952,0.019047619047619,False,False,False,True,0,0,0,0,0.125,0.4482758620689654,21880000
0.9166940437328606,0.012012012012012,0.0897176837365048,0.05,0.09375,0.0952380952380952,0.019047619047619,False,False,False,True,0,0,0,0,0.125,0.4827586206896552,19300000
0.8681971263718253,0.0405405405405405,0.0466100879471931,0.0,0.0625,0.0952380952380952,0.0095238095238095,False,False,False,True,0,0,0,0,0.125,0.3793103448275862,6900000
0.7677079637488475,0.0,0.0715316667628889,0.05,0.09375,0.0952380952380952,0.019047619047619,False,False,True,False,0,0,0,0,0.125,0.1379310344827586,8800000
0.9425988512228684,0.03003003003003,0.0196293516540615,0.0,0.0,0.0,0.0,False,False,True,False,0,0,0,0,0.125,0.1379310344827586,4200000
0.8687935935462576,0.009009009009009,0.0353135885149048,0.0,0.0,0.0,0.0,False,False,True,False,0,0,0,0,0.125,0.2068965517241379,5880000
0.8983804700813778,0.051051051051051,0.0582914766276004,0.0,0.09375,0.0952380952380952,0.019047619047619,True,False,False,False,0,0,0,0,0.125,0.1379310344827586,7800000
0.9000760458829404,0.0675675675675675,0.0550199180185901,0.0,0.09375,0.0952380952380952,0.019047619047619,False,True,False,False,1,1,1,1,0.25,0.0344827586206896,4018400
0.8549603567988981,0.036036036036036,0.0978965802590304,0.05,0.125,0.0952380952380952,0.019047619047619,False,False,True,False,0,0,0,0,0.125,0.2758620689655172,14000000
0.884173380174758,0.0,0.0881973712064353,0.05,0.09375,0.0952380952380952,0.019047619047619,False,False,True,False,0,0,0,0,0.125,0.3103448275862069,17380000
0.8841410003319652,0.024024024024024,0.0465138656351634,0.05,0.03125,0.0476190476190476,0.0095238095238095,False,False,True,False,0,0,0,0,0.125,0.1034482758620689,4000000
0.951754911856483,0.015015015015015,0.1052672093605065,0.05,0.09375,0.0952380952380952,0.019047619047619,False,False,False,True,0,0,0,0,0.125,0.4137931034482758,23800000
0.7937747817665581,0.0,0.0499586244058272,0.05,0.09375,0.0952380952380952,0.019047619047619,False,False,True,False,0,0,0,0,0.125,0.1379310344827586,6800000
0.8991204810637896,0.0435435435435435,0.0650847718568981,0.0,0.09375,0.0952380952380952,0.019047619047619,False,False,True,False,0,0,0,0,0.125,0.1724137931034483,7900000
0.9947170147091526,0.048048048048048,0.025152512364567,0.0,0.03125,0.0476190476190476,0.0095238095238095,False,False,True,False,0,0,0,0,0.125,0.2068965517241379,2150000
0.8558990775129871,0.063063063063063,0.0612936127629274,0.0,0.09375,0.0952380952380952,0.019047619047619,True,False,False,False,0,0,0,0,0.125,0.1379310344827586,6100000
0.9587207033422088,0.036036036036036,0.0690876200373342,0.1,0.0,0.0,0.0,False,False,True,False,0,0,0,0,0.125,0.3103448275862069,10000000
0.8025978236386493,0.0,0.1107326366837942,0.05,0.09375,0.0952380952380952,0.019047619047619,False,False,True,False,0,0,0,0,0.125,0.2758620689655172,12280000
0.8987738036304904,0.0,0.1093470353905663,0.0,0.15625,0.1904761904761904,0.0285714285714285,False,True,False,False,1,1,1,1,0.375,0.0689655172413793,25000000
0.88679891935098,0.0525525525525525,0.0722244674095029,0.0,0.125,0.0952380952380952,0.019047619047619,False,True,False,False,1,1,1,1,0.25,0.0344827586206896,16000000
0.8980178026683348,0.0465465465465465,0.0570213421088081,0.0,0.0625,0.0952380952380952,0.0095238095238095,False,False,True,False,0,0,0,0,0.125,0.1379310344827586,6580000
0.8453320396136235,0.0,0.0502472913419163,0.0,0.0,0.0,0.0,False,True,False,False,1,1,1,1,0.25,0.0344827586206896,7500000
0.8811063072121215,0.0375375375375375,0.1545330331197197,0.0,0.15625,0.0952380952380952,0.0380952380952381,False,True,False,False,1,1,1,1,0.375,0.0689655172413793,15000000
0.8749709958258336,0.0,0.0965879568154263,0.0,0.15625,0.1428571428571428,0.019047619047619,False,True,False,False,1,1,1,1,0.25,0.0344827586206896,16340000
0.9452417415308504,0.036036036036036,0.14974116198064,0.1,0.125,0.0952380952380952,0.019047619047619,False,False,False,True,0,0,0,0,0.125,0.6896551724137931,21880000
0.8841410003319652,0.0255255255255255,0.0469564882705001,0.0,0.03125,0.0476190476190476,0.0095238095238095,False,False,True,False,0,0,0,0,0.125,0.1034482758620689,5360000
0.9773146578769456,0.021021021021021,0.0434539961126185,0.05,0.03125,0.0476190476190476,0.0095238095238095,False,False,False,True,0,0,0,0,0.125,0.4137931034482758,6300000
0.9075358856792376,0.0285285285285285,0.0350826549660335,0.0,0.03125,0.0476190476190476,0.0095238095238095,False,False,False,True,0,0,0,0,0.125,0.4137931034482758,5100000
0.8088326833934047,0.0,0.0448780863306583,0.0,0.0625,0.0476190476190476,0.0095238095238095,False,False,True,False,0,0,0,0,0.125,0.3103448275862069,4680000
0.8913570276343421,0.0225225225225225,0.1012258722552585,0.05,0.0625,0.0476190476190476,0.019047619047619,False,False,False,True,0,0,0,0,0.125,0.9655172413793104,16000000
0.8659096773832573,0.0,0.0477647556915497,0.0,0.09375,0.0952380952380952,0.019047619047619,True,False,False,False,0,0,0,0,0.125,0.1034482758620689,5880000
0.886378601811117,0.0,0.0553085849546792,0.0,0.09375,0.0952380952380952,0.0095238095238095,True,False,False,False,0,0,0,0,0.125,0.1379310344827586,5800000
0.884173380174758,0.0,0.1014760502665357,0.05,0.09375,0.0952380952380952,0.019047619047619,False,False,True,False,0,0,0,0,0.125,0.3103448275862069,21380000
0.8970335574546198,0.042042042042042,0.0565402305486596,0.0,0.09375,0.0952380952380952,0.019047619047619,False,False,True,False,0,0,0,0,0.125,0.1724137931034483,8500000
0.9026292478295376,0.0135135135135135,0.1171602871273791,0.1,0.0625,0.0952380952380952,0.019047619047619,False,False,False,True,0,0,0,0,0.125,0.5862068965517242,21560000
0.871759922400031,0.036036036036036,0.1530127205896503,0.1,0.1875,0.1428571428571428,0.019047619047619,False,False,False,True,0,0,0,0,0.25,0.7931034482758621,16700000
0.8742381838899576,0.033033033033033,0.0457825760637376,0.0,0.03125,0.0952380952380952,0.019047619047619,False,False,False,True,0,0,0,0,0.125,0.4482758620689654,6180000
0.9046659330572596,0.0,0.0320805188307064,0.0,0.0625,0.0476190476190476,0.0095238095238095,False,False,True,False,0,0,0,0,0.125,0.2068965517241379,3900000
0.9122030640631068,0.048048048048048,0.0873698593229798,0.0,0.125,0.0952380952380952,0.019047619047619,True,False,False,False,0,0,0,0,0.125,0.1379310344827586,12800000
0.9042504507604008,0.0225225225225225,0.0202066855262398,0.0,0.03125,0.0476190476190476,0.0095238095238095,False,False,True,False,0,0,0,0,0.125,0.2413793103448275,4080000
0.8820416839931227,0.036036036036036,0.1116563708792794,0.05,0.09375,0.0952380952380952,0.019047619047619,False,False,False,True,0,0,0,0,0.125,0.7241379310344828,16200000
0.9330644729093364,0.0375375375375375,0.0848488347478013,0.0,0.09375,0.0952380952380952,0.019047619047619,False,False,False,True,0,0,0,0,0.125,0.3793103448275862,14800000
0.8952818472187118,0.042042042042042,0.0599657448569174,0.05,0.0625,0.0952380952380952,0.0095238095238095,False,False,False,True,0,0,0,0,0.125,0.3793103448275862,6300000
0.9583996812830547,0.039039039039039,0.0740334468756615,0.0,0.09375,0.0952380952380952,0.019047619047619,False,False,True,False,0,0,0,0,0.125,0.1379310344827586,12550000
0.8691865966554815,0.0615615615615615,0.0220541539172103,0.0,0.0,0.0,0.0,False,False,True,False,0,0,0,0,0.125,0.2068965517241379,2800000
0.8659588392648061,0.063063063063063,0.0727248234320574,0.0,0.21875,0.1428571428571428,0.0476190476190476,False,True,False,False,1,1,1,1,0.25,0.0344827586206896,10000000
0.902289002756106,0.015015015015015,0.0405480822893212,0.05,0.0625,0.0952380952380952,0.019047619047619,False,False,True,False,0,0,0,0,0.125,0.1724137931034483,12000000
0.8991751197515896,0.0,0.0618517021726998,0.0,0.09375,0.0952380952380952,0.019047619047619,True,False,False,False,0,0,0,0,0.125,0.1379310344827586,5800000
0.951754911856483,0.0165165165165165,0.1113677039431903,0.05,0.09375,0.0952380952380952,0.019047619047619,False,False,False,True,0,0,0,0,0.125,0.4482758620689654,21200000
0.9024160790785912,0.0435435435435435,0.070492465792968,0.05,0.09375,0.0952380952380952,0.0095238095238095,True,False,False,False,0,0,0,0,0.125,0.1379310344827586,8880000
0.9713499751145208,0.0,0.063102592229086,0.05,0.0625,0.0476190476190476,0.0095238095238095,False,False,False,True,0,0,0,0,0.125,0.7931034482758621,17680000
0.873315688624615,0.06006006006006,0.0574639647441448,0.0,0.15625,0.0476190476190476,0.0095238095238095,True,False,False,False,0,0,0,0,0.125,0.1379310344827586,4500000
0.8841410003319652,0.0255255255255255,0.0447818640186286,0.05,0.03125,0.0476190476190476,0.0095238095238095,False,False,True,False,0,0,0,0,0.125,0.1034482758620689,4950000
0.874471392172552,0.0585585585585585,0.0487847121990647,0.0,0.09375,0.0952380952380952,0.019047619047619,True,False,False,False,0,0,0,0,0.125,0.1379310344827586,4620000
0.842005860771593,0.045045045045045,0.0622943248080364,0.05,0.09375,0.0952380952380952,0.019047619047619,False,False,True,False,0,0,0,0,0.125,0.1379310344827586,10000000
0.7996838917171658,0.0,0.0467832881088466,0.0,0.09375,0.0952380952380952,0.019047619047619,False,False,True,False,0,0,0,0,0.125,0.1379310344827586,6250000
0.9166940437328606,0.012012012012012,0.1185458884206069,0.1,0.09375,0.0952380952380952,0.019047619047619,False,False,False,True,0,0,0,0,0.125,0.4827586206896552,22960000
0.9017182055552836,0.0405405405405405,0.0182245058984277,0.0,0.03125,0.0476190476190476,0.0095238095238095,False,False,True,False,0,0,0,0,0.125,0.2068965517241379,600000
0.8605471628460464,0.021021021021021,0.0251140234397552,0.0,0.03125,0.0476190476190476,0.0095238095238095,False,False,True,False,0,0,0,0,0.125,0.3103448275862069,5300000
0.8839297370578265,0.0315315315315315,0.0407212824509747,0.0,0.0625,0.0952380952380952,0.0095238095238095,False,False,False,True,0,0,0,0,0.125,0.6551724137931035,6520000
0.81049387085082,0.021021021021021,0.0170698381540711,0.0,0.03125,0.0476190476190476,0.0095238095238095,False,False,True,False,0,0,0,0,0.125,0.1724137931034483,1450000
0.9055154726211754,0.006006006006006,0.0700883320824432,0.05,0.0625,0.0952380952380952,0.0095238095238095,False,False,False,True,0,0,0,0,0.125,0.3448275862068965,15400000
0.9713499751145208,0.0,0.063102592229086,0.05,0.0625,0.0952380952380952,0.0095238095238095,False,False,False,True,0,0,0,0,0.125,0.7931034482758621,15200000
0.8523710616489382,0.03003003003003,0.0468795104208763,0.0,0.0,0.0,0.0,True,False,False,False,0,0,0,0,0.125,0.1379310344827586,2770000
0.8827304214912886,0.0,0.0589650328118084,0.05,0.0625,0.0952380952380952,0.019047619047619,False,False,False,True,0,0,0,0,0.125,0.3448275862068965,11040000
0.8820416839931227,0.036036036036036,0.0895252391124453,0.05,0.09375,0.0952380952380952,0.019047619047619,False,False,False,True,0,0,0,0,0.125,0.6551724137931035,13300000
0.8819343587871344,0.06006006006006,0.0918345746011585,0.0,0.09375,0.0952380952380952,0.019047619047619,False,False,True,False,0,0,0,0,0.125,0.2068965517241379,18000000
0.8078445888955912,0.018018018018018,0.0603506341050362,0.05,0.03125,0.0476190476190476,0.0095238095238095,False,False,False,True,0,0,0,0,0.125,0.4137931034482758,6000000
0.8460779469514819,0.06006006006006,0.0582914766276004,0.0,0.15625,0.0952380952380952,0.0285714285714285,False,True,False,False,1,1,1,1,0.25,0.0344827586206896,8800000
0.808380031671561,0.0405405405405405,0.0648345938456209,0.0,0.09375,0.0952380952380952,0.019047619047619,False,False,True,False,0,0,0,0,0.125,0.2413793103448275,4800000
0.8266892176615102,0.036036036036036,0.1233185150972807,0.0,0.125,0.1428571428571428,0.0285714285714285,False,True,False,False,1,1,1,1,0.5,0.1034482758620689,9500000
0.8801513302337582,0.0045045045045045,0.0911417739545445,0.05,0.09375,0.0952380952380952,0.019047619047619,False,False,False,True,0,0,0,0,0.125,0.4827586206896552,23500000
0.875993196956955,0.045045045045045,0.024844600966072,0.0,0.09375,0.0952380952380952,0.019047619047619,False,False,False,True,0,0,0,0,0.125,0.3793103448275862,2420000
0.8841358354495128,0.021021021021021,0.1406577757250351,0.0,0.125,0.0952380952380952,0.0476190476190476,False,True,False,False,1,1,1,1,0.5,0.1034482758620689,21250000
0.8902355759856846,0.048048048048048,0.0518253372592036,0.0,0.09375,0.0952380952380952,0.0095238095238095,True,False,False,False,0,0,0,0,0.125,0.1379310344827586,5200000
0.8956965982249869,0.0615615615615615,0.0532301830148374,0.0,0.09375,0.0952380952380952,0.019047619047619,True,False,False,False,0,0,0,0,0.125,0.1379310344827586,6000000
0.8698465165436176,0.0345345345345345,0.0685680195523738,0.05,0.09375,0.0952380952380952,0.019047619047619,False,False,True,False,0,0,0,0,0.125,0.1724137931034483,11000000
0.9003253073150574,0.009009009009009,0.0287319823720724,0.0,0.03125,0.0476190476190476,0.0095238095238095,False,False,False,True,0,0,0,0,0.125,0.3793103448275862,4500000
0.906120711433516,0.0225225225225225,0.0196870850412793,0.0,0.03125,0.0476190476190476,0.0095238095238095,False,False,True,False,0,0,0,0,0.125,0.1379310344827586,2680000
0.8853826704822154,0.0435435435435435,0.0672016627215518,0.05,0.09375,0.0952380952380952,0.019047619047619,False,False,True,False,0,0,0,0,0.125,0.1724137931034483,11020000
0.8406592589933553,0.0405405405405405,0.0449550641802821,0.0,0.09375,0.0952380952380952,0.019047619047619,True,False,False,False,0,0,0,0,0.125,0.1379310344827586,2800000
0.8594657294463843,0.045045045045045,0.0384311914246675,0.0,0.03125,0.0476190476190476,0.0095238095238095,False,False,False,True,0,0,0,0,0.125,0.3793103448275862,5450000
0.8603199461933002,0.024024024024024,0.0857918134056925,0.05,0.09375,0.0952380952380952,0.019047619047619,False,False,False,True,0,0,0,0,0.125,0.4137931034482758,15750000
0.8411271421842912,0.0405405405405405,0.0399899928795489,0.0,0.0625,0.0952380952380952,0.0095238095238095,False,False,False,True,0,0,0,0,0.125,0.3793103448275862,6200000
0.8965439585410877,0.0195195195195195,0.0204953524623289,0.0,0.03125,0.0476190476190476,0.0095238095238095,False,False,True,False,0,0,0,0,0.125,0.2068965517241379,4450000
0.8997661724532975,0.039039039039039,0.1078459673229028,0.0,0.125,0.0952380952380952,0.0380952380952381,False,True,False,False,1,1,1,1,0.625,0.1379310344827586,7500000
0.8823323884377601,0.0,0.0598117891576698,0.0,0.0,0.0,0.0,False,False,True,False,0,0,0,0,0.125,0.1724137931034483,14300000
0.8658280741009321,0.0645645645645645,0.0576371649057983,0.0,0.09375,0.0952380952380952,0.0285714285714285,False,True,False,False,1,1,1,1,0.25,0.0344827586206896,14790000
0.967855629249442,0.048048048048048,0.0967996459018917,0.0,0.125,0.1428571428571428,0.0285714285714285,False,True,False,False,1,1,1,1,0.5,0.1034482758620689,21630000
0.8575676404750823,0.0435435435435435,0.0763042934395627,0.05,0.09375,0.0952380952380952,0.019047619047619,True,False,False,False,0,0,0,0,0.125,0.1379310344827586,7820000
0.8795463856358197,0.0615615615615615,0.053037738390778,0.0,0.0,0.0,0.0,True,False,False,False,0,0,0,0,0.125,0.1379310344827586,7350000
0.8840953773240869,0.0,0.0635644593268287,0.0,0.09375,0.0952380952380952,0.019047619047619,False,True,False,False,1,1,1,1,0.25,0.0344827586206896,9000000
0.8750807029675229,0.054054054054054,0.0538844947366395,0.0,0.09375,0.0952380952380952,0.0095238095238095,True,False,False,False,0,0,0,0,0.125,0.1034482758620689,4880000
0.8267951265013096,0.0,0.0718780670861959,0.05,0.09375,0.0952380952380952,0.019047619047619,False,False,True,False,0,0,0,0,0.125,0.1724137931034483,8100000
0.8827304214912886,0.0,0.0618132132478879,0.05,0.03125,0.0952380952380952,0.019047619047619,False,False,False,True,0,0,0,0,0.125,0.3448275862068965,13150000
0.9791071127447708,0.021021021021021,0.0340242095337066,0.05,0.0,0.0,0.0,False,False,False,True,0,0,0,0,0.125,0.4137931034482758,9000000
0.906832749741028,0.0225225225225225,0.0628139252929969,0.0,0.09375,0.0952380952380952,0.019047619047619,False,False,True,False,0,0,0,0,0.125,0.2068965517241379,7180000
0.8463866503055044,0.0615615615615615,0.0529030271539364,0.0,0.09375,0.0952380952380952,0.019047619047619,True,False,False,False,0,0,0,0,0.125,0.1379310344827586,4200000
0.8700635580976552,0.039039039039039,0.0292900717818447,0.0,0.03125,0.0476190476190476,0.0095238095238095,False,False,True,False,0,0,0,0,0.125,0.3103448275862069,4000000
0.894360031025144,0.0135135135135135,0.1049015645747935,0.05,0.09375,0.0952380952380952,0.019047619047619,False,False,False,True,0,0,0,0,0.125,0.6551724137931035,24680000
0.893033667526197,0.0,0.0142601466428035,0.0,0.03125,0.0476190476190476,0.0095238095238095,False,False,True,False,0,0,0,0,0.125,0.2068965517241379,1890000
0.8618550815351398,0.0405405405405405,0.0706464214922156,0.05,0.09375,0.0952380952380952,0.019047619047619,False,False,True,False,0,0,0,0,0.125,0.1379310344827586,6660000
0.8521107159320707,0.021021021021021,0.070511710255374,0.05,0.0625,0.0952380952380952,0.0095238095238095,False,False,False,True,0,0,0,0,0.125,0.4827586206896552,10500000
0.8848674609135685,0.0,0.1316706117814599,0.1,0.09375,0.0952380952380952,0.019047619047619,False,False,True,False,0,0,0,0,0.125,0.2758620689655172,20550000
0.8075307442336737,0.042042042042042,0.0620056578719473,0.0,0.09375,0.0952380952380952,0.019047619047619,False,False,False,True,0,0,0,0,0.125,0.3793103448275862,6800000
0.7922917198540347,0.06006006006006,0.0737447799395723,0.0,0.09375,0.0952380952380952,0.019047619047619,False,True,False,False,1,1,1,1,0.25,0.0344827586206896,9900000
0.8521107159320707,0.021021021021021,0.0888324384658314,0.05,0.09375,0.0952380952380952,0.019047619047619,False,False,False,True,0,0,0,0,0.125,0.4827586206896552,13500000
0.8684730393886753,0.024024024024024,0.0293670496314685,0.0,0.03125,0.0476190476190476,0.0095238095238095,False,False,True,False,0,0,0,0,0.125,0.1034482758620689,3800000
0.8762714767592286,0.0405405405405405,0.0405480822893212,0.0,0.0,0.0,0.0,True,False,False,False,0,0,0,0,0.125,0.1379310344827586,3500000
0.8078445888955912,0.0165165165165165,0.0614090795373631,0.05,0.03125,0.0476190476190476,0.0095238095238095,False,False,False,True,0,0,0,0,0.125,0.4137931034482758,5990000
0.8608229768797457,0.0615615615615615,0.0445509304697573,0.0,0.09375,0.0476190476190476,0.019047619047619,True,False,False,False,0,0,0,0,0.125,0.1034482758620689,4300000
0.8842546772437458,0.015015015015015,0.1609414391008987,0.0,0.125,0.0952380952380952,0.0380952380952381,False,True,False,False,1,1,1,1,0.625,0.1379310344827586,24680000
0.8628231336468843,0.045045045045045,0.1066912995785462,0.0,0.21875,0.0952380952380952,0.0285714285714285,False,True,False,False,1,1,1,1,0.375,0.0689655172413793,18500000
0.8793676041130425,0.0045045045045045,0.0512095144622134,0.05,0.09375,0.0952380952380952,0.019047619047619,False,False,False,True,0,0,0,0,0.125,0.896551724137931,10000000
0.8652910684402855,0.033033033033033,0.0880241710447818,0.05,0.09375,0.0952380952380952,0.019047619047619,False,False,True,False,0,0,0,0,0.125,0.1379310344827586,7800000
0.8853826704822154,0.042042042042042,0.0672016627215518,0.05,0.09375,0.0952380952380952,0.019047619047619,False,False,True,False,0,0,0,0,0.125,0.1724137931034483,8380000
0.8449736373160306,0.0585585585585585,0.0502472913419163,0.0,0.0,0.0,0.0,False,True,False,False,1,1,1,1,0.25,0.0344827586206896,5200000
0.8988096475460452,0.039039039039039,0.0571752978080557,0.05,0.0625,0.0476190476190476,0.0095238095238095,False,False,True,False,0,0,0,0,0.125,0.1379310344827586,10050000
0.7933275104740858,0.0615615615615615,0.0568481419471547,0.0,0.09375,0.0952380952380952,0.019047619047619,False,True,False,False,1,1,1,1,0.25,0.0344827586206896,4690000
0.8483957729165184,0.015015015015015,0.0878317264207224,0.05,0.09375,0.0952380952380952,0.019047619047619,False,False,True,False,0,0,0,0,0.125,0.3103448275862069,15200000
0.8966999891897558,0.0015015015015015,0.0637569039508881,0.0,0.09375,0.0952380952380952,0.019047619047619,False,False,False,True,0,0,0,0,0.125,0.4482758620689654,16050000
0.9713499751145208,0.0,0.0886015049169601,0.05,0.09375,0.0952380952380952,0.019047619047619,False,False,False,True,0,0,0,0,0.125,0.7931034482758621,24200000
0.891031815226853,0.0435435435435435,0.017781883263091,0.0,0.03125,0.0476190476190476,0.0095238095238095,False,False,True,False,0,0,0,0,0.125,0.2068965517241379,1840000
0.8499160160754684,0.0345345345345345,0.0183207282104574,0.0,0.0,0.0,0.0,True,False,False,False,0,0,0,0,0.125,0.1034482758620689,830000
0.925795661822491,0.0075075075075075,0.0454554202028366,0.05,0.0625,0.0476190476190476,0.0095238095238095,False,False,True,False,0,0,0,0,0.125,0.2068965517241379,9460000
0.9504141699112268,0.0,0.1073071223755364,0.0,0.125,0.0952380952380952,0.0285714285714285,False,True,False,False,1,1,1,1,0.375,0.0689655172413793,18500000
0.8526621745470209,0.036036036036036,0.0619864134095414,0.0,0.09375,0.0952380952380952,0.019047619047619,False,False,True,False,0,0,0,0,0.125,0.2413793103448275,8650000
0.8777790617409948,0.0615615615615615,0.054712006620095,0.0,0.09375,0.0952380952380952,0.0095238095238095,True,False,False,False,0,0,0,0,0.125,0.1379310344827586,3450000
0.7797708918606361,0.0,0.0756884706425725,0.0,0.125,0.0952380952380952,0.019047619047619,False,False,True,False,0,0,0,0,0.125,0.1379310344827586,7300000
0.7918892590422786,0.042042042042042,0.0894675057252275,0.0,0.09375,0.1428571428571428,0.0285714285714285,True,False,False,False,0,0,0,0,0.25,0.1379310344827586,6210000
0.8825846122462337,0.0,0.0441852856840444,0.0,0.09375,0.0952380952380952,0.0095238095238095,True,False,False,False,0,0,0,0,0.125,0.1379310344827586,5550000
0.9698010057595924,0.0405405405405405,0.0511902699998075,0.0,0.09375,0.0952380952380952,0.019047619047619,False,False,False,True,0,0,0,0,0.125,0.4137931034482758,11350000
0.8128693016331567,0.066066066066066,0.110116813886804,0.0,0.125,0.1428571428571428,0.0285714285714285,False,True,False,False,1,1,1,1,0.25,0.0344827586206896,12500000
0.8044883204577218,0.024024024024024,0.069145353424552,0.05,0.09375,0.0952380952380952,0.019047619047619,False,False,True,False,0,0,0,0,0.125,0.1724137931034483,8500000
0.9225294138418008,0.0,0.0277120258645574,0.0,0.09375,0.0952380952380952,0.0095238095238095,True,False,False,False,0,0,0,0,0.125,0.1379310344827586,4480000
0.8892978643781646,0.057057057057057,0.0523449377441641,0.0,0.09375,0.0476190476190476,0.019047619047619,True,False,False,False,0,0,0,0,0.125,0.1034482758620689,16550000
0.9019639097998606,0.036036036036036,0.110809614533418,0.1,0.09375,0.0952380952380952,0.019047619047619,True,False,False,False,0,0,0,0,0.125,0.1379310344827586,7700000
0.951754911856483,0.0165165165165165,0.1254546504243404,0.05,0.125,0.0952380952380952,0.019047619047619,False,False,False,True,0,0,0,0,0.125,0.4482758620689654,25560000
0.936576116527732,0.0315315315315315,0.0753420703192656,0.0,0.09375,0.0952380952380952,0.019047619047619,False,False,False,True,0,0,0,0,0.125,0.3793103448275862,14500000
0.8827304214912886,0.0,0.0552508515674614,0.05,0.0625,0.0952380952380952,0.019047619047619,False,False,False,True,0,0,0,0,0.125,0.3448275862068965,10340000
0.8849859493698204,0.0405405405405405,0.071839578161384,0.05,0.09375,0.0952380952380952,0.019047619047619,False,False,True,False,0,0,0,0,0.125,0.1724137931034483,10280000
0.8519234612847413,0.0405405405405405,0.0909493293304851,0.05,0.125,0.0952380952380952,0.019047619047619,False,False,True,False,0,0,0,0,0.125,0.3103448275862069,10700000
0.8729355338805647,0.036036036036036,0.0233627773608144,0.0,0.0,0.0,0.0,False,False,False,True,0,0,0,0,0.125,0.5517241379310345,2900000
0.8413345208290082,0.009009009009009,0.0748224698343051,0.05,0.0625,0.0952380952380952,0.0095238095238095,False,False,False,True,0,0,0,0,0.125,0.4137931034482758,9880000
0.8126403414888159,0.0,0.0696264649847006,0.0,0.09375,0.0952380952380952,0.019047619047619,True,False,False,False,0,0,0,0,0.125,0.1379310344827586,7600000
0.8831751370469476,0.0405405405405405,0.0517676038719858,0.0,0.09375,0.0952380952380952,0.019047619047619,False,False,False,True,0,0,0,0,0.125,0.4827586206896552,7400000
0.8343101334970129,0.0,0.0850605238342667,0.05,0.09375,0.0952380952380952,0.019047619047619,False,False,True,False,0,0,0,0,0.125,0.2068965517241379,11200000
0.8652903076288396,0.0,0.0864461251274945,0.0,0.09375,0.0952380952380952,0.0095238095238095,False,True,False,False,1,1,1,1,0.25,0.0344827586206896,6680000
0.8793807070689184,0.0255255255255255,0.0987818255297038,0.05,0.09375,0.0952380952380952,0.019047619047619,False,False,False,True,0,0,0,0,0.125,0.4482758620689654,11500000
0.9791071127447708,0.021021021021021,0.0183784615976752,0.0,0.0,0.0,0.0,False,False,False,True,0,0,0,0,0.125,0.4137931034482758,6200000
0.8711246592175144,0.0405405405405405,0.0866963031387718,0.05,0.09375,0.0952380952380952,0.019047619047619,False,False,True,False,0,0,0,0,0.125,0.2413793103448275,9200000
0.8641458632011734,0.048048048048048,0.0942786213267132,0.0,0.1875,0.0952380952380952,0.0476190476190476,False,True,False,False,1,1,1,1,0.25,0.0344827586206896,25000000
0.8005054173520989,0.0,0.053711294574986,0.05,0.0625,0.0952380952380952,0.019047619047619,False,False,True,False,0,0,0,0,0.125,0.2413793103448275,6698800
0.991621047525598,0.042042042042042,0.0646806381463733,0.0,0.09375,0.0952380952380952,0.019047619047619,False,False,False,True,0,0,0,0,0.125,0.3793103448275862,9300000
0.7928184140112933,0.039039039039039,0.1297846544656775,0.0,0.15625,0.0476190476190476,0.0380952380952381,False,True,False,False,1,1,1,1,0.5,0.1034482758620689,5450000
0.7937747817665581,0.0,0.0539037391990454,0.05,0.09375,0.0952380952380952,0.019047619047619,False,False,True,False,0,0,0,0,0.125,0.1379310344827586,6250000
0.9037419402856984,0.06006006006006,0.0601581894809768,0.0,0.09375,0.0952380952380952,0.0095238095238095,True,False,False,False,0,0,0,0,0.125,0.1379310344827586,6950000
0.8627382890234685,0.0,0.0518830706464214,0.0,0.0625,0.0952380952380952,0.0095238095238095,False,False,True,False,0,0,0,0,0.125,0.2068965517241379,11500000
0.9627985101312504,0.0,0.0384119469622616,0.0,0.0,0.0,0.0,False,False,True,False,0,0,0,0,0.125,0.2068965517241379,9600000
0.8886304110512526,0.0645645645645645,0.0635644593268287,0.0,0.21875,0.0952380952380952,0.0476190476190476,False,True,False,False,1,1,1,1,0.25,0.0344827586206896,12500000
0.8699318505002793,0.033033033033033,0.0677789965937301,0.05,0.09375,0.0952380952380952,0.019047619047619,False,False,False,True,0,0,0,0,0.125,0.3793103448275862,7890000
0.817458833697998,0.0045045045045045,0.07655447145084,0.05,0.0625,0.0952380952380952,0.0095238095238095,False,False,True,False,0,0,0,0,0.125,0.2413793103448275,9900000
0.9019639097998606,0.0345345345345345,0.0717818447741662,0.05,0.0625,0.0952380952380952,0.0095238095238095,False,False,True,False,0,0,0,0,0.125,0.3103448275862069,5200000
0.8025978236386493,0.0015015015015015,0.1275138079017762,0.1,0.09375,0.0952380952380952,0.019047619047619,False,False,True,False,0,0,0,0,0.125,0.2758620689655172,15800000
0.8973439207375407,0.069069069069069,0.0624675249696899,0.0,0.09375,0.0952380952380952,0.019047619047619,True,False,False,False,0,0,0,0,0.25,0.1034482758620689,13000000
0.8593015248297888,0.0,0.0609279679772145,0.0,0.09375,0.0952380952380952,0.019047619047619,True,False,False,False,0,0,0,0,0.125,0.1034482758620689,5750000
0.9773516269621324,0.0195195195195195,0.0883513269056828,0.05,0.09375,0.0952380952380952,0.019047619047619,False,False,False,True,0,0,0,0,0.125,0.4482758620689654,22360000
0.843463108626139,0.0,0.1004753382214267,0.0,0.0,0.0,0.0,False,True,False,False,1,1,1,1,0.25,0.0344827586206896,14680000
0.9235114293191486,0.0105105105105105,0.0309258510863499,0.0,0.03125,0.0476190476190476,0.0095238095238095,False,False,False,True,0,0,0,0,0.125,0.3448275862068965,6560000
0.8440840387068818,0.06006006006006,0.0576371649057983,0.0,0.09375,0.0476190476190476,0.0095238095238095,False,True,False,False,1,1,1,1,0.25,0.0344827586206896,12000000
0.9218351019697196,0.0345345345345345,0.1114831707176259,0.0,0.15625,0.0952380952380952,0.0380952380952381,False,True,False,False,1,1,1,1,0.375,0.0689655172413793,16300000
0.8483957729165184,0.0135135135135135,0.1196235783153397,0.1,0.09375,0.0952380952380952,0.019047619047619,False,False,False,True,0,0,0,0,0.125,0.4482758620689654,16300000
0.8383506038034056,0.039039039039039,0.0475338221426784,0.0,0.0625,0.0952380952380952,0.0095238095238095,False,False,False,True,0,0,0,0,0.125,0.5172413793103449,7200000
0.8616909215322437,0.0375375375375375,0.0628524142178088,0.0,0.09375,0.0952380952380952,0.019047619047619,False,False,True,False,0,0,0,0,0.125,0.2068965517241379,7300000
0.9232089715731604,0.0435435435435435,0.0954525335334757,0.0,0.15625,0.0952380952380952,0.0285714285714285,False,False,True,False,0,0,0,0,0.25,0.1379310344827586,14500000
0.8685663905899048,0.0,0.0885437715297423,0.05,0.09375,0.0952380952380952,0.019047619047619,False,False,True,False,0,0,0,0,0.125,0.1379310344827586,18750000
0.8732977347222857,0.0,0.0563477859246002,0.0,0.09375,0.0952380952380952,0.019047619047619,False,True,False,False,1,1,1,1,0.25,0.0344827586206896,2500000
0.8504448778540166,0.036036036036036,0.0170698381540711,0.0,0.03125,0.0476190476190476,0.0095238095238095,True,False,False,False,0,0,0,0,0.125,0.1379310344827586,750000
0.9713499751145208,0.0015015015015015,0.0887554606162076,0.05,0.09375,0.0952380952380952,0.019047619047619,False,False,False,True,0,0,0,0,0.125,0.7931034482758621,23300000
0.8827779501289115,0.0345345345345345,0.1117141042664973,0.05,0.125,0.0952380952380952,0.019047619047619,False,False,False,True,0,0,0,0,0.125,0.6896551724137931,16000000
0.8274843161924252,0.0435435435435435,0.0512672478494313,0.0,0.09375,0.0952380952380952,0.019047619047619,True,False,False,False,0,0,0,0,0.125,0.1379310344827586,3800000
0.884173380174758,0.0,0.1186228662702307,0.1,0.09375,0.0952380952380952,0.019047619047619,False,False,True,False,0,0,0,0,0.125,0.3103448275862069,23120000
0.914302519087272,0.0315315315315315,0.0908915959432673,0.05,0.125,0.0952380952380952,0.019047619047619,False,False,True,False,0,0,0,0,0.125,0.1379310344827586,10800000
0.9118442558111042,0.048048048048048,0.0642957488982545,0.0,0.09375,0.0952380952380952,0.019047619047619,True,False,False,False,0,0,0,0,0.125,0.1379310344827586,9360000
0.8615783362911316,0.0645645645645645,0.0638146373381059,0.0,0.125,0.1428571428571428,0.0285714285714285,False,True,False,False,1,1,1,1,0.25,0.0344827586206896,17000000
0.8536972329584955,0.012012012012012,0.0844254565748705,0.05,0.09375,0.0952380952380952,0.019047619047619,False,False,False,True,0,0,0,0,0.125,0.4827586206896552,13700000
0.8990175608398374,0.0435435435435435,0.1214518022439043,0.05,0.125,0.0952380952380952,0.019047619047619,False,False,True,False,0,0,0,0,0.125,0.2413793103448275,12700000
0.8728709088445044,0.0195195195195195,0.0291746050074091,0.0,0.03125,0.0476190476190476,0.0095238095238095,False,False,True,False,0,0,0,0,0.125,0.3103448275862069,5750000
0.8905986583423555,0.0,0.0448395974058464,0.0,0.09375,0.0952380952380952,0.0095238095238095,True,False,False,False,0,0,0,0,0.125,0.1379310344827586,3400000
0.8710481115851678,0.018018018018018,0.0226314877893886,0.0,0.03125,0.0476190476190476,0.0095238095238095,False,False,True,False,0,0,0,0,0.125,0.3103448275862069,3200000
0.8848589625159207,0.039039039039039,0.0200334853645863,0.0,0.03125,0.0476190476190476,0.0095238095238095,False,False,False,True,0,0,0,0,0.125,0.3793103448275862,3500000
0.8159726423340032,0.021021021021021,0.0856763466312568,0.1,0.125,0.0952380952380952,0.019047619047619,False,False,False,True,0,0,0,0,0.125,0.4482758620689654,12000000
0.8684519183432258,0.075075075075075,0.0676442853568885,0.0,0.125,0.0952380952380952,0.019047619047619,False,True,False,False,1,1,1,1,0.25,0.0344827586206896,15800000
0.7937747817665581,0.0,0.0499586244058272,0.05,0.09375,0.0952380952380952,0.019047619047619,False,False,True,False,0,0,0,0,0.125,0.1379310344827586,8300000
0.8707946179458474,0.0405405405405405,0.0844639454996824,0.05,0.09375,0.0952380952380952,0.019047619047619,False,False,False,True,0,0,0,0,0.125,0.3793103448275862,13380000
0.871797926039477,0.0375375375375375,0.1444296903565999,0.0,0.15625,0.0952380952380952,0.0380952380952381,False,True,False,False,1,1,1,1,0.375,0.0689655172413793,13600000
0.9773906041536692,0.0135135135135135,0.0997825375748128,0.05,0.0625,0.0952380952380952,0.019047619047619,False,False,False,True,0,0,0,0,0.125,0.4482758620689654,23660000
0.9033307729112324,0.0555555555555555,0.0246906452668244,0.0,0.09375,0.0952380952380952,0.019047619047619,True,False,False,False,0,0,0,0,0.125,0.1379310344827586,4000000
0.8823323884377601,0.0,0.0837519003906625,0.05,0.0,0.0,0.0,False,False,True,False,0,0,0,0,0.125,0.1724137931034483,14910000
0.8709467324336231,0.0075075075075075,0.0713392221388295,0.05,0.09375,0.0952380952380952,0.0095238095238095,False,False,False,True,0,0,0,0,0.125,0.3448275862068965,12800000
0.8105573726655564,0.0585585585585585,0.054384850759194,0.0,0.125,0.0476190476190476,0.019047619047619,False,True,False,False,1,1,1,1,0.25,0.0344827586206896,4600000
0.7677079637488475,0.0,0.0705886881049977,0.05,0.09375,0.0952380952380952,0.019047619047619,False,False,True,False,0,0,0,0,0.125,0.1379310344827586,7600000
0.8853393614704146,0.048048048048048,0.0623905471200662,0.0,0.0,0.0,0.0,True,False,False,False,0,0,0,0,0.125,0.1379310344827586,8400000
0.9023028313066276,0.048048048048048,0.0458403094509554,0.0,0.09375,0.0952380952380952,0.019047619047619,True,False,False,False,0,0,0,0,0.125,0.1379310344827586,2700000
0.9438635898289364,0.0615615615615615,0.0459365317629852,0.0,0.09375,0.0952380952380952,0.019047619047619,True,False,False,False,0,0,0,0,0.125,0.1034482758620689,6000000
0.9675174813824584,0.0105105105105105,0.0790370071012066,0.05,0.0625,0.0952380952380952,0.0095238095238095,False,False,False,True,0,0,0,0,0.125,0.7241379310344828,21500000
0.8276250218450798,0.045045045045045,0.0497661797817677,0.0,0.03125,0.0476190476190476,0.0095238095238095,False,True,False,False,1,1,1,1,0.125,0.0,16200000
0.9105974534478776,0.0405405405405405,0.0308488732367261,0.0,0.03125,0.0476190476190476,0.0095238095238095,False,False,False,True,0,0,0,0,0.125,0.3793103448275862,5000000
0.8603199461933002,0.0225225225225225,0.0652579720185516,0.05,0.0625,0.0952380952380952,0.0095238095238095,False,False,False,True,0,0,0,0,0.125,0.4137931034482758,11380000
0.8883294612802217,0.0375375375375375,0.0697804206839481,0.0,0.09375,0.0952380952380952,0.019047619047619,False,False,False,True,0,0,0,0,0.125,0.4482758620689654,7800000
0.8700297857314183,0.0405405405405405,0.0699921097704135,0.0,0.09375,0.0952380952380952,0.019047619047619,False,False,True,False,0,0,0,0,0.125,0.3103448275862069,9200000
0.9728774063445372,0.0105105105105105,0.0636606816388584,0.05,0.09375,0.0952380952380952,0.019047619047619,False,False,True,False,0,0,0,0,0.125,0.2068965517241379,14600000
0.9189094790808952,0.042042042042042,0.1090583684544772,0.0,0.09375,0.1428571428571428,0.0285714285714285,False,True,False,False,1,1,1,1,0.375,0.0689655172413793,15700000
0.8565507379441613,0.0,0.1163520197063295,0.05,0.125,0.0952380952380952,0.0285714285714285,False,False,True,False,0,0,0,0,0.125,0.1034482758620689,16000000
0.9725018658415934,0.0015015015015015,0.0653926832553932,0.05,0.0625,0.0476190476190476,0.0095238095238095,False,False,False,True,0,0,0,0,0.125,0.6896551724137931,13100000
0.868774020309246,0.0465465465465465,0.058734099262937,0.0,0.09375,0.0952380952380952,0.019047619047619,True,False,False,False,0,0,0,0,0.125,0.1379310344827586,8600000
0.8185213498922792,0.0,0.074533802898216,0.05,0.09375,0.0952380952380952,0.019047619047619,False,False,True,False,0,0,0,0,0.125,0.1379310344827586,12500000
0.8658621547271537,0.0,0.0583876989396301,0.0,0.09375,0.0952380952380952,0.019047619047619,True,False,False,False,0,0,0,0,0.125,0.1379310344827586,3100000
0.8054290804761308,0.0,0.0716663779997305,0.0,0.09375,0.0952380952380952,0.019047619047619,False,False,True,False,0,0,0,0,0.125,0.2068965517241379,5450000
0.8536972329584955,0.012012012012012,0.0835017223793853,0.05,0.09375,0.0952380952380952,0.019047619047619,False,False,False,True,0,0,0,0,0.125,0.4827586206896552,13500000
0.8810299443279632,0.045045045045045,0.105094009198853,0.05,0.125,0.0952380952380952,0.019047619047619,False,False,True,False,0,0,0,0,0.125,0.3103448275862069,10650000
0.8284566749983071,0.0135135135135135,0.0871389257741085,0.05,0.09375,0.0952380952380952,0.019047619047619,False,False,False,True,0,0,0,0,0.125,0.3448275862068965,13750000
0.8779655749186759,0.027027027027027,0.1026499624732983,0.05,0.09375,0.0952380952380952,0.019047619047619,False,False,False,True,0,0,0,0,0.125,0.3448275862068965,12900000
0.951754911856483,0.0135135135135135,0.1254546504243404,0.05,0.125,0.0952380952380952,0.019047619047619,False,False,False,True,0,0,0,0,0.125,0.4137931034482758,21680000
0.864393136477446,0.0465465465465465,0.0658545503531358,0.0,0.125,0.0952380952380952,0.019047619047619,False,True,False,False,1,1,1,1,0.25,0.0344827586206896,8930000
0.8626843504959254,0.006006006006006,0.0304447395262013,0.0,0.09375,0.0952380952380952,0.019047619047619,False,False,True,False,0,0,0,0,0.125,0.1379310344827586,6000000
0.765723101805321,0.033033033033033,0.1021880953755556,0.0,0.15625,0.0952380952380952,0.0285714285714285,False,True,False,False,1,1,1,1,0.5,0.1034482758620689,8800000
0.9308559468163936,0.0435435435435435,0.0417027500336778,0.0,0.09375,0.0952380952380952,0.019047619047619,False,False,True,False,0,0,0,0,0.125,0.1724137931034483,8850000
0.81049387085082,0.021021021021021,0.0172430383157246,0.0,0.03125,0.0476190476190476,0.0095238095238095,False,False,True,False,0,0,0,0,0.125,0.1724137931034483,1100000
0.8365915612627077,0.0495495495495495,0.0843869676500587,0.0,0.09375,0.0952380952380952,0.019047619047619,False,True,False,False,1,1,1,1,0.25,0.0344827586206896,10600000
0.903021975181133,0.0225225225225225,0.1486442276235013,0.0,0.15625,0.0952380952380952,0.0476190476190476,False,True,False,False,1,1,1,1,0.625,0.1379310344827586,23500000
0.8367311778415001,0.0,0.08931355002598,0.05,0.09375,0.0952380952380952,0.019047619047619,False,False,False,True,0,0,0,0,0.125,0.4482758620689654,11670000
0.8592480561710829,0.0375375375375375,0.0866770586763658,0.0,0.15625,0.0952380952380952,0.0285714285714285,False,True,False,False,1,1,1,1,0.375,0.0689655172413793,9300000
0.7968592069330214,0.0405405405405405,0.054038450435887,0.0,0.09375,0.0952380952380952,0.019047619047619,False,False,True,False,0,0,0,0,0.125,0.2068965517241379,5800000
0.7958406041614126,0.0225225225225225,0.0120085445413082,0.0,0.03125,0.0476190476190476,0.0095238095238095,False,False,True,False,0,0,0,0,0.125,0.1379310344827586,1330000
0.9047404840545424,0.045045045045045,0.0447241306314108,0.0,0.0625,0.0476190476190476,0.0095238095238095,False,False,True,False,0,0,0,0,0.125,0.2068965517241379,7100000
0.8789236805039593,0.003003003003003,0.0888709273906433,0.05,0.09375,0.0952380952380952,0.019047619047619,False,False,False,True,0,0,0,0,0.125,0.3448275862068965,16800000
0.8755398931856462,0.0405405405405405,0.0988780478417335,0.05,0.09375,0.0952380952380952,0.019047619047619,False,False,False,True,0,0,0,0,0.125,0.4482758620689654,9150000
0.8434819039780166,0.0,0.0502472913419163,0.0,0.1875,0.0952380952380952,0.0380952380952381,False,True,False,False,1,1,1,1,0.25,0.0344827586206896,5760000
0.9004562444793862,0.036036036036036,0.0214190866578142,0.0,0.03125,0.0476190476190476,0.0095238095238095,False,False,False,True,0,0,0,0,0.125,0.3793103448275862,3450000
0.8556784513398838,0.021021021021021,0.106094721243962,0.1,0.09375,0.0952380952380952,0.019047619047619,False,False,False,True,0,0,0,0,0.125,0.4137931034482758,16500000
0.941579146759608,0.0615615615615615,0.0459365317629852,0.0,0.09375,0.0952380952380952,0.019047619047619,True,False,False,False,0,0,0,0,0.125,0.1034482758620689,13500000
0.8812547861212181,0.036036036036036,0.1007832496199218,0.1,0.09375,0.0952380952380952,0.019047619047619,False,False,False,True,0,0,0,0,0.125,0.3793103448275862,10600000
0.9713499751145208,0.0,0.0821930989357812,0.05,0.09375,0.0952380952380952,0.019047619047619,False,False,False,True,0,0,0,0,0.125,0.7931034482758621,20000000
0.8225888491811588,0.0345345345345345,0.197082539499259,0.0,0.1875,0.1428571428571428,0.0476190476190476,False,True,False,False,1,1,1,1,0.25,0.0344827586206896,16160000
0.8018072837963359,0.0435435435435435,0.0575216981313627,0.0,0.09375,0.0952380952380952,0.019047619047619,False,False,True,False,0,0,0,0,0.125,0.1379310344827586,5200000
0.8094239761437052,0.0435435435435435,0.0630256143794623,0.0,0.09375,0.0952380952380952,0.019047619047619,True,False,False,False,0,0,0,0,0.125,0.1034482758620689,5600000
0.9011327683103616,0.048048048048048,0.0295594942555279,0.0,0.03125,0.0476190476190476,0.0095238095238095,False,False,True,False,0,0,0,0,0.125,0.1379310344827586,2200000
0.8620590808771738,0.069069069069069,0.0487077343494409,0.0,0.125,0.0952380952380952,0.019047619047619,False,True,False,False,1,1,1,1,0.25,0.0344827586206896,7500000
0.8827304214912886,0.0,0.0589650328118084,0.05,0.0625,0.0952380952380952,0.019047619047619,False,False,False,True,0,0,0,0,0.125,0.3448275862068965,9940000
0.9540393277918042,0.033033033033033,0.0652387275561457,0.05,0.09375,0.0952380952380952,0.019047619047619,False,False,True,False,0,0,0,0,0.125,0.1724137931034483,10760000
0.808009465746153,0.0,0.1512422300483036,0.0,0.125,0.0476190476190476,0.0571428571428571,False,True,False,False,1,1,1,1,0.5,0.1034482758620689,16950000
0.8747292785186858,0.045045045045045,0.0494967573080845,0.0,0.09375,0.0952380952380952,0.019047619047619,False,False,False,True,0,0,0,0,0.125,0.5172413793103449,4100000
0.8841410003319652,0.024024024024024,0.0293670496314685,0.0,0.03125,0.0476190476190476,0.0095238095238095,False,False,True,False,0,0,0,0,0.125,0.1034482758620689,3600000
0.7937747817665581,0.0,0.0556934742027981,0.05,0.09375,0.0952380952380952,0.019047619047619,False,False,True,False,0,0,0,0,0.125,0.1379310344827586,7800000
0.8887469464007154,0.042042042042042,0.0745722918230279,0.0,0.09375,0.0952380952380952,0.019047619047619,False,False,True,False,0,0,0,0,0.125,0.2068965517241379,9000000
0.9008166647845428,0.0405405405405405,0.0200142409021804,0.0,0.03125,0.0476190476190476,0.0095238095238095,False,False,True,False,0,0,0,0,0.125,0.2758620689655172,3620000
0.8645314313082224,0.0,0.0739949579508496,0.0,0.09375,0.0952380952380952,0.019047619047619,False,True,False,False,1,1,1,1,0.375,0.0689655172413793,6000000
0.9452417415308504,0.0375375375375375,0.083597944691415,0.05,0.09375,0.0952380952380952,0.019047619047619,False,False,False,True,0,0,0,0,0.125,0.6551724137931035,18700000
0.856851795040626,0.0345345345345345,0.0669899736350865,0.0,0.09375,0.0952380952380952,0.019047619047619,True,False,False,False,0,0,0,0,0.25,0.1379310344827586,10400000
0.7909269689338032,0.039039039039039,0.060081211631353,0.0,0.09375,0.0952380952380952,0.019047619047619,False,False,False,True,0,0,0,0,0.125,0.3448275862068965,3750000
0.8994017525535583,0.039039039039039,0.0625445028193137,0.05,0.09375,0.0952380952380952,0.019047619047619,False,False,False,True,0,0,0,0,0.125,0.3793103448275862,7480000
0.9060063320001176,0.0,0.047322133056213,0.0,0.0625,0.0476190476190476,0.0095238095238095,False,False,True,False,0,0,0,0,0.125,0.1379310344827586,4700000
0.9313654947046645,0.0,0.0710120662779285,0.05,0.09375,0.0952380952380952,0.019047619047619,False,False,False,True,0,0,0,0,0.125,0.3793103448275862,12300000
0.901081328535696,0.0225225225225225,0.0195523738044377,0.0,0.03125,0.0476190476190476,0.0095238095238095,False,False,True,False,0,0,0,0,0.125,0.3103448275862069,3350000
0.963194687004659,0.0135135135135135,0.0626022362065315,0.05,0.0625,0.0952380952380952,0.0095238095238095,False,False,False,True,0,0,0,0,0.125,0.4482758620689654,14400000
0.8293890759115641,0.0285285285285285,0.3208051883070646,0.0,0.375,0.0952380952380952,0.0857142857142857,False,True,False,False,1,1,1,1,0.375,0.0689655172413793,20100000
0.8710938023878043,0.0375375375375375,0.0178973500375267,0.0,0.0,0.0,0.0,False,False,False,True,0,0,0,0,0.125,0.4482758620689654,2550000
0.922019421894248,0.039039039039039,0.0827896772703654,0.05,0.125,0.0952380952380952,0.019047619047619,False,False,True,False,0,0,0,0,0.125,0.2068965517241379,15100000
0.8823323884377601,0.0,0.1014568058041298,0.05,0.0,0.0,0.0,False,False,True,False,0,0,0,0,0.125,0.1724137931034483,19400000
0.8460931081329761,0.009009009009009,0.0965687123530204,0.0,0.125,0.0952380952380952,0.0285714285714285,False,True,False,False,1,1,1,1,0.375,0.0689655172413793,12500000
0.8551099529481974,0.018018018018018,0.0983969362815849,0.05,0.09375,0.0952380952380952,0.019047619047619,False,False,False,True,0,0,0,0,0.125,0.4137931034482758,14250000
0.8521107159320707,0.0195195195195195,0.0894675057252275,0.05,0.09375,0.0952380952380952,0.019047619047619,False,False,False,True,0,0,0,0,0.125,0.4827586206896552,13700000
0.7908571448631108,0.0615615615615615,0.1301502992513904,0.0,0.125,0.0476190476190476,0.019047619047619,False,True,False,False,1,1,1,1,0.375,0.0689655172413793,16000000
0.8551099529481974,0.0195195195195195,0.1068260108153878,0.05,0.09375,0.0952380952380952,0.019047619047619,False,False,False,True,0,0,0,0,0.125,0.4482758620689654,16400000
0.8827779501289115,0.0345345345345345,0.0892173277139503,0.05,0.09375,0.0952380952380952,0.019047619047619,False,False,False,True,0,0,0,0,0.125,0.7241379310344828,10000000
0.991810204129706,0.033033033033033,0.022131131766834,0.0,0.03125,0.0476190476190476,0.0095238095238095,False,False,True,False,0,0,0,0,0.125,0.1724137931034483,3150000
0.8839297370578265,0.0315315315315315,0.1104247252852991,0.05,0.125,0.0952380952380952,0.019047619047619,False,False,False,True,0,0,0,0,0.125,0.6551724137931035,16500000
0.9013404816813876,0.0405405405405405,0.027519581240498,0.0,0.03125,0.0476190476190476,0.019047619047619,False,False,True,False,0,0,0,0,0.125,0.1379310344827586,2500000
0.8563978574510998,0.0,0.0722629563343147,0.05,0.09375,0.0952380952380952,0.019047619047619,False,False,True,False,0,0,0,0,0.125,0.2413793103448275,7500000
0.8936960331148498,0.0405405405405405,0.0764005157515924,0.05,0.125,0.0952380952380952,0.0285714285714285,False,False,False,True,0,0,0,0,0.125,0.3793103448275862,9500000
0.9003253073150574,0.0105105105105105,0.0287319823720724,0.0,0.03125,0.0476190476190476,0.0095238095238095,False,False,False,True,0,0,0,0,0.125,0.3793103448275862,6250000
0.8791384753088778,0.039039039039039,0.1866135519504262,0.0,0.09375,0.0952380952380952,0.019047619047619,False,False,False,True,0,0,0,0,0.125,0.3793103448275862,11250000
0.7852139087047476,0.0,0.0619479244847295,0.0,0.09375,0.1428571428571428,0.019047619047619,False,True,False,False,1,1,1,1,0.25,0.0344827586206896,9800000
0.8841410003319652,0.0255255255255255,0.0461674653118565,0.05,0.0,0.0,0.0,False,False,True,False,0,0,0,0,0.125,0.1034482758620689,5700000
0.906832749741028,0.021021021021021,0.0827511883455535,0.05,0.09375,0.0952380952380952,0.019047619047619,False,False,True,False,0,0,0,0,0.125,0.2068965517241379,9300000
0.9621000459553954,0.0165165165165165,0.0929507534207031,0.05,0.09375,0.0952380952380952,0.019047619047619,False,False,False,True,0,0,0,0,0.125,0.3793103448275862,22550000
0.8828451597775597,0.0495495495495495,0.0152993476127244,0.0,0.03125,0.0476190476190476,0.0095238095238095,False,False,False,True,0,0,0,0,0.125,0.3793103448275862,2000000
0.9162783267827592,0.015015015015015,0.0827126994207416,0.05,0.09375,0.0952380952380952,0.019047619047619,False,False,False,True,0,0,0,0,0.125,0.4482758620689654,20840000
0.8029766991778047,0.018018018018018,0.1661759328753151,0.0,0.28125,0.0476190476190476,0.0952380952380952,False,True,False,False,1,1,1,1,0.5,0.1034482758620689,22800000
0.8263426375710026,0.0435435435435435,0.0608317456651848,0.0,0.09375,0.0952380952380952,0.019047619047619,False,False,True,False,0,0,0,0,0.125,0.1724137931034483,5900000
0.8786240070399742,0.0,0.0499393799434212,0.0,0.09375,0.0952380952380952,0.0095238095238095,True,False,False,False,0,0,0,0,0.125,0.1379310344827586,3500000
0.8863209066413447,0.0555555555555555,0.0530184939283721,0.0,0.0,0.0,0.0,True,False,False,False,0,0,0,0,0.125,0.1379310344827586,7500000
0.882474529336065,0.0045045045045045,0.0906799068568019,0.05,0.09375,0.0952380952380952,0.019047619047619,False,False,True,False,0,0,0,0,0.125,0.3103448275862069,17720000
0.8767369138930405,0.0495495495495495,0.1129457498604776,0.05,0.125,0.0952380952380952,0.0285714285714285,False,True,False,False,1,1,1,1,0.25,0.0344827586206896,12000000
0.8684036678664881,0.06006006006006,0.0504397359659757,0.0,0.09375,0.0476190476190476,0.019047619047619,False,True,False,False,1,1,1,1,0.25,0.0344827586206896,4200000
0.8088326833934047,0.0,0.0460904874622327,0.05,0.03125,0.0476190476190476,0.0095238095238095,False,False,True,False,0,0,0,0,0.125,0.3103448275862069,4460000
0.8596974750407185,0.018018018018018,0.0247676231164482,0.0,0.0625,0.0476190476190476,0.0095238095238095,False,False,True,False,0,0,0,0,0.125,0.3103448275862069,3090000
0.870839878529921,0.045045045045045,0.1090006350672593,0.05,0.125,0.0952380952380952,0.019047619047619,False,False,False,True,0,0,0,0,0.125,0.3793103448275862,13800000
0.8930159078800557,0.0435435435435435,0.0657390835787002,0.0,0.0,0.0,0.0,True,False,False,False,0,0,0,0,0.125,0.1379310344827586,6000000
0.884173380174758,0.0,0.0645459269095317,0.05,0.0625,0.0952380952380952,0.0095238095238095,False,False,True,False,0,0,0,0,0.125,0.3103448275862069,11350000
0.8992057600431735,0.039039039039039,0.0593499220599272,0.0,0.09375,0.0952380952380952,0.0095238095238095,False,False,True,False,0,0,0,0,0.125,0.2068965517241379,7500000
0.8946586437712654,0.0225225225225225,0.1089429016800415,0.05,0.125,0.0952380952380952,0.019047619047619,False,False,False,True,0,0,0,0,0.125,0.9310344827586208,23800000
0.923854165084947,0.021021021021021,0.0409907049246579,0.05,0.03125,0.0476190476190476,0.0095238095238095,False,False,True,False,0,0,0,0,0.125,0.1724137931034483,6900000
0.9001507223483713,0.0,0.061101168138868,0.0,0.09375,0.0952380952380952,0.019047619047619,False,False,True,False,0,0,0,0,0.125,0.1379310344827586,9180000
0.8523710616489382,0.0315315315315315,0.0478417335411735,0.0,0.0,0.0,0.0,False,False,True,False,0,0,0,0,0.125,0.1379310344827586,3840000
0.8568520113537943,0.042042042042042,0.0767276716124935,0.05,0.09375,0.0952380952380952,0.019047619047619,False,False,True,False,0,0,0,0,0.125,0.2068965517241379,8500000
0.8599101712093216,0.0255255255255255,0.0809422088793949,0.05,0.09375,0.0952380952380952,0.019047619047619,False,False,True,False,0,0,0,0,0.125,0.2068965517241379,12370000
0.9759353049915376,0.0555555555555555,0.0596193445336104,0.0,0.0,0.0,0.0,True,False,False,False,0,0,0,0,0.125,0.1379310344827586,6950000
0.9162428764699088,0.0225225225225225,0.0938359986913765,0.1,0.09375,0.0952380952380952,0.019047619047619,False,False,False,True,0,0,0,0,0.125,0.4482758620689654,19500000
0.9713499751145208,0.0,0.0629871254546504,0.05,0.0625,0.0476190476190476,0.0095238095238095,False,False,False,True,0,0,0,0,0.125,0.7931034482758621,15000000
0.951754911856483,0.0165165165165165,0.1120605045898042,0.05,0.09375,0.0952380952380952,0.019047619047619,False,False,False,True,0,0,0,0,0.125,0.4137931034482758,23500000
0.9687636728102405,0.0075075075075075,0.1071724111386948,0.05,0.09375,0.0952380952380952,0.019047619047619,False,False,False,True,0,0,0,0,0.125,1.0,19750000
0.8924451654289669,0.0345345345345345,0.052710582529877,0.05,0.0625,0.0476190476190476,0.0095238095238095,False,False,True,False,0,0,0,0,0.125,0.2413793103448275,6800000
0.8812588212813353,0.0,0.0521717375825106,0.0,0.09375,0.0952380952380952,0.0095238095238095,False,False,True,False,0,0,0,0,0.125,0.2068965517241379,6300000
0.9433916556469626,0.039039039039039,0.0814618093643554,0.0,0.125,0.0952380952380952,0.019047619047619,False,False,True,False,0,0,0,0,0.125,0.2068965517241379,14500000
0.858682446268233,0.036036036036036,0.1364432384581336,0.0,0.1875,0.1428571428571428,0.0285714285714285,False,True,False,False,1,1,1,1,0.5,0.1034482758620689,14590000
0.8994017525535583,0.0375375375375375,0.0601389450185709,0.0,0.09375,0.0952380952380952,0.019047619047619,False,False,False,True,0,0,0,0,0.125,0.3793103448275862,7500000
0.8950990298530144,0.048048048048048,0.1073263668379423,0.0,0.125,0.0952380952380952,0.019047619047619,False,False,True,False,0,0,0,0,0.125,0.2758620689655172,15450000
0.8828706214488591,0.003003003003003,0.0914111964282277,0.05,0.09375,0.0952380952380952,0.019047619047619,False,False,False,True,0,0,0,0,0.125,0.3793103448275862,17000000
0.9660064157874332,0.021021021021021,0.1012643611800704,0.05,0.09375,0.0952380952380952,0.019047619047619,False,False,True,False,0,0,0,0,0.125,0.1724137931034483,19680000
0.8965286216142943,0.075075075075075,0.0630448588418682,0.0,0.125,0.0952380952380952,0.0285714285714285,False,True,False,False,1,1,1,1,0.25,0.0344827586206896,21500000
0.8447117232694268,0.0315315315315315,0.0633527702403633,0.05,0.09375,0.0952380952380952,0.019047619047619,False,False,True,False,0,0,0,0,0.125,0.2413793103448275,6800000
0.8267951265013096,0.0,0.0721474895598791,0.05,0.09375,0.0952380952380952,0.019047619047619,False,False,True,False,0,0,0,0,0.125,0.1724137931034483,7530000
0.8664911627449214,0.0405405405405405,0.137674884052114,0.0,0.125,0.0952380952380952,0.0285714285714285,False,True,False,False,1,1,1,1,0.5,0.1034482758620689,13500000
0.81049387085082,0.021021021021021,0.0168196601427939,0.0,0.0,0.0,0.0,False,False,True,False,0,0,0,0,0.125,0.1724137931034483,1280000
0.8596974750407185,0.018018018018018,0.0247676231164482,0.0,0.0625,0.0952380952380952,0.0095238095238095,False,False,True,False,0,0,0,0,0.125,0.3103448275862069,5700000
0.9391250001991692,0.036036036036036,0.0803071416199988,0.0,0.09375,0.0952380952380952,0.019047619047619,False,False,False,True,0,0,0,0,0.125,0.4827586206896552,14700000
0.8862333809543372,0.048048048048048,0.0875623039470392,0.0,0.15625,0.0952380952380952,0.0380952380952381,False,True,False,False,1,1,1,1,0.25,0.0344827586206896,16600000
0.8820416839931227,0.036036036036036,0.0914689298154456,0.05,0.09375,0.0952380952380952,0.019047619047619,False,False,False,True,0,0,0,0,0.125,0.6896551724137931,13000000
0.9728400077365222,0.0555555555555555,0.0653349498681754,0.0,0.0,0.0,0.0,False,True,False,False,1,1,1,1,0.25,0.0344827586206896,18860000
0.8601841227299758,0.0315315315315315,0.0551353847930258,0.05,0.125,0.0952380952380952,0.0095238095238095,False,False,True,False,0,0,0,0,0.125,0.3103448275862069,5000000
0.938048857791074,0.0555555555555555,0.0441852856840444,0.0,0.0,0.0,0.0,True,False,False,False,0,0,0,0,0.125,0.1379310344827586,8050000
0.8529166610176162,0.03003003003003,0.1304966995746973,0.0,0.0,0.0,0.0,False,True,False,False,1,1,1,1,0.5,0.1034482758620689,16000000
0.8877255657962735,0.054054054054054,0.0419336835825491,0.0,0.09375,0.0952380952380952,0.019047619047619,True,False,False,False,0,0,0,0,0.125,0.1379310344827586,6500000
0.8504448778540166,0.036036036036036,0.0170698381540711,0.0,0.03125,0.0476190476190476,0.0095238095238095,True,False,False,False,0,0,0,0,0.125,0.1379310344827586,880000
0.9758787583762398,0.039039039039039,0.0489194234359063,0.0,0.09375,0.0952380952380952,0.019047619047619,False,False,True,False,0,0,0,0,0.125,0.2068965517241379,11800000
0.8860053602120956,0.0165165165165165,0.1080191674845563,0.05,0.09375,0.0952380952380952,0.019047619047619,False,False,True,False,0,0,0,0,0.25,0.3103448275862069,15800000
0.8805275902222149,0.0495495495495495,0.0857340800184746,0.0,0.09375,0.1428571428571428,0.019047619047619,False,True,False,False,1,1,1,1,0.25,0.0344827586206896,16500000
0.8486696440661206,0.0615615615615615,0.0784019398418105,0.0,0.125,0.1428571428571428,0.0285714285714285,False,True,False,False,1,1,1,1,0.25,0.0344827586206896,9000000
0.8504448778540166,0.036036036036036,0.0170698381540711,0.0,0.03125,0.0476190476190476,0.0095238095238095,True,False,False,False,0,0,0,0,0.125,0.1379310344827586,850000
0.973445214573843,0.0,0.0581375209283528,0.0,0.0,0.0,0.0,False,True,False,False,1,1,1,1,0.25,0.0344827586206896,13600000
0.9675174813824584,0.0075075075075075,0.076208071127533,0.05,0.0625,0.0952380952380952,0.0095238095238095,False,False,False,True,0,0,0,0,0.125,0.7586206896551725,18700000
0.9416925529190792,0.0435435435435435,0.0308296287743201,0.0,0.03125,0.0476190476190476,0.0095238095238095,False,False,True,False,0,0,0,0,0.125,0.2068965517241379,4420000
0.8424538771255925,0.0,0.1155245078228739,0.0,0.15625,0.0952380952380952,0.0476190476190476,False,True,False,False,1,1,1,1,0.5,0.1034482758620689,16500000
0.886332142607273,0.0,0.0676635298192945,0.05,0.09375,0.0952380952380952,0.019047619047619,False,False,True,False,0,0,0,0,0.125,0.1379310344827586,15820000
0.914302519087272,0.033033033033033,0.1073263668379423,0.1,0.125,0.0952380952380952,0.019047619047619,False,False,True,False,0,0,0,0,0.125,0.1379310344827586,16000000
0.8670812182850511,0.012012012012012,0.0583876989396301,0.05,0.0625,0.0952380952380952,0.019047619047619,False,False,True,False,0,0,0,0,0.125,0.2758620689655172,13000000
0.9019639097998606,0.0375375375375375,0.0940476877778419,0.05,0.09375,0.0952380952380952,0.019047619047619,True,False,False,False,0,0,0,0,0.125,0.1379310344827586,5900000
0.8100662666010692,0.042042042042042,0.1528972538152146,0.0,0.15625,0.0952380952380952,0.0285714285714285,False,True,False,False,1,1,1,1,0.625,0.1379310344827586,8500000
0.8436372359562938,0.063063063063063,0.0596963223832342,0.0,0.15625,0.0952380952380952,0.0285714285714285,False,True,False,False,1,1,1,1,0.25,0.0344827586206896,14000000
0.8445793972730655,0.042042042042042,0.064122548736601,0.0,0.09375,0.0952380952380952,0.019047619047619,False,False,True,False,0,0,0,0,0.125,0.2068965517241379,6800000
0.8713758903410564,0.0,0.0508246252140946,0.0,0.09375,0.0952380952380952,0.0095238095238095,True,False,False,False,0,0,0,0,0.125,0.1379310344827586,6000000
0.8538787386769116,0.0315315315315315,0.1531474318264919,0.0,0.0,0.0,0.0,False,True,False,False,1,1,1,1,0.5,0.1034482758620689,14500000
0.8750398402651456,0.0,0.0427419510035987,0.0,0.09375,0.0952380952380952,0.0095238095238095,True,False,False,False,0,0,0,0,0.125,0.1379310344827586,5000000
0.9701423779002596,0.06006006006006,0.0686834863268094,0.0,0.125,0.0952380952380952,0.019047619047619,False,True,False,False,1,1,1,1,0.25,0.0344827586206896,23000000
0.9777477412971508,0.0195195195195195,0.0893712834131978,0.05,0.09375,0.0952380952380952,0.019047619047619,False,False,False,True,0,0,0,0,0.125,0.4827586206896552,23750000
0.8733447934461083,0.003003003003003,0.0225929988645767,0.0,0.03125,0.0476190476190476,0.0095238095238095,False,False,True,False,0,0,0,0,0.125,0.3103448275862069,4720000
0.9243044442850704,0.0,0.0409329715374401,0.0,0.1875,0.1904761904761904,0.0476190476190476,False,True,False,False,1,1,1,1,0.25,0.0344827586206896,13580000
0.8536972329584955,0.0135135135135135,0.0656813501914824,0.05,0.0625,0.0952380952380952,0.0095238095238095,False,False,False,True,0,0,0,0,0.125,0.4827586206896552,10800000
0.9032720278141256,0.0,0.0682023747666608,0.0,0.09375,0.0952380952380952,0.019047619047619,False,False,True,False,0,0,0,0,0.125,0.2068965517241379,9200000
0.8704255144323554,0.0435435435435435,0.0462636876238862,0.0,0.09375,0.0952380952380952,0.0095238095238095,True,False,False,False,0,0,0,0,0.125,0.1379310344827586,7300000
0.8536972329584955,0.012012012012012,0.0974539576236937,0.1,0.09375,0.0952380952380952,0.019047619047619,False,False,False,True,0,0,0,0,0.125,0.4827586206896552,14850000
0.8858691886773045,0.057057057057057,0.0507091584396589,0.0,0.09375,0.0952380952380952,0.019047619047619,True,False,False,False,0,0,0,0,0.125,0.1379310344827586,3750000
0.8618550815351398,0.042042042042042,0.0629101476050266,0.0,0.0625,0.0952380952380952,0.0095238095238095,False,False,True,False,0,0,0,0,0.125,0.1379310344827586,4550000
0.8524890670175864,0.018018018018018,0.0670669514847102,0.0,0.09375,0.0952380952380952,0.019047619047619,False,False,False,True,0,0,0,0,0.125,0.4827586206896552,8600000
0.8906742822821343,0.048048048048048,0.0707041548794334,0.0,0.09375,0.0952380952380952,0.019047619047619,True,False,False,False,0,0,0,0,0.125,0.1379310344827586,8100000
0.8516708526815648,0.0315315315315315,0.1144275734657352,0.0,0.0,0.0,0.0,False,True,False,False,1,1,1,1,0.375,0.0689655172413793,9890000
0.8545263322841379,0.0045045045045045,0.0656043723418586,0.05,0.0625,0.0952380952380952,0.0095238095238095,False,False,False,True,0,0,0,0,0.125,0.3793103448275862,13080000
0.8278806237803735,0.042042042042042,0.0505552027404114,0.0,0.09375,0.0952380952380952,0.019047619047619,True,False,False,False,0,0,0,0,0.125,0.1379310344827586,6580000
0.8432093358957218,0.0,0.0628331697554028,0.05,0.09375,0.0476190476190476,0.019047619047619,False,False,True,False,0,0,0,0,0.125,0.1379310344827586,8430000
0.9019639097998606,0.0375375375375375,0.075861670804226,0.05,0.09375,0.0952380952380952,0.019047619047619,False,False,True,False,0,0,0,0,0.125,0.3103448275862069,5810000
0.8758823614269033,0.0435435435435435,0.0145103246540807,0.0,0.03125,0.0952380952380952,0.019047619047619,False,False,True,False,0,0,0,0,0.125,0.1379310344827586,3200000
0.8792507491410788,0.0,0.0524604045185997,0.0,0.125,0.1904761904761904,0.0380952380952381,True,False,False,False,0,0,0,0,0.125,0.1379310344827586,8000000
0.9014549383001054,0.0465465465465465,0.1372322614167773,0.05,0.15625,0.1428571428571428,0.0380952380952381,False,False,False,True,0,0,0,0,0.25,0.5172413793103449,21000000
0.900888357030027,0.0,0.0738794911764139,0.05,0.09375,0.0952380952380952,0.019047619047619,False,False,True,False,0,0,0,0,0.125,0.2413793103448275,11500000
0.9802204070070673,0.036036036036036,0.069145353424552,0.05,0.09375,0.0952380952380952,0.019047619047619,False,False,True,False,0,0,0,0,0.125,0.2068965517241379,7800000
0.8079589333044908,0.039039039039039,0.1187383330446664,0.0,0.125,0.0952380952380952,0.0285714285714285,False,True,False,False,1,1,1,1,0.5,0.1034482758620689,8600000
0.8944191078257688,0.066066066066066,0.0478032446163616,0.0,0.09375,0.0952380952380952,0.019047619047619,True,False,False,False,0,0,0,0,0.125,0.1034482758620689,5200000
0.8863844765265583,0.048048048048048,0.0875623039470392,0.0,0.21875,0.1428571428571428,0.0285714285714285,False,True,False,False,1,1,1,1,0.25,0.0344827586206896,19120000
0.8983804700813778,0.0495495495495495,0.0582914766276004,0.0,0.09375,0.0952380952380952,0.019047619047619,True,False,False,False,0,0,0,0,0.125,0.1379310344827586,7500000
0.8747592683729977,0.018018018018018,0.020803263860824,0.0,0.03125,0.0476190476190476,0.0095238095238095,False,False,False,True,0,0,0,0,0.125,0.3448275862068965,4168000
0.951754911856483,0.0165165165165165,0.098050535958278,0.05,0.09375,0.0952380952380952,0.019047619047619,False,False,False,True,0,0,0,0,0.125,0.3793103448275862,21200000
0.9162428764699088,0.0255255255255255,0.0882551045936531,0.05,0.0625,0.0952380952380952,0.0285714285714285,False,False,False,True,0,0,0,0,0.125,0.4482758620689654,16300000
0.8675811824779203,0.0435435435435435,0.0448395974058464,0.0,0.09375,0.0476190476190476,0.0095238095238095,False,False,True,False,0,0,0,0,0.125,0.2068965517241379,6200000
0.8696571272201936,0.021021021021021,0.0241133113946461,0.0,0.03125,0.0476190476190476,0.0095238095238095,False,False,True,False,0,0,0,0,0.125,0.2068965517241379,2180000
0.9791071127447708,0.0195195195195195,0.019783307353309,0.0,0.03125,0.0476190476190476,0.0095238095238095,False,False,False,True,0,0,0,0,0.125,0.4137931034482758,5500000
0.8078445888955912,0.018018018018018,0.1001289378981198,0.05,0.09375,0.0952380952380952,0.1904761904761905,False,False,False,True,0,0,0,0,0.125,0.4137931034482758,10500000
0.8120205825065625,0.0105105105105105,0.0875623039470392,0.05,0.09375,0.0952380952380952,0.019047619047619,False,False,False,True,0,0,0,0,0.125,0.4482758620689654,11300000
0.8993967450394109,0.0465465465465465,0.0855416353944152,0.0,0.0,0.0,0.0,True,False,False,False,0,0,0,0,0.125,0.1379310344827586,8250000
0.9019639097998606,0.036036036036036,0.0836749225410388,0.05,0.09375,0.0952380952380952,0.019047619047619,True,False,False,False,0,0,0,0,0.125,0.1379310344827586,6100000
0.8838384388636484,0.0375375375375375,0.1569001019956507,0.1,0.0,0.0,0.0,False,False,True,False,0,0,0,0,0.125,0.2068965517241379,14000000
0.9075358856792376,0.0285285285285285,0.0321190077555183,0.0,0.03125,0.0476190476190476,0.0095238095238095,False,False,False,True,0,0,0,0,0.125,0.4137931034482758,4060000
0.9391250001991692,0.036036036036036,0.080903719954583,0.0,0.09375,0.0952380952380952,0.019047619047619,False,False,False,True,0,0,0,0,0.125,0.4827586206896552,14680000
0.8945839342257216,0.0,0.0662586840636606,0.0,0.0,0.0,0.0,True,False,False,False,0,0,0,0,0.125,0.1379310344827586,9000000
0.8794153916416008,0.0,0.0425495063795392,0.0,0.125,0.0952380952380952,0.019047619047619,False,True,False,False,1,1,1,1,0.25,0.0344827586206896,3500000
0.8811758512643166,0.036036036036036,0.0941439100898716,0.05,0.09375,0.0952380952380952,0.019047619047619,False,False,True,False,0,0,0,0,0.125,0.2068965517241379,7000000
0.8476325828502524,0.0,0.0410099493870638,0.05,0.0625,0.0952380952380952,0.019047619047619,False,False,True,False,0,0,0,0,0.125,0.1379310344827586,10700000
0.8521107159320707,0.0195195195195195,0.0529030271539364,0.05,0.03125,0.0952380952380952,0.0095238095238095,False,False,False,True,0,0,0,0,0.125,0.4827586206896552,6360000
0.8729355338805647,0.0375375375375375,0.0366414564209148,0.05,0.09375,0.0952380952380952,0.019047619047619,False,False,False,True,0,0,0,0,0.125,0.5517241379310345,4080000
0.8102975796282976,0.0165165165165165,0.1452379577776494,0.0,0.125,0.0952380952380952,0.0285714285714285,False,True,False,False,1,1,1,1,0.5,0.1034482758620689,21500000
0.936576116527732,0.033033033033033,0.0753420703192656,0.0,0.09375,0.0952380952380952,0.019047619047619,False,False,False,True,0,0,0,0,0.125,0.3793103448275862,15000000
0.9330644729093364,0.036036036036036,0.0755730038681369,0.0,0.09375,0.0952380952380952,0.019047619047619,False,False,False,True,0,0,0,0,0.125,0.3793103448275862,14000000
0.801654594160965,0.027027027027027,0.1177376209995573,0.05,0.125,0.1428571428571428,0.0380952380952381,False,True,False,False,1,1,1,1,0.5,0.1034482758620689,12800000
0.892353149517163,0.063063063063063,0.0581182764659469,0.0,0.09375,0.0952380952380952,0.0095238095238095,True,False,False,False,0,0,0,0,0.125,0.1034482758620689,6800000
0.8774360142255659,0.0285285285285285,0.1103477474356753,0.05,0.125,0.0952380952380952,0.019047619047619,False,False,False,True,0,0,0,0,0.125,0.4137931034482758,14000000
0.8088326833934047,0.0,0.0534611165637087,0.05,0.0625,0.0476190476190476,0.0095238095238095,False,False,True,False,0,0,0,0,0.125,0.3103448275862069,5050000
0.8669894751141669,0.0435435435435435,0.0624097915824721,0.0,0.09375,0.0952380952380952,0.019047619047619,False,False,True,False,0,0,0,0,0.125,0.1379310344827586,7400000
0.809285638349678,0.0105105105105105,0.0507091584396589,0.0,0.0625,0.0952380952380952,0.0095238095238095,False,False,False,True,0,0,0,0,0.125,0.3448275862068965,6000000
0.8682698162440374,0.036036036036036,0.0721474895598791,0.05,0.125,0.0952380952380952,0.019047619047619,False,False,False,True,0,0,0,0,0.125,0.3793103448275862,7880000
0.8970041717999777,0.021021021021021,0.0316763851201816,0.05,0.03125,0.0476190476190476,0.0095238095238095,False,False,True,False,0,0,0,0,0.125,0.2758620689655172,7500000
0.8691009162043315,0.0345345345345345,0.0684525527779381,0.05,0.09375,0.0952380952380952,0.019047619047619,False,False,False,True,0,0,0,0,0.125,0.4482758620689654,6400000
0.899981217717027,0.0585585585585585,0.0551353847930258,0.0,0.125,0.0952380952380952,0.0285714285714285,False,True,False,False,1,1,1,1,0.25,0.0344827586206896,8380000
0.9787869668023744,0.0435435435435435,0.0681831303042549,0.05,0.09375,0.0952380952380952,0.019047619047619,False,False,True,False,0,0,0,0,0.125,0.2068965517241379,12000000
0.8534820924107294,0.0,0.0696841983719184,0.05,0.09375,0.0952380952380952,0.019047619047619,False,False,True,False,0,0,0,0,0.125,0.1379310344827586,8400000
0.8440082427570417,0.0015015015015015,0.1726228277813059,0.0,0.125,0.0952380952380952,0.0380952380952381,False,True,False,False,1,1,1,1,0.5,0.1034482758620689,24700000
0.8687891752939834,0.048048048048048,0.0204183746127051,0.0,0.03125,0.0476190476190476,0.0095238095238095,False,False,True,False,0,0,0,0,0.125,0.1379310344827586,2800000
0.8709085226434752,0.045045045045045,0.0556164963531743,0.0,0.0625,0.0952380952380952,0.019047619047619,False,False,True,False,0,0,0,0,0.125,0.1379310344827586,7800000
0.8827304214912886,0.0,0.0575794315185805,0.05,0.0625,0.0952380952380952,0.0095238095238095,False,False,False,True,0,0,0,0,0.125,0.3448275862068965,10290000
0.8839297370578265,0.0315315315315315,0.1490483613340261,0.1,0.09375,0.0952380952380952,0.019047619047619,False,False,False,True,0,0,0,0,0.125,0.6551724137931035,23000000
0.9471106241592224,0.036036036036036,0.0192829513307545,0.0,0.0,0.0,0.0,False,False,True,False,0,0,0,0,0.125,0.1379310344827586,2720000
0.9019639097998606,0.036036036036036,0.0717818447741662,0.05,0.0625,0.0952380952380952,0.0095238095238095,False,False,True,False,0,0,0,0,0.125,0.3103448275862069,6450000
0.8521107159320707,0.0195195195195195,0.0850990127590785,0.05,0.09375,0.0952380952380952,0.019047619047619,False,False,False,True,0,0,0,0,0.125,0.4827586206896552,13500000
0.9162428764699088,0.024024024024024,0.1072493889883186,0.05,0.09375,0.0952380952380952,0.0095238095238095,False,False,False,True,0,0,0,0,0.125,0.4482758620689654,21000000
0.9802199255853736,0.0225225225225225,0.0487269788118468,0.05,0.03125,0.0476190476190476,0.0095238095238095,False,False,False,True,0,0,0,0,0.125,0.3793103448275862,10780000
0.935574386979539,0.066066066066066,0.0377191463156476,0.0,0.125,0.0952380952380952,0.0285714285714285,False,True,False,False,1,1,1,1,0.25,0.0344827586206896,7050000
0.9942997234088295,0.015015015015015,0.0768431383869291,0.05,0.0,0.0,0.0,False,False,True,False,0,0,0,0,0.125,0.2068965517241379,12100000
0.8562482280102586,0.0435435435435435,0.0246714008044185,0.0,0.0,0.0,0.0,False,False,True,False,0,0,0,0,0.125,0.1724137931034483,3220000
0.8909372381886556,0.0,0.0338702538344591,0.05,0.03125,0.0476190476190476,0.0095238095238095,False,False,True,False,0,0,0,0,0.125,0.2068965517241379,6100000
0.849067080310391,0.0375375375375375,0.0168581490676057,0.0,0.03125,0.0476190476190476,0.0095238095238095,True,False,False,False,0,0,0,0,0.125,0.1379310344827586,600000
0.869100910743299,0.0345345345345345,0.0684525527779381,0.05,0.09375,0.0952380952380952,0.019047619047619,False,False,False,True,0,0,0,0,0.125,0.4482758620689654,7600000
0.8326466701438733,0.0015015015015015,0.055385562804303,0.05,0.09375,0.0952380952380952,0.019047619047619,False,False,True,False,0,0,0,0,0.125,0.1379310344827586,10700000
0.8756136155286356,0.024024024024024,0.0135673459961895,0.0,0.0,0.0,0.0,False,False,True,False,0,0,0,0,0.125,0.1379310344827586,2700000
0.8863898879921521,0.039039039039039,0.0785174066162461,0.05,0.0625,0.0952380952380952,0.019047619047619,False,False,False,True,0,0,0,0,0.125,0.3793103448275862,10920000
0.8823323884377601,0.0,0.0691838423493639,0.05,0.0,0.0,0.0,False,False,True,False,0,0,0,0,0.125,0.1724137931034483,12100000
0.808888975220043,0.006006006006006,0.0640070819621653,0.05,0.0625,0.0952380952380952,0.0095238095238095,False,False,True,False,0,0,0,0,0.125,0.3103448275862069,9680000
0.8819716120210046,0.039039039039039,0.0435117294998364,0.05,0.03125,0.0476190476190476,0.0095238095238095,False,False,True,False,0,0,0,0,0.125,0.2413793103448275,6860000
0.9040103548645676,0.0615615615615615,0.0412601273983411,0.0,0.0625,0.0952380952380952,0.019047619047619,True,False,False,False,0,0,0,0,0.125,0.1379310344827586,4300000
0.9773516269621324,0.0195195195195195,0.0902180397590593,0.05,0.09375,0.0952380952380952,0.019047619047619,False,False,False,True,0,0,0,0,0.125,0.4482758620689654,22300000
0.8747592683729977,0.021021021021021,0.0410484383118757,0.0,0.03125,0.0476190476190476,0.0095238095238095,False,False,False,True,0,0,0,0,0.125,0.3448275862068965,7810000
0.8111592643405174,0.018018018018018,0.2198872274503011,0.0,0.09375,0.0952380952380952,0.019047619047619,False,True,False,False,1,1,1,1,0.375,0.0689655172413793,22800000
0.8076422188719903,0.0615615615615615,0.0628716586802147,0.0,0.09375,0.0952380952380952,0.0095238095238095,False,True,False,False,1,1,1,1,0.25,0.0344827586206896,4860000
0.9286848342514986,0.06006006006006,0.0645074379847199,0.0,0.125,0.0952380952380952,0.019047619047619,True,False,False,False,0,0,0,0,0.125,0.1379310344827586,7700000
0.9128259348871096,0.0435435435435435,0.0652772164809576,0.0,0.09375,0.0952380952380952,0.019047619047619,True,False,False,False,0,0,0,0,0.125,0.1379310344827586,11100000
0.8109987938051404,0.024024024024024,0.0858687912553162,0.0,0.125,0.0952380952380952,0.0285714285714285,False,True,False,False,1,1,1,1,0.5,0.1034482758620689,10300000
0.8774321059575243,0.039039039039039,0.0811923868906722,0.05,0.125,0.0952380952380952,0.019047619047619,False,False,True,False,0,0,0,0,0.125,0.2413793103448275,11500000
0.9125991784463564,0.0345345345345345,0.0290783826953794,0.0,0.03125,0.0476190476190476,0.0095238095238095,False,False,True,False,0,0,0,0,0.125,0.2758620689655172,4060000
0.8069415457226512,0.0,0.0869079922252371,0.0,0.09375,0.1428571428571428,0.0095238095238095,False,True,False,False,1,1,1,1,0.25,0.0344827586206896,5200000
0.8499160160754684,0.0345345345345345,0.0183207282104574,0.0,0.03125,0.0476190476190476,0.0095238095238095,True,False,False,False,0,0,0,0,0.125,0.1034482758620689,820000
0.9015536548029672,0.0,0.0769778496237707,0.0,0.09375,0.0952380952380952,0.0095238095238095,False,False,False,True,0,0,0,0,0.125,0.3793103448275862,9000000
0.9003051262801307,0.0375375375375375,0.0604661008794719,0.05,0.09375,0.0952380952380952,0.019047619047619,False,False,False,True,0,0,0,0,0.125,0.3793103448275862,7900000
0.8699050196096607,0.0405405405405405,0.0490733791351538,0.05,0.09375,0.0476190476190476,0.019047619047619,False,False,False,True,0,0,0,0,0.125,0.4137931034482758,4500000
0.8820416839931227,0.036036036036036,0.041625772184054,0.0,0.0625,0.0476190476190476,0.0095238095238095,False,False,False,True,0,0,0,0,0.125,0.6551724137931035,7000000
0.8629220241157896,0.072072072072072,0.0690106421877104,0.0,0.09375,0.0952380952380952,0.019047619047619,False,True,False,False,1,1,1,1,0.25,0.0344827586206896,11000000
0.9018595404411656,0.039039039039039,0.0829628774320189,0.05,0.09375,0.0952380952380952,0.0095238095238095,False,False,True,False,0,0,0,0,0.125,0.2413793103448275,15500000
0.8499730281800737,0.0,0.0264611358081711,0.0,0.0625,0.0952380952380952,0.0095238095238095,False,True,False,False,1,1,1,1,0.25,0.0344827586206896,2800000
0.8787723886618437,0.069069069069069,0.0615822796990166,0.0,0.125,0.0952380952380952,0.019047619047619,False,True,False,False,1,1,1,1,0.25,0.0344827586206896,6820000
0.8185213498922792,0.0,0.062121124646383,0.0,0.09375,0.0952380952380952,0.019047619047619,False,False,True,False,0,0,0,0,0.125,0.1379310344827586,11300000
0.991810204129706,0.033033033033033,0.0283663375863595,0.05,0.0,0.0,0.0,False,False,True,False,0,0,0,0,0.125,0.1724137931034483,4320000
0.8113382545454613,0.024024024024024,0.0901410619094355,0.0,0.125,0.0952380952380952,0.0285714285714285,False,True,False,False,1,1,1,1,0.5,0.1034482758620689,10500000
0.9587207033422088,0.036036036036036,0.0503242691915401,0.0,0.15625,0.0952380952380952,0.019047619047619,False,False,True,False,0,0,0,0,0.125,0.3103448275862069,9900000
0.8413845476894153,0.003003003003003,0.119873756326617,0.0,0.15625,0.0952380952380952,0.0380952380952381,False,True,False,False,1,1,1,1,0.5,0.1034482758620689,20500000
0.808888975220043,0.006006006006006,0.049342801608837,0.0,0.0625,0.0476190476190476,0.0095238095238095,False,False,True,False,0,0,0,0,0.125,0.3103448275862069,7750000
0.8185213498922792,0.0,0.0701268210072551,0.05,0.09375,0.0952380952380952,0.019047619047619,False,False,True,False,0,0,0,0,0.125,0.1379310344827586,11500000
0.8524890670175864,0.015015015015015,0.0868887477628312,0.05,0.0,0.0,0.0,False,False,False,True,0,0,0,0,0.125,0.4827586206896552,8860000
0.893823606278545,0.045045045045045,0.0908338625560495,0.05,0.125,0.0952380952380952,0.019047619047619,False,False,True,False,0,0,0,0,0.125,0.1724137931034483,6100000
0.90736171879351,0.0195195195195195,0.0432423070261532,0.05,0.03125,0.0476190476190476,0.0095238095238095,False,False,True,False,0,0,0,0,0.125,0.2068965517241379,3380000
0.8839297370578265,0.0315315315315315,0.0669129957854627,0.0,0.0625,0.0952380952380952,0.019047619047619,False,False,False,True,0,0,0,0,0.125,0.6551724137931035,7000000
0.9163533857810648,0.018018018018018,0.0999557377364663,0.05,0.125,0.0952380952380952,0.019047619047619,False,False,False,True,0,0,0,0,0.125,0.4482758620689654,25300000
0.8463139510108704,0.0,0.0502472913419163,0.0,0.5,0.0476190476190476,0.1523809523809524,False,True,False,False,1,1,1,1,0.25,0.0344827586206896,6500000
0.9725018658415934,0.0015015015015015,0.0484383118757577,0.05,0.09375,0.0952380952380952,0.019047619047619,False,False,False,True,0,0,0,0,0.125,0.6896551724137931,6380000
0.9038916136637738,0.042042042042042,0.0164155264322691,0.0,0.03125,0.0476190476190476,0.0095238095238095,False,False,True,False,0,0,0,0,0.125,0.2068965517241379,1800000
0.838560281332775,0.039039039039039,0.0647383715335912,0.0,0.09375,0.0952380952380952,0.019047619047619,False,False,False,True,0,0,0,0,0.125,0.3793103448275862,6250000
0.9960360570863144,0.033033033033033,0.0208417527856359,0.0,0.03125,0.0476190476190476,0.0095238095238095,True,False,False,False,0,0,0,0,0.125,0.1034482758620689,4050000
0.9148053439925832,0.0135135135135135,0.0837326559282566,0.05,0.0625,0.0952380952380952,0.019047619047619,False,False,False,True,0,0,0,0,0.125,0.4482758620689654,22200000
0.9777477412971508,0.0195195195195195,0.0902950176086831,0.05,0.09375,0.0952380952380952,0.019047619047619,False,False,False,True,0,0,0,0,0.125,0.4827586206896552,23530000
0.8525633298148136,0.042042042042042,0.0283278486615476,0.0,0.03125,0.0476190476190476,0.0095238095238095,False,False,False,True,0,0,0,0,0.125,0.3448275862068965,3800000
0.8733447934461083,0.003003003003003,0.0225929988645767,0.0,0.03125,0.0476190476190476,0.0095238095238095,False,False,True,False,0,0,0,0,0.125,0.3103448275862069,4900000
0.8911264343363428,0.0,0.0527875603795007,0.0,0.09375,0.0952380952380952,0.019047619047619,True,False,False,False,0,0,0,0,0.125,0.1379310344827586,5950000
0.8820416839931227,0.036036036036036,0.0679521967553836,0.0,0.09375,0.0952380952380952,0.019047619047619,False,False,False,True,0,0,0,0,0.125,0.7241379310344828,9000000
0.882474529336065,0.0045045045045045,0.0906799068568019,0.05,0.09375,0.0952380952380952,0.019047619047619,False,False,True,False,0,0,0,0,0.125,0.3103448275862069,17710000
0.8088326833934047,0.0,0.044319996920886,0.0,0.0625,0.0476190476190476,0.0095238095238095,False,False,True,False,0,0,0,0,0.125,0.3103448275862069,4370000
0.9802199255853736,0.021021021021021,0.0494005349960548,0.0,0.0625,0.0952380952380952,0.0095238095238095,False,False,False,True,0,0,0,0,0.125,0.3793103448275862,13100000
0.8763627932807196,0.033033033033033,0.1073456113003483,0.05,0.125,0.0952380952380952,0.019047619047619,False,False,True,False,0,0,0,0,0.125,0.2758620689655172,12700000
0.866784746479226,0.0105105105105105,0.0563092969997883,0.05,0.0625,0.0952380952380952,0.019047619047619,False,False,True,False,0,0,0,0,0.125,0.2758620689655172,10000000
0.8470108180623868,0.0,0.1262244289205781,0.0,0.09375,0.1428571428571428,0.0285714285714285,False,True,False,False,1,1,1,1,0.5,0.1034482758620689,18600000
0.8823323884377601,0.0,0.0691838423493639,0.05,0.0,0.0,0.0,False,False,True,False,0,0,0,0,0.125,0.1724137931034483,12180000
0.8361626266627411,0.042042042042042,0.0673941073456113,0.0,0.09375,0.0952380952380952,0.019047619047619,False,False,True,False,0,0,0,0,0.125,0.2068965517241379,7450000
0.7984415869463817,0.021021021021021,0.1543790774204722,0.0,0.15625,0.0952380952380952,0.0380952380952381,False,True,False,False,1,1,1,1,0.625,0.1379310344827586,17600000
0.8712130631100479,0.039039039039039,0.1173912206762504,0.0,0.125,0.0952380952380952,0.019047619047619,False,True,False,False,1,1,1,1,0.375,0.0689655172413793,12200000
0.8827169845887113,0.0645645645645645,0.0699921097704135,0.0,0.15625,0.0952380952380952,0.0476190476190476,False,True,False,False,1,1,1,1,0.25,0.0344827586206896,13000000
0.9698010057595924,0.0375375375375375,0.0530954717779958,0.05,0.15625,0.0952380952380952,0.019047619047619,False,False,False,True,0,0,0,0,0.125,0.4137931034482758,7850000
0.9015536548029672,0.0,0.068837442026057,0.0,0.09375,0.0952380952380952,0.019047619047619,False,False,False,True,0,0,0,0,0.125,0.3793103448275862,11000000
0.8445793972730655,0.042042042042042,0.0646229047591555,0.0,0.09375,0.0952380952380952,0.019047619047619,False,False,True,False,0,0,0,0,0.125,0.2068965517241379,5400000
0.9835615400328096,0.057057057057057,0.081230875815484,0.05,0.09375,0.0952380952380952,0.019047619047619,True,False,False,False,0,0,0,0,0.125,0.1379310344827586,5500000
0.990770237323801,0.03003003003003,0.11146392625522,0.0,0.1875,0.1428571428571428,0.0476190476190476,False,True,False,False,1,1,1,1,0.5,0.1034482758620689,23000000
0.8608035426829304,0.063063063063063,0.0468410214960645,0.0,0.09375,0.0952380952380952,0.019047619047619,True,False,False,False,0,0,0,0,0.125,0.1034482758620689,4520000
0.9755975039953456,0.006006006006006,0.0795181186613551,0.05,0.0625,0.0952380952380952,0.0095238095238095,False,False,False,True,0,0,0,0,0.125,0.4482758620689654,21680000
0.904288976433662,0.042042042042042,0.0477455112291438,0.0,0.125,0.0952380952380952,0.019047619047619,False,False,True,False,0,0,0,0,0.125,0.2068965517241379,11000000
0.8771293977986545,0.003003003003003,0.0885245270673363,0.05,0.09375,0.0952380952380952,0.019047619047619,False,False,True,False,0,0,0,0,0.125,0.2758620689655172,16880000
0.7994832520372199,0.0045045045045045,0.0852144795335142,0.05,0.0625,0.0952380952380952,0.019047619047619,False,False,True,False,0,0,0,0,0.125,0.2068965517241379,7190000
0.8521107159320707,0.021021021021021,0.0608894790524026,0.05,0.03125,0.0476190476190476,0.0095238095238095,False,False,False,True,0,0,0,0,0.125,0.4827586206896552,8350000
0.8974351022109488,0.0,0.0757269595673844,0.0,0.09375,0.0952380952380952,0.019047619047619,False,False,True,False,0,0,0,0,0.125,0.0344827586206896,8000000
0.8728709088445044,0.0195195195195195,0.0400092373419548,0.05,0.03125,0.0476190476190476,0.0095238095238095,False,False,True,False,0,0,0,0,0.125,0.3103448275862069,5800000
0.7921788059011021,0.0405405405405405,0.1206050458980428,0.0,0.15625,0.0952380952380952,0.0285714285714285,False,True,False,False,1,1,1,1,0.375,0.0689655172413793,6000000
0.8994017525535583,0.0375375375375375,0.0601389450185709,0.0,0.09375,0.0952380952380952,0.0095238095238095,False,False,False,True,0,0,0,0,0.125,0.3793103448275862,8000000
0.842462799888466,0.06006006006006,0.0502472913419163,0.0,0.0,0.0,0.0,False,True,False,False,1,1,1,1,0.25,0.0344827586206896,7160000
0.8530110241515843,0.03003003003003,0.1287839424205684,0.0,0.0,0.0,0.0,False,True,False,False,1,1,1,1,0.5,0.1034482758620689,8700000
0.8521107159320707,0.0225225225225225,0.0869272366876431,0.05,0.09375,0.0952380952380952,0.019047619047619,False,False,False,True,0,0,0,0,0.125,0.4827586206896552,14700000
0.9024160790785912,0.0405405405405405,0.0790370071012066,0.05,0.09375,0.0952380952380952,0.019047619047619,True,False,False,False,0,0,0,0,0.125,0.1379310344827586,5450000
0.7933275104740858,0.0615615615615615,0.0568481419471547,0.0,0.0,0.0,0.0,False,True,False,False,1,1,1,1,0.25,0.0344827586206896,6270000
0.8710938023878043,0.0375375375375375,0.0202644189134576,0.0,0.09375,0.0952380952380952,0.019047619047619,False,False,False,True,0,0,0,0,0.125,0.4482758620689654,2800000
0.8098732767329011,0.006006006006006,0.071493177838077,0.05,0.0625,0.0952380952380952,0.0095238095238095,False,False,False,True,0,0,0,0,0.125,0.4827586206896552,10460000
0.8159726423340032,0.021021021021021,0.0892750611011681,0.05,0.09375,0.0952380952380952,0.019047619047619,False,False,False,True,0,0,0,0,0.125,0.4482758620689654,10900000
0.8934395678229805,0.0705705705705705,0.021149664184131,0.0,0.15625,0.0476190476190476,0.019047619047619,False,True,False,False,1,1,1,1,0.25,0.0344827586206896,10920000
0.9673480534236488,0.009009009009009,0.088620749379366,0.05,0.0625,0.0952380952380952,0.0095238095238095,False,False,False,True,0,0,0,0,0.125,0.9310344827586208,24500000
0.8691945650518278,0.066066066066066,0.0383927024998556,0.0,0.0625,0.0476190476190476,0.0095238095238095,True,False,False,False,0,0,0,0,0.125,0.1034482758620689,4860000
0.7762672794278274,0.009009009009009,0.1217019802551815,0.0,0.15625,0.0952380952380952,0.0380952380952381,False,True,False,False,1,1,1,1,0.5,0.1034482758620689,15500000
0.865750766605089,0.048048048048048,0.0838481227026922,0.0,0.125,0.0952380952380952,0.0285714285714285,False,True,False,False,1,1,1,1,0.375,0.0689655172413793,12700000
0.8504448778540166,0.0375375375375375,0.005696360872159,0.0,0.03125,0.0476190476190476,0.0095238095238095,True,False,False,False,0,0,0,0,0.125,0.1379310344827586,100000
0.85404879606142,0.0315315315315315,0.1558801454881357,0.0,0.0,0.0,0.0,False,True,False,False,1,1,1,1,0.5,0.1034482758620689,14600000
0.9251920167552612,0.0315315315315315,0.1436021784731443,0.05,0.09375,0.0952380952380952,0.019047619047619,False,False,False,True,0,0,0,0,0.125,0.5517241379310345,15400000
0.8810385619395902,0.0,0.0935473317552874,0.05,0.09375,0.0952380952380952,0.019047619047619,False,False,True,False,0,0,0,0,0.125,0.3103448275862069,17580000
0.849067080310391,0.0375375375375375,0.0168581490676057,0.0,0.0,0.0,0.0,True,False,False,False,0,0,0,0,0.125,0.1379310344827586,880000
0.8596974750407185,0.021021021021021,0.0299058945788349,0.0,0.0625,0.0476190476190476,0.0095238095238095,False,False,True,False,0,0,0,0,0.125,0.3103448275862069,6500000
0.8521107159320707,0.021021021021021,0.108442545657487,0.1,0.09375,0.0952380952380952,0.019047619047619,False,False,False,True,0,0,0,0,0.125,0.4827586206896552,16000000
0.8729831462798643,0.0,0.0642380155110367,0.0,0.125,0.1428571428571428,0.019047619047619,False,True,False,False,1,1,1,1,0.25,0.0344827586206896,7000000
0.8508127524281406,0.0,0.0522487154321344,0.0,0.09375,0.0952380952380952,0.019047619047619,False,True,False,False,1,1,1,1,0.25,0.0344827586206896,6500000
0.9046659330572596,0.0,0.0320805188307064,0.0,0.0625,0.0476190476190476,0.0095238095238095,False,False,True,False,0,0,0,0,0.125,0.2068965517241379,6400000
0.828565141127001,0.039039039039039,0.0602736562554125,0.0,0.09375,0.0952380952380952,0.019047619047619,False,False,True,False,0,0,0,0,0.125,0.2758620689655172,6700000
0.8771293977986545,0.0045045045045045,0.0719358004734137,0.05,0.0625,0.0952380952380952,0.0095238095238095,False,False,True,False,0,0,0,0,0.125,0.2758620689655172,11750000
0.8523710616489382,0.03003003003003,0.0355445220637761,0.0,0.0,0.0,0.0,True,False,False,False,0,0,0,0,0.125,0.1379310344827586,1600000
0.8099840576604436,0.003003003003003,0.0607355233531551,0.05,0.0625,0.0952380952380952,0.0095238095238095,False,False,False,True,0,0,0,0,0.125,0.4482758620689654,7300000
0.8539165103327946,0.0315315315315315,0.1531474318264919,0.0,0.0,0.0,0.0,False,True,False,False,1,1,1,1,0.5,0.1034482758620689,14300000
0.8937492031820398,0.051051051051051,0.072185978484691,0.0,0.125,0.0952380952380952,0.0285714285714285,False,True,False,False,1,1,1,1,0.25,0.0344827586206896,17380000
0.8551099529481974,0.0195195195195195,0.1085387679695167,0.05,0.09375,0.0952380952380952,0.019047619047619,False,False,False,True,0,0,0,0,0.125,0.4137931034482758,18000000
0.8361626266627411,0.0405405405405405,0.0654889055674229,0.0,0.0625,0.0952380952380952,0.019047619047619,False,False,True,False,0,0,0,0,0.125,0.2068965517241379,4750000
0.906832749741028,0.021021021021021,0.0868502588380193,0.05,0.09375,0.0952380952380952,0.019047619047619,False,False,True,False,0,0,0,0,0.125,0.2068965517241379,8000000
0.8159726423340032,0.0195195195195195,0.0390662586840636,0.0,0.0625,0.0952380952380952,0.0095238095238095,False,False,False,True,0,0,0,0,0.125,0.4482758620689654,4250000
0.8523710616489382,0.03003003003003,0.0350826549660335,0.0,0.0,0.0,0.0,True,False,False,False,0,0,0,0,0.125,0.1379310344827586,2070000
0.8752763281196678,0.0465465465465465,0.0203798856878933,0.0,0.0,0.0,0.0,False,False,False,True,0,0,0,0,0.125,0.3793103448275862,1750000
0.8553487474787005,0.0675675675675675,0.064122548736601,0.0,0.125,0.0476190476190476,0.0380952380952381,False,True,False,False,1,1,1,1,0.25,0.0344827586206896,10000000
0.9097299099180988,0.0,0.0503820025787579,0.0,0.09375,0.0952380952380952,0.0095238095238095,True,False,False,False,0,0,0,0,0.125,0.1379310344827586,5600000
0.887460447177034,0.0555555555555555,0.0731289571425822,0.0,0.09375,0.0952380952380952,0.019047619047619,False,True,False,False,1,1,1,1,0.25,0.0344827586206896,11100000
0.8476325828502524,0.0,0.0410099493870638,0.05,0.0625,0.0952380952380952,0.019047619047619,False,False,True,False,0,0,0,0,0.125,0.1379310344827586,10900000
0.866784746479226,0.0105105105105105,0.0547697400073129,0.05,0.09375,0.0952380952380952,0.019047619047619,False,False,True,False,0,0,0,0,0.125,0.2758620689655172,9000000
0.8208445419101338,0.024024024024024,0.0817697207628505,0.05,0.09375,0.0952380952380952,0.019047619047619,False,False,True,False,0,0,0,0,0.125,0.1379310344827586,9000000
0.8668818756397343,0.057057057057057,0.0606008121163135,0.0,0.09375,0.0952380952380952,0.019047619047619,False,True,False,False,1,1,1,1,0.25,0.0344827586206896,10700000
0.9675174813824584,0.0075075075075075,0.076208071127533,0.05,0.0625,0.0952380952380952,0.0095238095238095,False,False,False,True,0,0,0,0,0.125,0.7241379310344828,19410000
0.9001507223483713,0.0,0.0702230433192848,0.0,0.09375,0.0952380952380952,0.019047619047619,False,False,True,False,0,0,0,0,0.125,0.1379310344827586,10980000
0.8088326833934047,0.0,0.068471797240344,0.05,0.0625,0.0476190476190476,0.0095238095238095,False,False,True,False,0,0,0,0,0.125,0.3103448275862069,5000000
0.8827615249826124,0.0375375375375375,0.0864461251274945,0.0,0.09375,0.0952380952380952,0.019047619047619,False,False,True,False,0,0,0,0,0.125,0.2068965517241379,10000000
0.8551099529481974,0.018018018018018,0.1040355637665261,0.05,0.09375,0.0952380952380952,0.019047619047619,False,False,False,True,0,0,0,0,0.125,0.4482758620689654,15120000
0.8159726423340032,0.0195195195195195,0.0626599695937494,0.0,0.0625,0.0952380952380952,0.0095238095238095,False,False,False,True,0,0,0,0,0.125,0.4482758620689654,5500000
0.8826158707952345,0.0225225225225225,0.0283086041991416,0.05,0.03125,0.0476190476190476,0.0095238095238095,False,False,True,False,0,0,0,0,0.125,0.2413793103448275,5680000
0.9802394615432776,0.0015015015015015,0.0793449184997017,0.05,0.0625,0.0952380952380952,0.0095238095238095,False,False,True,False,0,0,0,0,0.125,0.2758620689655172,16800000
0.8581696212817462,0.078078078078078,0.035910166849489,0.0,0.125,0.0952380952380952,0.0285714285714285,False,True,False,False,1,1,1,1,0.25,0.0344827586206896,13000000
0.8504448778540166,0.0375375375375375,0.0173200161653484,0.0,0.03125,0.0476190476190476,0.0095238095238095,True,False,False,False,0,0,0,0,0.125,0.1379310344827586,1250000
0.8793676041130425,0.0045045045045045,0.1054788984469718,0.05,0.09375,0.0952380952380952,0.019047619047619,False,False,False,True,0,0,0,0,0.125,0.896551724137931,24500000
0.891031815226853,0.0465465465465465,0.0122779670149914,0.0,0.03125,0.0476190476190476,0.0095238095238095,False,False,True,False,0,0,0,0,0.125,0.2068965517241379,2500000
0.8435483832513455,0.0105105105105105,0.0766314493004637,0.05,0.0625,0.0952380952380952,0.0095238095238095,False,False,True,False,0,0,0,0,0.125,0.2413793103448275,11700000
0.7700246554535397,0.045045045045045,0.0688759309508688,0.0,0.0625,0.0952380952380952,0.019047619047619,False,True,False,False,1,1,1,1,0.25,0.0344827586206896,6300000
0.7937747817665581,0.0,0.0493043126840251,0.05,0.09375,0.0952380952380952,0.019047619047619,False,False,True,False,0,0,0,0,0.125,0.1379310344827586,6800000
0.943316208501642,0.0345345345345345,0.0303485172141716,0.0,0.03125,0.0476190476190476,0.0095238095238095,False,False,True,False,0,0,0,0,0.125,0.1724137931034483,5150000
0.8995673870936116,0.039039039039039,0.0541346727479167,0.0,0.0625,0.0952380952380952,0.0095238095238095,False,False,False,True,0,0,0,0,0.125,0.6551724137931035,7750000
0.9330644729093364,0.036036036036036,0.0756499817177607,0.0,0.09375,0.0952380952380952,0.019047619047619,False,False,False,True,0,0,0,0,0.125,0.3793103448275862,11860000
0.8499160160754684,0.0345345345345345,0.0277312703269634,0.0,0.03125,0.0476190476190476,0.0095238095238095,False,False,True,False,0,0,0,0,0.125,0.3103448275862069,2150000
0.905979561284056,0.066066066066066,0.031560918345746,0.0,0.125,0.0952380952380952,0.019047619047619,False,True,False,False,1,1,1,1,0.125,0.0,12800000
0.891278363123007,0.0,0.0505552027404114,0.0,0.125,0.0952380952380952,0.019047619047619,True,False,False,False,0,0,0,0,0.125,0.1379310344827586,12500000
0.8951104797655489,0.042042042042042,0.035929411311895,0.05,0.0,0.0,0.0,False,False,True,False,0,0,0,0,0.125,0.2758620689655172,3560000
0.8534820924107294,0.0,0.0696841983719184,0.05,0.09375,0.0952380952380952,0.019047619047619,False,False,True,False,0,0,0,0,0.125,0.1379310344827586,8200000
0.8056295769107464,0.003003003003003,0.0834439889921675,0.05,0.0625,0.0952380952380952,0.0095238095238095,False,False,False,True,0,0,0,0,0.125,0.4827586206896552,9800000
0.8615734723169624,0.0405405405405405,0.0732829128418297,0.0,0.125,0.0476190476190476,0.0380952380952381,False,True,False,False,1,1,1,1,0.375,0.0689655172413793,7300000
0.8360061887448467,0.057057057057057,0.0589072994245905,0.0,0.09375,0.0952380952380952,0.019047619047619,False,True,False,False,1,1,1,1,0.25,0.0344827586206896,3630000
0.9698010057595924,0.0405405405405405,0.0463599099359159,0.0,0.0625,0.0952380952380952,0.0095238095238095,False,False,False,True,0,0,0,0,0.125,0.4137931034482758,9630000
0.9931302905364704,0.0345345345345345,0.0338317649096472,0.0,0.0625,0.0952380952380952,0.0095238095238095,False,False,False,True,0,0,0,0,0.125,0.4482758620689654,8080000
0.8616457853696886,0.0255255255255255,0.1260897176837365,0.05,0.125,0.0952380952380952,0.019047619047619,False,False,False,True,0,0,0,0,0.125,0.3793103448275862,14350000
0.951754911856483,0.0165165165165165,0.098050535958278,0.0,0.09375,0.0952380952380952,0.019047619047619,False,False,False,True,0,0,0,0,0.125,0.4137931034482758,20600000
0.836768587110555,0.003003003003003,0.0803648750072166,0.0,0.125,0.0952380952380952,0.0380952380952381,False,True,False,False,1,1,1,1,0.5,0.1034482758620689,12200000
0.9858657580719808,0.0525525525525525,0.070511710255374,0.0,0.125,0.0952380952380952,0.019047619047619,False,True,False,False,1,1,1,1,0.25,0.0344827586206896,20680000
0.900707258170172,0.0615615615615615,0.0451282643419356,0.0,0.09375,0.0952380952380952,0.0095238095238095,True,False,False,False,0,0,0,0,0.125,0.1034482758620689,4000000
0.8274647010346996,0.0,0.0522102265073225,0.0,0.09375,0.0952380952380952,0.019047619047619,True,False,False,False,0,0,0,0,0.125,0.1379310344827586,3600000
0.8088326833934047,0.0,0.067490329657641,0.05,0.0625,0.0476190476190476,0.0095238095238095,False,False,True,False,0,0,0,0,0.125,0.3103448275862069,5750000
0.8791534513090085,0.045045045045045,0.0762850489771568,0.05,0.09375,0.0952380952380952,0.019047619047619,False,False,True,False,0,0,0,0,0.125,0.2068965517241379,10060000
0.81049387085082,0.0225225225225225,0.0307141619998845,0.0,0.0625,0.0952380952380952,0.019047619047619,False,False,True,False,0,0,0,0,0.125,0.1724137931034483,2900000
0.9003429331523307,0.042042042042042,0.0553663183418971,0.0,0.09375,0.0952380952380952,0.0095238095238095,False,False,False,True,0,0,0,0,0.125,0.3793103448275862,8000000
0.9777477412971508,0.018018018018018,0.0898139060485345,0.05,0.09375,0.0952380952380952,0.019047619047619,False,False,False,True,0,0,0,0,0.125,0.4827586206896552,23200000
0.8505655510824681,0.009009009009009,0.0792679406500779,0.05,0.0625,0.0952380952380952,0.0095238095238095,False,False,False,True,0,0,0,0,0.125,0.4482758620689654,15200000
0.7893422526948086,0.0,0.0568673864095606,0.0,0.0625,0.0952380952380952,0.0095238095238095,False,False,False,True,0,0,0,0,0.125,0.3448275862068965,3150000
0.8743499662392082,0.0,0.060754767815561,0.05,0.09375,0.0952380952380952,0.019047619047619,False,False,True,False,0,0,0,0,0.125,0.1379310344827586,14200000
0.9031040014403686,0.039039039039039,0.049362046071243,0.0,0.0,0.0,0.0,False,False,True,False,0,0,0,0,0.125,0.2068965517241379,7660000
0.869282446318266,0.009009009009009,0.0973962242364759,0.05,0.09375,0.0952380952380952,0.019047619047619,False,False,False,True,0,0,0,0,0.125,0.4827586206896552,20030000
0.8819716120210046,0.0375375375375375,0.0431268402517175,0.0,0.0625,0.0952380952380952,0.0095238095238095,False,False,True,False,0,0,0,0,0.125,0.2413793103448275,7200000
0.978919875635853,0.042042042042042,0.0836941670034447,0.0,0.125,0.0952380952380952,0.019047619047619,False,False,True,False,0,0,0,0,0.125,0.2068965517241379,15000000
0.8777588818134063,0.0375375375375375,0.056405519311818,0.05,0.0625,0.0952380952380952,0.0095238095238095,False,False,True,False,0,0,0,0,0.125,0.1724137931034483,8400000
0.98724322093409,0.0375375375375375,0.0558281854396397,0.05,0.09375,0.0952380952380952,0.019047619047619,False,False,True,False,0,0,0,0,0.125,0.2413793103448275,6400000
0.8594657294463843,0.045045045045045,0.0267498027442603,0.0,0.0,0.0,0.0,False,False,False,True,0,0,0,0,0.125,0.3793103448275862,4100000
0.936576116527732,0.033033033033033,0.0753420703192656,0.0,0.09375,0.0952380952380952,0.019047619047619,False,False,False,True,0,0,0,0,0.125,0.3793103448275862,14250000
0.884173380174758,0.0,0.0999749821988722,0.05,0.09375,0.0952380952380952,0.019047619047619,False,False,True,False,0,0,0,0,0.125,0.3103448275862069,18500000
0.884173380174758,0.0,0.092334930623713,0.05,0.09375,0.0952380952380952,0.019047619047619,False,False,True,False,0,0,0,0,0.125,0.3103448275862069,19600000
0.929383421869602,0.021021021021021,0.0312914958720628,0.05,0.03125,0.0476190476190476,0.0095238095238095,False,False,True,False,0,0,0,0,0.125,0.2068965517241379,6150000
0.9408243353366856,0.033033033033033,0.0074668514135057,0.0,0.0,0.0,0.0,False,False,True,False,0,0,0,0,0.125,0.2068965517241379,1000000
0.8005054173520989,0.0,0.0724554009583742,0.1,0.03125,0.0476190476190476,0.0095238095238095,False,False,True,False,0,0,0,0,0.125,0.2413793103448275,15000000
0.9313654947046645,0.0,0.0611973904508977,0.0,0.0625,0.0952380952380952,0.0095238095238095,False,False,False,True,0,0,0,0,0.125,0.3793103448275862,9730000
0.8727021679028724,0.0,0.0781325173681273,0.0,0.0,0.0,0.0,False,True,False,False,1,1,1,1,0.25,0.0344827586206896,13500000
0.9832404116156964,0.036036036036036,0.0648730827704328,0.05,0.09375,0.0952380952380952,0.019047619047619,False,False,False,True,0,0,0,0,0.125,0.5862068965517242,8500000
0.9019639097998606,0.036036036036036,0.0751496256952062,0.05,0.09375,0.0952380952380952,0.019047619047619,False,False,True,False,0,0,0,0,0.125,0.3103448275862069,7850000
0.9048157542840158,0.042042042042042,0.0848873236726132,0.05,0.09375,0.0952380952380952,0.019047619047619,False,False,False,True,0,0,0,0,0.125,0.4482758620689654,11880000
0.8873741452162562,0.033033033033033,0.0753228258568596,0.0,0.0,0.0,0.0,False,False,True,False,0,0,0,0,0.125,0.2413793103448275,6150000
0.8762714767592286,0.039039039039039,0.0399130150299251,0.0,0.0625,0.0952380952380952,0.0095238095238095,True,False,False,False,0,0,0,0,0.125,0.1379310344827586,3890000
0.8827779501289115,0.0345345345345345,0.1115986374920616,0.05,0.09375,0.0952380952380952,0.019047619047619,False,False,False,True,0,0,0,0,0.125,0.7241379310344828,17045000
0.8823323884377601,0.0,0.1014568058041298,0.05,0.0,0.0,0.0,False,False,True,False,0,0,0,0,0.125,0.1724137931034483,18810000
0.8618550815351398,0.0405405405405405,0.0840020784019398,0.05,0.09375,0.0952380952380952,0.019047619047619,True,False,False,False,0,0,0,0,0.125,0.1379310344827586,6800000
0.8921324037370368,0.033033033033033,0.0454939091276485,0.0,0.09375,0.0476190476190476,0.0285714285714285,False,False,True,False,0,0,0,0,0.125,0.1379310344827586,7900000
0.9245121157326536,0.0075075075075075,0.0574254758193329,0.05,0.0625,0.0952380952380952,0.0095238095238095,False,False,True,False,0,0,0,0,0.125,0.2068965517241379,12100000
0.8841504048632771,0.0465465465465465,0.0640840598117891,0.0,0.09375,0.0952380952380952,0.019047619047619,False,False,True,False,0,0,0,0,0.125,0.1379310344827586,8500000
0.8827304214912886,0.0,0.0552700960298674,0.05,0.0625,0.0952380952380952,0.019047619047619,False,False,False,True,0,0,0,0,0.125,0.3448275862068965,9870000
0.9076674333533958,0.0,0.0519792929584512,0.05,0.0625,0.0952380952380952,0.0095238095238095,False,False,True,False,0,0,0,0,0.125,0.2413793103448275,7850000
0.984656218561156,0.0375375375375375,0.067143929334334,0.0,0.09375,0.0952380952380952,0.019047619047619,False,False,False,True,0,0,0,0,0.125,0.5172413793103449,9500000
0.9168857039917384,0.072072072072072,0.0612358793757096,0.0,0.0625,0.0952380952380952,0.019047619047619,False,True,False,False,1,1,1,1,0.25,0.0344827586206896,19600000
0.9538132318561452,0.003003003003003,0.0797490522102265,0.05,0.0625,0.0952380952380952,0.0095238095238095,False,False,True,False,0,0,0,0,0.125,0.1724137931034483,13680000
0.9058133160515922,0.0,0.0605430787290957,0.0,0.125,0.0952380952380952,0.019047619047619,False,True,False,False,1,1,1,1,0.25,0.0344827586206896,12880000
0.8952818472187118,0.042042042042042,0.0478994669283913,0.0,0.0625,0.0952380952380952,0.019047619047619,False,False,False,True,0,0,0,0,0.125,0.3793103448275862,7350000
0.8688077933957743,0.0,0.0493235571464311,0.0,0.09375,0.0952380952380952,0.0095238095238095,True,False,False,False,0,0,0,0,0.125,0.1034482758620689,3800000
0.8136329098096837,0.0405405405405405,0.1563612570482843,0.0,0.15625,0.0952380952380952,0.019047619047619,False,True,False,False,1,1,1,1,0.625,0.1379310344827586,12000000
0.9000591698198264,0.06006006006006,0.0446856417065989,0.0,0.0,0.0,0.0,True,False,False,False,0,0,0,0,0.125,0.1379310344827586,5900000
0.8601452901152697,0.042042042042042,0.0708965995034928,0.05,0.09375,0.0952380952380952,0.019047619047619,False,False,True,False,0,0,0,0,0.125,0.1379310344827586,8200000
0.8763627932807196,0.0345345345345345,0.127917941612301,0.1,0.125,0.0952380952380952,0.019047619047619,False,False,True,False,0,0,0,0,0.125,0.2758620689655172,19500000
0.8372745341815175,0.0495495495495495,0.1172180205145969,0.0,0.125,0.0952380952380952,0.019047619047619,False,True,False,False,1,1,1,1,0.25,0.0344827586206896,24800000
0.8982846708223065,0.0465465465465465,0.0200719742893982,0.0,0.09375,0.0952380952380952,0.019047619047619,False,False,False,True,0,0,0,0,0.125,0.3793103448275862,1350000
0.9024598088634264,0.033033033033033,0.0757846929546023,0.05,0.09375,0.0952380952380952,0.019047619047619,False,False,False,True,0,0,0,0,0.125,0.3793103448275862,13400000
0.8793807070689184,0.0255255255255255,0.0987818255297038,0.05,0.09375,0.0952380952380952,0.019047619047619,False,False,False,True,0,0,0,0,0.125,0.4482758620689654,8383239
0.882474529336065,0.003003003003003,0.0894867501876335,0.1,0.0625,0.0952380952380952,0.0095238095238095,False,False,True,False,0,0,0,0,0.125,0.3103448275862069,14450000
0.817458833697998,0.0045045045045045,0.0747070030598695,0.05,0.0625,0.0952380952380952,0.0095238095238095,False,False,True,False,0,0,0,0,0.125,0.2413793103448275,10070000
0.8416603270862311,0.0465465465465465,0.1217019802551815,0.0,0.09375,0.0952380952380952,0.0285714285714285,False,True,False,False,1,1,1,1,0.25,0.0344827586206896,16500000
0.8702925670121715,0.0,0.0132786790601004,0.0,0.0,0.0,0.0,False,False,False,True,0,0,0,0,0.125,0.3793103448275862,1650000
0.9820719822917569,0.0045045045045045,0.0335046090487462,0.0,0.09375,0.0952380952380952,0.019047619047619,False,False,True,False,0,0,0,0,0.125,0.1724137931034483,11400000
0.8510952489572503,0.036036036036036,0.0901025729846236,0.05,0.09375,0.0952380952380952,0.019047619047619,False,False,True,False,0,0,0,0,0.125,0.2068965517241379,11600000
0.9831064215954086,0.03003003003003,0.144699112830283,0.0,0.1875,0.2857142857142857,0.0666666666666666,False,True,False,False,1,1,1,1,0.5,0.1034482758620689,23500000
0.8871778586721746,0.057057057057057,0.0417412389584897,0.0,0.09375,0.0952380952380952,0.0095238095238095,True,False,False,False,0,0,0,0,0.125,0.1379310344827586,5000000
0.8918045390011287,0.039039039039039,0.0669899736350865,0.05,0.0625,0.0952380952380952,0.019047619047619,False,False,True,False,0,0,0,0,0.125,0.1379310344827586,8750000
0.9008166647845428,0.042042042042042,0.0200142409021804,0.0,0.03125,0.0476190476190476,0.0095238095238095,False,False,True,False,0,0,0,0,0.125,0.2758620689655172,4000000
0.8684730393886753,0.024024024024024,0.0465138656351634,0.05,0.03125,0.0476190476190476,0.0095238095238095,False,False,True,False,0,0,0,0,0.125,0.1034482758620689,4400000
0.991810204129706,0.033033033033033,0.0304254950637953,0.05,0.03125,0.0476190476190476,0.0095238095238095,False,False,True,False,0,0,0,0,0.125,0.1724137931034483,4000000
0.8663372842086119,0.0255255255255255,0.0881011488944056,0.05,0.09375,0.0952380952380952,0.019047619047619,False,False,False,True,0,0,0,0,0.125,0.4482758620689654,16000000
0.8706727311291047,0.0,0.0571368088832438,0.0,0.1875,0.0952380952380952,0.019047619047619,False,True,False,False,1,1,1,1,0.25,0.0344827586206896,11700000
0.8397297808673159,0.0,0.0455131535900544,0.0,0.0625,0.0476190476190476,0.0095238095238095,False,False,False,True,0,0,0,0,0.125,0.3793103448275862,8600000
0.882503003055092,0.0990990990990991,0.0784404287666224,0.0,0.0,0.0,0.0,False,True,False,False,1,1,1,1,0.25,0.0344827586206896,25000000
0.8747592683729977,0.021021021021021,0.0488039566614706,0.05,0.03125,0.0476190476190476,0.0095238095238095,False,False,False,True,0,0,0,0,0.125,0.3448275862068965,8880000
0.9694984069526812,0.042042042042042,0.0724938898831861,0.05,0.09375,0.0952380952380952,0.019047619047619,False,False,False,True,0,0,0,0,0.125,0.4137931034482758,12600000
0.7912090683297777,0.039039039039039,0.087966437657564,0.0,0.09375,0.0952380952380952,0.0095238095238095,False,False,False,True,0,0,0,0,0.125,0.3448275862068965,4400000
0.8697054279199392,0.0,0.0489001789735003,0.0,0.125,0.0952380952380952,0.0285714285714285,False,True,False,False,1,1,1,1,0.25,0.0344827586206896,8500000
0.8826981556596252,0.0,0.0865231029771183,0.0,0.15625,0.0952380952380952,0.0285714285714285,False,True,False,False,1,1,1,1,0.25,0.0344827586206896,6500000
0.8715920370472929,0.0,0.0514596924734907,0.0,0.0625,0.0952380952380952,0.019047619047619,False,True,False,False,1,1,1,1,0.375,0.0689655172413793,9000000
0.8970041717999777,0.021021021021021,0.0221888651540519,0.0,0.03125,0.0476190476190476,0.0095238095238095,False,False,True,False,0,0,0,0,0.125,0.2758620689655172,6470000
0.8872293102762683,0.069069069069069,0.0586763658757192,0.0,0.25,0.3809523809523809,0.0761904761904762,False,True,False,False,1,1,1,1,0.25,0.0344827586206896,11110000
0.8251327501839967,0.036036036036036,0.0516136481727382,0.0,0.21875,0.0952380952380952,0.0476190476190476,False,True,False,False,1,1,1,1,0.375,0.0689655172413793,5240000
0.8996992225572171,0.045045045045045,0.1255123838115582,0.05,0.125,0.0952380952380952,0.0285714285714285,False,False,False,True,0,0,0,0,0.25,0.4827586206896552,14800000
0.9791071127447708,0.021021021021021,0.0359871446991128,0.05,0.0,0.0,0.0,False,False,False,True,0,0,0,0,0.125,0.4137931034482758,7500000
0.7964065814211665,0.0375375375375375,0.0620249023343532,0.0,0.09375,0.0952380952380952,0.019047619047619,True,False,False,False,0,0,0,0,0.125,0.1379310344827586,4600000
0.8605471628460464,0.018018018018018,0.0284433154359832,0.05,0.0625,0.0476190476190476,0.0095238095238095,False,False,True,False,0,0,0,0,0.125,0.3103448275862069,5500000
0.8750360975839726,0.0,0.0910070627177029,0.05,0.125,0.0952380952380952,0.019047619047619,False,True,False,False,1,1,1,1,0.25,0.0344827586206896,13000000
0.8702925670121715,0.0,0.0218424648307449,0.0,0.03125,0.0476190476190476,0.0095238095238095,False,False,False,True,0,0,0,0,0.125,0.3793103448275862,1950000
0.81049387085082,0.021021021021021,0.0168196601427939,0.0,0.0,0.0,0.0,False,False,True,False,0,0,0,0,0.125,0.1724137931034483,1280000
0.8760831244879626,0.021021021021021,0.0194753959548139,0.0,0.03125,0.0476190476190476,0.0095238095238095,False,False,False,True,0,0,0,0,0.125,0.3448275862068965,3880000
0.8556784513398838,0.021021021021021,0.1103477474356753,0.05,0.125,0.0952380952380952,0.019047619047619,False,False,False,True,0,0,0,0,0.125,0.4137931034482758,11000000
0.8858774795639306,0.0,0.0287127379096664,0.0,0.0625,0.0476190476190476,0.0095238095238095,False,False,True,False,0,0,0,0,0.125,0.2068965517241379,4060000
0.7682004906918678,0.0435435435435435,0.0256721128495275,0.0,0.09375,0.0952380952380952,0.0285714285714285,False,True,False,False,1,1,1,1,0.125,0.0,4500000
0.938048857791074,0.057057057057057,0.0441852856840444,0.0,0.125,0.0476190476190476,0.019047619047619,True,False,False,False,0,0,0,0,0.125,0.1379310344827586,9000000
0.8089543511684951,0.003003003003003,0.067143929334334,0.0,0.0625,0.0952380952380952,0.019047619047619,False,False,False,True,0,0,0,0,0.125,0.4827586206896552,8750000
0.8812588212813353,0.0,0.0439928410599849,0.0,0.09375,0.0952380952380952,0.0095238095238095,False,False,True,False,0,0,0,0,0.125,0.2068965517241379,6150000
0.8909372381886556,0.0,0.0258838019359929,0.0,0.03125,0.0476190476190476,0.0095238095238095,False,False,True,False,0,0,0,0,0.125,0.2068965517241379,4380000
0.9773516269621324,0.018018018018018,0.1221253584281123,0.1,0.125,0.0952380952380952,0.019047619047619,False,False,False,True,0,0,0,0,0.125,0.4482758620689654,25000000
0.9032314910556352,0.066066066066066,0.0348132324923503,0.0,0.09375,0.0952380952380952,0.0095238095238095,True,False,False,False,0,0,0,0,0.125,0.1034482758620689,3770000
0.9763505820168064,0.0555555555555555,0.0199565075149625,0.0,0.09375,0.0952380952380952,0.019047619047619,True,False,False,False,0,0,0,0,0.125,0.1379310344827586,1550000
0.8895943023617008,0.0615615615615615,0.0654889055674229,0.0,0.09375,0.0952380952380952,0.019047619047619,True,False,False,False,0,0,0,0,0.125,0.1379310344827586,4800000
0.991621047525598,0.042042042042042,0.0646421492215615,0.0,0.09375,0.0952380952380952,0.019047619047619,False,False,False,True,0,0,0,0,0.125,0.3793103448275862,9250000
0.8879886448150955,0.0375375375375375,0.0706656659546215,0.05,0.09375,0.0952380952380952,0.019047619047619,False,False,True,False,0,0,0,0,0.125,0.2413793103448275,9810000
0.8950990298530144,0.0465465465465465,0.0350634105036275,0.0,0.09375,0.0952380952380952,0.019047619047619,False,False,True,False,0,0,0,0,0.125,0.2758620689655172,11650000
0.8980921941558222,0.042042042042042,0.0685680195523738,0.05,0.09375,0.0952380952380952,0.019047619047619,False,False,True,False,0,0,0,0,0.125,0.1724137931034483,10600000
0.8760831244879626,0.021021021021021,0.0206685526239824,0.0,0.03125,0.0476190476190476,0.0095238095238095,False,False,False,True,0,0,0,0,0.125,0.3448275862068965,3860000
0.8017098423086679,0.0,0.0300983392028943,0.0,0.125,0.0476190476190476,0.019047619047619,False,True,False,False,1,1,1,1,0.25,0.0344827586206896,4000000
0.7640060387052472,0.0615615615615615,0.0603506341050362,0.0,0.09375,0.0952380952380952,0.019047619047619,False,True,False,False,1,1,1,1,0.25,0.0344827586206896,4950000
0.8670812182850511,0.012012012012012,0.0566941862479071,0.05,0.0625,0.0952380952380952,0.0095238095238095,False,False,True,False,0,0,0,0,0.125,0.2758620689655172,11500000
0.8719334565666372,0.027027027027027,0.087947193195158,0.05,0.09375,0.0952380952380952,0.019047619047619,False,False,False,True,0,0,0,0,0.125,0.3793103448275862,12600000
0.881466826262681,0.012012012012012,0.019802551815715,0.0,0.03125,0.0476190476190476,0.0095238095238095,False,False,True,False,0,0,0,0,0.125,0.3103448275862069,4480000
0.8613704658748702,0.063063063063063,0.0436656851990839,0.0,0.09375,0.0952380952380952,0.019047619047619,True,False,False,False,0,0,0,0,0.125,0.1034482758620689,4500000
0.8499160160754684,0.0375375375375375,0.0183207282104574,0.0,0.03125,0.0476190476190476,0.0095238095238095,True,False,False,False,0,0,0,0,0.125,0.1034482758620689,1100000
0.9019639097998606,0.0375375375375375,0.0943171102515251,0.1,0.09375,0.0952380952380952,0.0095238095238095,False,False,True,False,0,0,0,0,0.125,0.3103448275862069,5450000
0.9745201455102688,0.048048048048048,0.0664511286877201,0.0,0.09375,0.0952380952380952,0.019047619047619,True,False,False,False,0,0,0,0,0.125,0.1379310344827586,8750000
0.8677070055865101,0.0405405405405405,0.0498816465562034,0.0,0.0625,0.0952380952380952,0.0095238095238095,False,False,True,False,0,0,0,0,0.125,0.1379310344827586,5300000
0.8863898879921521,0.0405405405405405,0.1021303619883378,0.05,0.09375,0.0952380952380952,0.019047619047619,False,False,False,True,0,0,0,0,0.125,0.3793103448275862,13980000
0.8841410003319652,0.0255255255255255,0.0465138656351634,0.05,0.03125,0.0476190476190476,0.0095238095238095,False,False,True,False,0,0,0,0,0.125,0.1034482758620689,5090000
0.8278462150461223,0.072072072072072,0.0367954121201624,0.0,0.15625,0.0952380952380952,0.019047619047619,False,True,False,False,1,1,1,1,0.25,0.0344827586206896,5000000
0.8159726423340032,0.0195195195195195,0.0681061524546311,0.0,0.03125,0.0952380952380952,0.0095238095238095,False,False,False,True,0,0,0,0,0.125,0.4482758620689654,5850000
0.8712483220014349,0.0315315315315315,0.0270192252179435,0.0,0.0625,0.0476190476190476,0.0095238095238095,True,False,False,False,0,0,0,0,0.125,0.1379310344827586,3180000
0.8301131198132339,0.069069069069069,0.0628716586802147,0.0,0.125,0.0952380952380952,0.019047619047619,False,True,False,False,1,1,1,1,0.25,0.0344827586206896,10500000
0.8596974750407185,0.0195195195195195,0.0299058945788349,0.0,0.0625,0.0952380952380952,0.0095238095238095,False,False,True,False,0,0,0,0,0.125,0.3103448275862069,6050000
0.8383506038034056,0.039039039039039,0.0940861767026538,0.05,0.125,0.0952380952380952,0.019047619047619,False,False,False,True,0,0,0,0,0.125,0.5172413793103449,13000000
0.8841410003319652,0.0255255255255255,0.0293670496314685,0.0,0.0,0.0,0.0,False,False,True,False,0,0,0,0,0.125,0.1034482758620689,4310000
0.8733535637585135,0.0,0.0468410214960645,0.0,0.09375,0.0952380952380952,0.0095238095238095,True,False,False,False,0,0,0,0,0.125,0.1379310344827586,4560000
0.8970041717999777,0.0195195195195195,0.0221888651540519,0.0,0.0625,0.0952380952380952,0.0095238095238095,False,False,True,False,0,0,0,0,0.125,0.2758620689655172,6300000
0.8975814583681654,0.0645645645645645,0.0681831303042549,0.0,0.15625,0.0952380952380952,0.0380952380952381,False,True,False,False,1,1,1,1,0.25,0.0344827586206896,18750000
0.8596623491470439,0.042042042042042,0.0326386082404788,0.0,0.03125,0.0476190476190476,0.0095238095238095,False,False,True,False,0,0,0,0,0.125,0.2068965517241379,5000000
0.8088326833934047,0.0,0.0575601870561745,0.05,0.0625,0.0476190476190476,0.0095238095238095,False,False,True,False,0,0,0,0,0.125,0.3103448275862069,5900000
0.838560281332775,0.0375375375375375,0.064796104920809,0.0,0.09375,0.0952380952380952,0.019047619047619,False,False,False,True,0,0,0,0,0.125,0.3793103448275862,3940000
0.8939585345655416,0.039039039039039,0.0734176240786713,0.05,0.09375,0.0952380952380952,0.019047619047619,False,False,True,False,0,0,0,0,0.125,0.2068965517241379,8820000
0.8779600219690735,0.0,0.0579065873794815,0.05,0.09375,0.0952380952380952,0.019047619047619,False,False,True,False,0,0,0,0,0.125,0.1379310344827586,13500000
0.9040806097412996,0.018018018018018,0.070838866116275,0.05,0.0625,0.0952380952380952,0.019047619047619,False,False,True,False,0,0,0,0,0.125,0.2758620689655172,13300000
0.8531516679103106,0.0405405405405405,0.0685487750899678,0.05,0.09375,0.0952380952380952,0.019047619047619,False,False,True,False,0,0,0,0,0.125,0.2068965517241379,9550000
0.9762764212119636,0.021021021021021,0.044319996920886,0.0,0.03125,0.0476190476190476,0.0095238095238095,False,False,False,True,0,0,0,0,0.125,0.3448275862068965,9400000
0.8992479069111425,0.015015015015015,0.0404711044396974,0.0,0.03125,0.0476190476190476,0.0095238095238095,False,False,False,True,0,0,0,0,0.125,0.3448275862068965,8100000
0.8728695933480424,0.075075075075075,0.0635067259396108,0.0,0.15625,0.1428571428571428,0.019047619047619,False,True,False,False,1,1,1,1,0.25,0.0344827586206896,14500000
0.9046058617780092,0.0615615615615615,0.049362046071243,0.0,0.15625,0.0952380952380952,0.0285714285714285,False,True,False,False,1,1,1,1,0.25,0.0344827586206896,5300000
0.9411260869143804,0.0,0.0464368877855397,0.0,0.0,0.0,0.0,True,False,False,False,0,0,0,0,0.125,0.1034482758620689,9360000
0.943316208501642,0.0345345345345345,0.0303677616765775,0.0,0.03125,0.0476190476190476,0.0095238095238095,False,False,True,False,0,0,0,0,0.125,0.1724137931034483,5050000
0.8886428784039708,0.039039039039039,0.0412216384735292,0.0,0.0625,0.0952380952380952,0.0095238095238095,True,False,False,False,0,0,0,0,0.125,0.1379310344827586,4800000
0.8791554919226883,0.036036036036036,0.0920655081500298,0.05,0.09375,0.0952380952380952,0.019047619047619,False,False,True,False,0,0,0,0,0.125,0.3103448275862069,13000000
0.8990175608398374,0.0435435435435435,0.0865808363643361,0.05,0.09375,0.0952380952380952,0.019047619047619,False,False,True,False,0,0,0,0,0.125,0.2413793103448275,11500000
0.8728709088445044,0.0195195195195195,0.0253834459134384,0.0,0.03125,0.0476190476190476,0.0095238095238095,False,False,True,False,0,0,0,0,0.125,0.3103448275862069,5500000
0.8950509590596312,0.048048048048048,0.0857725689432865,0.05,0.125,0.0952380952380952,0.019047619047619,False,True,False,False,1,1,1,1,0.25,0.0344827586206896,8000000
0.8499160160754684,0.036036036036036,0.0183207282104574,0.0,0.03125,0.0476190476190476,0.0095238095238095,True,False,False,False,0,0,0,0,0.125,0.1034482758620689,938000
0.9664417165487292,0.0105105105105105,0.0900063506725939,0.05,0.09375,0.0952380952380952,0.019047619047619,False,False,False,True,0,0,0,0,0.125,0.896551724137931,24500000
0.884173380174758,0.0,0.0927583087966437,0.05,0.09375,0.0952380952380952,0.019047619047619,False,False,True,False,0,0,0,0,0.125,0.3103448275862069,19460000
0.9947906776084494,0.0285285285285285,0.0280391817254585,0.0,0.03125,0.0476190476190476,0.0095238095238095,True,False,False,False,0,0,0,0,0.125,0.1034482758620689,4750000
0.9125991784463564,0.0345345345345345,0.0290014048457556,0.0,0.03125,0.0476190476190476,0.0095238095238095,False,False,True,False,0,0,0,0,0.125,0.2758620689655172,3750000
0.9433916556469626,0.039039039039039,0.0814618093643554,0.0,0.09375,0.0952380952380952,0.019047619047619,False,False,True,False,0,0,0,0,0.125,0.2068965517241379,14000000
0.8663206389371965,0.0285285285285285,0.1315743894694301,0.0,0.125,0.0952380952380952,0.0285714285714285,False,True,False,False,1,1,1,1,0.625,0.1379310344827586,9680000
0.8848372992146949,0.048048048048048,0.1358466601235494,0.0,0.1875,0.0952380952380952,0.0285714285714285,False,True,False,False,1,1,1,1,0.5,0.1034482758620689,17000000
0.9014784664090314,0.045045045045045,0.0613321016877393,0.05,0.09375,0.0952380952380952,0.019047619047619,True,False,False,False,0,0,0,0,0.125,0.1379310344827586,6850000
0.8267951265013096,0.0,0.088967149702673,0.05,0.09375,0.0952380952380952,0.019047619047619,False,False,True,False,0,0,0,0,0.125,0.1724137931034483,9190000
0.8717205563034156,0.0195195195195195,0.021803975905933,0.0,0.03125,0.0476190476190476,0.0095238095238095,False,False,True,False,0,0,0,0,0.125,0.3103448275862069,3800000
0.9627974363265536,0.0225225225225225,0.1354040374882127,0.0,0.0,0.0,0.0,False,True,False,False,1,1,1,1,0.625,0.1379310344827586,25000000
0.8244326067626844,0.0345345345345345,0.1175836653003098,0.0,0.125,0.1428571428571428,0.0285714285714285,False,True,False,False,1,1,1,1,0.5,0.1034482758620689,13130000
0.8823323884377601,0.0,0.1014568058041298,0.05,0.0,0.0,0.0,False,False,True,False,0,0,0,0,0.125,0.1724137931034483,18880000
0.7670477154055391,0.0,0.0674325962704231,0.05,0.09375,0.0952380952380952,0.019047619047619,False,False,True,False,0,0,0,0,0.125,0.1379310344827586,8000000
0.8861132012564212,0.057057057057057,0.0552508515674614,0.0,0.09375,0.0952380952380952,0.0095238095238095,True,False,False,False,0,0,0,0,0.125,0.1379310344827586,5400000
0.7717662656955326,0.0105105105105105,0.1219714027288647,0.0,0.15625,0.0952380952380952,0.0380952380952381,False,True,False,False,1,1,1,1,0.5,0.1034482758620689,11500000
0.8841410003319652,0.027027027027027,0.0293670496314685,0.0,0.03125,0.0476190476190476,0.0095238095238095,False,False,True,False,0,0,0,0,0.125,0.1034482758620689,4200000
0.8765594470310987,0.039039039039039,0.0830783442064545,0.05,0.09375,0.0476190476190476,0.019047619047619,False,False,False,True,0,0,0,0,0.125,0.3793103448275862,7450000
0.8488344788763698,0.0765765765765765,0.1093855243153782,0.0,0.125,0.0952380952380952,0.019047619047619,True,False,False,False,0,0,0,0,0.25,0.0689655172413793,3900000
0.8596974750407185,0.018018018018018,0.0376999018532417,0.05,0.0625,0.0476190476190476,0.0095238095238095,False,False,True,False,0,0,0,0,0.125,0.3103448275862069,4670000
0.8088326833934047,0.0,0.056078363450917,0.05,0.0625,0.0476190476190476,0.0095238095238095,False,False,True,False,0,0,0,0,0.125,0.3103448275862069,4500000
0.8827304214912886,0.0,0.0589650328118084,0.05,0.0625,0.0952380952380952,0.019047619047619,False,False,False,True,0,0,0,0,0.125,0.3448275862068965,10420000
0.9631369767341198,0.051051051051051,0.0877932374959105,0.0,0.1875,0.1428571428571428,0.0285714285714285,False,True,False,False,1,1,1,1,0.25,0.0344827586206896,20000000
0.8504448778540166,0.0375375375375375,0.0197255739660912,0.0,0.03125,0.0476190476190476,0.0095238095238095,True,False,False,False,0,0,0,0,0.125,0.1379310344827586,850000
0.8124832686323487,0.0,0.0769008717741469,0.05,0.09375,0.0952380952380952,0.019047619047619,False,False,False,True,0,0,0,0,0.125,0.3793103448275862,12120000
0.984656218561156,0.039039039039039,0.0727248234320574,0.05,0.0625,0.0952380952380952,0.0095238095238095,False,False,False,True,0,0,0,0,0.125,0.5862068965517242,10300000
0.9758787583762398,0.039039039039039,0.0697804206839481,0.05,0.09375,0.0952380952380952,0.019047619047619,False,False,True,False,0,0,0,0,0.125,0.2068965517241379,11560000
0.9485453158907546,0.048048048048048,0.074860958759117,0.0,0.09375,0.0952380952380952,0.019047619047619,True,False,False,False,0,0,0,0,0.125,0.1379310344827586,6990000
0.9791071127447708,0.018018018018018,0.0205338413871408,0.0,0.03125,0.0476190476190476,0.0095238095238095,False,False,False,True,0,0,0,0,0.125,0.4137931034482758,4900000
0.8855356865022941,0.051051051051051,0.1618844177587899,0.0,0.15625,0.0952380952380952,0.0285714285714285,False,True,False,False,1,1,1,1,0.375,0.0689655172413793,22200000
0.8709088964988325,0.0405405405405405,0.0250755345149433,0.0,0.03125,0.0476190476190476,0.0095238095238095,False,False,True,False,0,0,0,0,0.125,0.1379310344827586,2900000
0.991621047525598,0.0435435435435435,0.0582529877027885,0.0,0.09375,0.0952380952380952,0.019047619047619,False,False,False,True,0,0,0,0,0.125,0.3793103448275862,10220000
0.9686690586835311,0.0045045045045045,0.1008024940823278,0.05,0.09375,0.0952380952380952,0.019047619047619,False,False,False,True,0,0,0,0,0.125,0.9655172413793104,25500000
0.9125991784463564,0.0375375375375375,0.0431460847141235,0.05,0.03125,0.0476190476190476,0.0095238095238095,False,False,True,False,0,0,0,0,0.125,0.2758620689655172,6500000
0.7894395678556805,0.021021021021021,0.1035544522063776,0.0,0.09375,0.0952380952380952,0.019047619047619,False,True,False,False,1,1,1,1,0.5,0.1034482758620689,6600000
0.8841410003319652,0.0255255255255255,0.0465138656351634,0.05,0.03125,0.0476190476190476,0.0095238095238095,False,False,True,False,0,0,0,0,0.125,0.1034482758620689,4360000
0.8483957729165184,0.0135135135135135,0.1196428227777457,0.1,0.09375,0.0952380952380952,0.019047619047619,False,False,False,True,0,0,0,0,0.125,0.4482758620689654,16720000
0.9519816553079464,0.0645645645645645,0.0434924850374304,0.0,0.09375,0.0952380952380952,0.0095238095238095,True,False,False,False,0,0,0,0,0.125,0.1034482758620689,6650000
0.8005054173520989,0.0,0.0548274733945307,0.05,0.0625,0.0952380952380952,0.019047619047619,False,False,True,False,0,0,0,0,0.125,0.2413793103448275,7740000
0.8267951265013096,0.0,0.0707426438042453,0.05,0.09375,0.0952380952380952,0.019047619047619,False,False,True,False,0,0,0,0,0.125,0.1724137931034483,7870000
0.8734205270342841,0.0435435435435435,0.0429343956276581,0.0,0.125,0.0952380952380952,0.019047619047619,False,True,False,False,1,1,1,1,0.375,0.0689655172413793,3000000
0.9691788651405772,0.0,0.0638723707253237,0.05,0.0625,0.0952380952380952,0.0095238095238095,False,False,False,True,0,0,0,0,0.125,0.9655172413793104,16600000
0.8849859493698204,0.042042042042042,0.0875238150222273,0.05,0.09375,0.0952380952380952,0.019047619047619,False,False,True,False,0,0,0,0,0.125,0.1724137931034483,12380000
0.929383421869602,0.0225225225225225,0.0195908627292496,0.0,0.03125,0.0476190476190476,0.0095238095238095,False,False,True,False,0,0,0,0,0.125,0.2068965517241379,5400000
0.872023288476953,0.0375375375375375,0.0217077535939033,0.05,0.03125,0.0476190476190476,0.0095238095238095,False,False,True,False,0,0,0,0,0.125,0.1724137931034483,3080000
0.8710938023878043,0.036036036036036,0.0326001193156669,0.0,0.03125,0.0476190476190476,0.0095238095238095,False,False,False,True,0,0,0,0,0.125,0.4482758620689654,3880000
0.9713499751145208,0.0015015015015015,0.0901795508342474,0.05,0.09375,0.0952380952380952,0.019047619047619,False,False,False,True,0,0,0,0,0.125,0.7931034482758621,24600000
0.9013218929537744,0.0255255255255255,0.1770105652098608,0.0,0.15625,0.0952380952380952,0.0285714285714285,False,True,False,False,1,1,1,1,0.375,0.0689655172413793,18000000
0.9763704001749433,0.048048048048048,0.0722437118719088,0.0,0.15625,0.1428571428571428,0.0380952380952381,False,True,False,False,1,1,1,1,0.25,0.0344827586206896,22000000
0.8499160160754684,0.036036036036036,0.0182822392856455,0.0,0.03125,0.0476190476190476,0.0095238095238095,True,False,False,False,0,0,0,0,0.125,0.1034482758620689,950000
0.8996331678591787,0.039039039039039,0.0993014260146642,0.0,0.15625,0.0952380952380952,0.0285714285714285,False,True,False,False,1,1,1,1,0.375,0.0689655172413793,19680000
0.8827779501289115,0.036036036036036,0.0408752381502222,0.0,0.0625,0.0476190476190476,0.0095238095238095,False,False,False,True,0,0,0,0,0.125,0.6896551724137931,6500000
0.9802204070070673,0.0375375375375375,0.069145353424552,0.05,0.09375,0.0952380952380952,0.019047619047619,False,False,True,False,0,0,0,0,0.125,0.2068965517241379,12050000
0.8855718348399648,0.0525525525525525,0.0717241113869484,0.0,0.125,0.0952380952380952,0.019047619047619,False,True,False,False,1,1,1,1,0.25,0.0344827586206896,17000000
0.9143896111641538,0.0705705705705705,0.1181994880973,0.0,0.125,0.0952380952380952,0.019047619047619,False,True,False,False,1,1,1,1,0.25,0.0344827586206896,16500000
0.835482072799067,0.0405405405405405,0.0662779285260666,0.0,0.09375,0.0952380952380952,0.019047619047619,False,False,True,False,0,0,0,0,0.125,0.2068965517241379,4220000
0.8765197317330546,0.0375375375375375,0.1687931797625233,0.0,0.15625,0.0952380952380952,0.0285714285714285,False,True,False,False,1,1,1,1,0.375,0.0689655172413793,16200000
0.8161412483213724,0.0,0.0688759309508688,0.05,0.09375,0.0952380952380952,0.019047619047619,False,False,True,False,0,0,0,0,0.125,0.1379310344827586,9300000
0.8870329714834213,0.0585585585585585,0.0491118680599657,0.0,0.09375,0.0952380952380952,0.019047619047619,True,False,False,False,0,0,0,0,0.125,0.1379310344827586,8550000
0.8596974750407185,0.0195195195195195,0.0251140234397552,0.0,0.0625,0.0952380952380952,0.0095238095238095,False,False,True,False,0,0,0,0,0.125,0.3103448275862069,5700000
0.8605808860027935,0.0375375375375375,0.0941246656274656,0.05,0.125,0.0952380952380952,0.019047619047619,False,False,False,True,0,0,0,0,0.125,0.4137931034482758,14450000
0.8194444333124977,0.0105105105105105,0.0354675442141523,0.0,0.09375,0.0476190476190476,0.0095238095238095,False,False,True,False,0,0,0,0,0.125,0.1379310344827586,6630000
0.9873563257563944,0.042042042042042,0.0574254758193329,0.0,0.09375,0.0952380952380952,0.019047619047619,False,False,True,False,0,0,0,0,0.125,0.2068965517241379,8600000
0.8823323884377601,0.0,0.1182957104093297,0.05,0.0,0.0,0.0,False,False,True,False,0,0,0,0,0.125,0.1724137931034483,22280000
0.9012825259700604,0.0345345345345345,0.0947404884244558,0.05,0.125,0.0952380952380952,0.019047619047619,False,False,True,False,0,0,0,0,0.125,0.2413793103448275,11500000
0.9303651080786324,0.0465465465465465,0.0871581702365144,0.05,0.09375,0.0952380952380952,0.019047619047619,True,False,False,False,0,0,0,0,0.125,0.1379310344827586,9000000
0.8974194328258136,0.069069069069069,0.0434155071878067,0.0,0.09375,0.0952380952380952,0.0095238095238095,True,False,False,False,0,0,0,0,0.125,0.1034482758620689,4380000
0.8088122473620274,0.012012012012012,0.0636606816388584,0.05,0.09375,0.0476190476190476,0.019047619047619,False,False,True,False,0,0,0,0,0.125,0.2068965517241379,7800000
0.817458833697998,0.003003003003003,0.0737640244019783,0.05,0.0625,0.0952380952380952,0.0095238095238095,False,False,True,False,0,0,0,0,0.125,0.2413793103448275,9390000
0.8562079228489949,0.036036036036036,0.0861574581914054,0.05,0.09375,0.0952380952380952,0.019047619047619,False,False,False,True,0,0,0,0,0.125,0.4137931034482758,10180000
0.9664417165487292,0.0105105105105105,0.0900063506725939,0.05,0.0625,0.0952380952380952,0.0095238095238095,False,False,False,True,0,0,0,0,0.125,0.896551724137931,23800000
0.7760719028314043,0.0,0.0696264649847006,0.0,0.125,0.0476190476190476,0.019047619047619,False,True,False,False,1,1,1,1,0.25,0.0344827586206896,4500000
0.8088326833934047,0.0,0.1598445047437599,0.25,0.0,0.0,0.0,False,False,True,False,0,0,0,0,0.125,0.3103448275862069,25000000
0.991621047525598,0.0405405405405405,0.0576756538306102,0.0,0.0,0.0,0.0,False,False,False,True,0,0,0,0,0.125,0.3793103448275862,6130000
0.936576116527732,0.0315315315315315,0.0841367896387814,0.0,0.09375,0.0952380952380952,0.019047619047619,False,False,False,True,0,0,0,0,0.125,0.3793103448275862,15800000
0.7959337924040994,0.0105105105105105,0.10809614533418,0.0,0.125,0.0476190476190476,0.0285714285714285,False,True,False,False,1,1,1,1,0.375,0.0689655172413793,10080000
0.8839297370578265,0.033033033033033,0.088639993841772,0.05,0.09375,0.0952380952380952,0.019047619047619,False,False,False,True,0,0,0,0,0.125,0.6551724137931035,14800000
0.8841410003319652,0.024024024024024,0.0492080903719954,0.05,0.0,0.0,0.0,False,False,True,False,0,0,0,0,0.125,0.1034482758620689,4800000
0.8469921010193389,0.0,0.1389450185709062,0.0,0.125,0.0952380952380952,0.0285714285714285,False,True,False,False,1,1,1,1,0.5,0.1034482758620689,22580000
0.8720318586341591,0.0435435435435435,0.0761310932779092,0.05,0.09375,0.0952380952380952,0.019047619047619,False,False,True,False,0,0,0,0,0.125,0.2413793103448275,9900000
0.8675292847756566,0.0405405405405405,0.1374824394280545,0.0,0.15625,0.0952380952380952,0.0285714285714285,False,True,False,False,1,1,1,1,0.375,0.0689655172413793,11000000
0.9019639097998606,0.0375375375375375,0.0804033639320285,0.05,0.09375,0.0952380952380952,0.019047619047619,True,False,False,False,0,0,0,0,0.125,0.1379310344827586,7500000
0.8594657294463843,0.0435435435435435,0.0262109577968939,0.0,0.0,0.0,0.0,False,False,False,True,0,0,0,0,0.125,0.3793103448275862,2150000
0.8383506038034056,0.0375375375375375,0.0475338221426784,0.0,0.0625,0.0952380952380952,0.0095238095238095,False,False,False,True,0,0,0,0,0.125,0.5172413793103449,6500000
0.891031815226853,0.045045045045045,0.0153955699247541,0.0,0.0,0.0,0.0,False,False,True,False,0,0,0,0,0.125,0.2068965517241379,2400000
0.9698010057595924,0.0375375375375375,0.0581760098531647,0.0,0.0625,0.0952380952380952,0.0095238095238095,False,False,False,True,0,0,0,0,0.125,0.4137931034482758,7600000
0.9017182055552836,0.0405405405405405,0.0182245058984277,0.0,0.03125,0.0476190476190476,0.0095238095238095,False,False,True,False,0,0,0,0,0.125,0.2068965517241379,1250000
0.81049387085082,0.021021021021021,0.0164925042818928,0.0,0.03125,0.0476190476190476,0.0095238095238095,False,False,True,False,0,0,0,0,0.125,0.1724137931034483,1250000
0.7716876092079872,0.0,0.0628716586802147,0.0,0.125,0.0952380952380952,0.0380952380952381,False,True,False,False,1,1,1,1,0.25,0.0344827586206896,4500000
0.9769560643318584,0.0195195195195195,0.0747262475222754,0.05,0.0625,0.0952380952380952,0.0095238095238095,False,False,False,True,0,0,0,0,0.125,0.4827586206896552,18450000
0.9433916556469626,0.039039039039039,0.0814618093643554,0.0,0.09375,0.0952380952380952,0.019047619047619,False,False,True,False,0,0,0,0,0.125,0.2068965517241379,15000000
0.8990033573817016,0.042042042042042,0.0252679791390027,0.0,0.0625,0.0476190476190476,0.0095238095238095,False,False,True,False,0,0,0,0,0.125,0.1379310344827586,4200000
0.8343101334970129,0.0,0.0803841194696226,0.05,0.09375,0.0952380952380952,0.0285714285714285,False,False,True,False,0,0,0,0,0.125,0.2068965517241379,17950000
0.8710938023878043,0.036036036036036,0.0239401112329927,0.0,0.03125,0.0476190476190476,0.0095238095238095,False,False,False,True,0,0,0,0,0.125,0.4482758620689654,2000000
0.81049387085082,0.021021021021021,0.0168196601427939,0.0,0.0,0.0,0.0,False,False,True,False,0,0,0,0,0.125,0.1724137931034483,1125000
0.8747592683729977,0.021021021021021,0.0215537978946558,0.0,0.03125,0.0476190476190476,0.0095238095238095,False,False,False,True,0,0,0,0,0.125,0.3448275862068965,4380000
0.8793034166846496,0.0,0.1056136096838134,0.05,0.09375,0.0952380952380952,0.019047619047619,False,False,False,True,0,0,0,0,0.125,0.6896551724137931,23600000
0.8358191107568587,0.0,0.0955680003079113,0.0,0.15625,0.0952380952380952,0.0285714285714285,False,True,False,False,1,1,1,1,0.25,0.0344827586206896,9200000
0.8078445888955912,0.0165165165165165,0.1001289378981198,0.05,0.09375,0.0952380952380952,0.019047619047619,False,False,False,True,0,0,0,0,0.125,0.4137931034482758,9950000
0.9014784664090314,0.045045045045045,0.0613321016877393,0.0,0.09375,0.0952380952380952,0.019047619047619,True,False,False,False,0,0,0,0,0.125,0.1379310344827586,6700000
0.8993420030783739,0.0465465465465465,0.0316186517329638,0.0,0.09375,0.0952380952380952,0.019047619047619,False,False,False,True,0,0,0,0,0.125,0.3793103448275862,10000000
0.8307802758067737,0.0405405405405405,0.0719742893982256,0.05,0.09375,0.0952380952380952,0.019047619047619,False,False,True,False,0,0,0,0,0.125,0.1724137931034483,6150000
0.8796412232119053,0.003003003003003,0.0639493485749475,0.05,0.09375,0.0476190476190476,0.019047619047619,False,False,True,False,0,0,0,0,0.125,0.3103448275862069,15000000
0.9060173859626276,0.0,0.063102592229086,0.0,0.1875,0.0476190476190476,0.0571428571428571,False,True,False,False,1,1,1,1,0.25,0.0344827586206896,7500000
0.8594657294463843,0.045045045045045,0.2355907087735504,0.0,0.09375,0.0952380952380952,0.019047619047619,False,False,False,True,0,0,0,0,0.125,0.3793103448275862,13700000
0.8982421076885032,0.0435435435435435,0.0519023151088274,0.0,0.09375,0.0952380952380952,0.019047619047619,False,False,True,False,0,0,0,0,0.125,0.1379310344827586,6800000
0.8675004736678602,0.045045045045045,0.0642957488982545,0.0,0.09375,0.0952380952380952,0.019047619047619,True,False,False,False,0,0,0,0,0.125,0.1379310344827586,4150000
0.7937747817665581,0.0,0.0549429401689663,0.05,0.09375,0.0952380952380952,0.019047619047619,False,False,True,False,0,0,0,0,0.125,0.1379310344827586,6500000
0.8099784986428631,0.0675675675675675,0.087620037334257,0.0,0.1875,0.1428571428571428,0.019047619047619,False,True,False,False,1,1,1,1,0.25,0.0344827586206896,10800000
0.8742381838899576,0.0315315315315315,0.0258838019359929,0.0,0.03125,0.0476190476190476,0.0095238095238095,False,False,False,True,0,0,0,0,0.125,0.4482758620689654,3600000
0.7756296671594214,0.036036036036036,0.1160248638454284,0.0,0.15625,0.0952380952380952,0.0285714285714285,False,True,False,False,1,1,1,1,0.5,0.1034482758620689,11200000
0.8483957729165184,0.012012012012012,0.1195081115409041,0.1,0.09375,0.0952380952380952,0.019047619047619,False,False,False,True,0,0,0,0,0.125,0.4482758620689654,16000000
0.8504448778540166,0.0375375375375375,0.0170698381540711,0.0,0.03125,0.0476190476190476,0.0095238095238095,True,False,False,False,0,0,0,0,0.125,0.1379310344827586,990000
0.8502035074809271,0.042042042042042,0.0796528298981967,0.05,0.09375,0.0952380952380952,0.0285714285714285,False,False,True,False,0,0,0,0,0.125,0.2068965517241379,11500000
0.90736171879351,0.0195195195195195,0.0552508515674614,0.05,0.03125,0.0476190476190476,0.0095238095238095,False,False,True,False,0,0,0,0,0.125,0.2068965517241379,5000000
0.8605808860027935,0.0375375375375375,0.0757462040297904,0.0,0.125,0.0952380952380952,0.019047619047619,False,False,False,True,0,0,0,0,0.125,0.4137931034482758,13200000
0.9102577473296948,0.0345345345345345,0.0941823990146835,0.05,0.0625,0.0476190476190476,0.0095238095238095,False,False,True,False,0,0,0,0,0.125,0.3103448275862069,20000000
0.8519234612847413,0.039039039039039,0.0722437118719088,0.05,0.09375,0.0952380952380952,0.019047619047619,False,False,True,False,0,0,0,0,0.125,0.3103448275862069,8800000
0.936576116527732,0.0315315315315315,0.0841367896387814,0.0,0.09375,0.0952380952380952,0.019047619047619,False,False,False,True,0,0,0,0,0.125,0.3793103448275862,16000000
0.9120133192883486,0.081081081081081,0.0693570425110174,0.0,0.125,0.1904761904761904,0.0285714285714285,False,True,False,False,1,1,1,1,0.25,0.0344827586206896,13990000
0.8584277463679655,0.072072072072072,0.0605045898042838,0.0,0.125,0.0952380952380952,0.0285714285714285,False,True,False,False,1,1,1,1,0.375,0.0689655172413793,7620000
0.8078445888955912,0.0165165165165165,0.0517291149471739,0.05,0.03125,0.0476190476190476,0.0095238095238095,False,False,False,True,0,0,0,0,0.125,0.4137931034482758,4600000
0.9166940437328606,0.0105105105105105,0.0999364932740603,0.05,0.125,0.0952380952380952,0.019047619047619,False,False,False,True,0,0,0,0,0.125,0.4827586206896552,18700000
0.8536972329584955,0.0135135135135135,0.0810191867290187,0.05,0.0625,0.0952380952380952,0.019047619047619,False,False,False,True,0,0,0,0,0.125,0.4827586206896552,12500000
0.9059495673016328,0.0435435435435435,0.0281546484998941,0.0,0.03125,0.0476190476190476,0.0095238095238095,False,False,False,True,0,0,0,0,0.125,0.3793103448275862,1200000
0.8603199461933002,0.0225225225225225,0.117833843311587,0.1,0.125,0.0952380952380952,0.019047619047619,False,False,False,True,0,0,0,0,0.125,0.4137931034482758,16000000
0.9218669436816356,0.0105105105105105,0.1274560745145584,0.1,0.125,0.0952380952380952,0.019047619047619,False,False,False,True,0,0,0,0,0.125,0.3793103448275862,22500000
0.9125991784463564,0.0345345345345345,0.0307911398495083,0.0,0.03125,0.0476190476190476,0.0095238095238095,False,False,True,False,0,0,0,0,0.125,0.2758620689655172,3800000
0.8737872751030977,0.039039039039039,0.2093989954390624,0.0,0.125,0.0952380952380952,0.0476190476190476,False,True,False,False,1,1,1,1,0.5,0.1034482758620689,17150000
0.7961036744719934,0.012012012012012,0.0948559551988915,0.0,0.15625,0.0476190476190476,0.0285714285714285,False,True,False,False,1,1,1,1,0.375,0.0689655172413793,9100000
0.8413345208290082,0.009009009009009,0.0930854646575447,0.05,0.09375,0.0952380952380952,0.019047619047619,False,False,False,True,0,0,0,0,0.125,0.4137931034482758,13250000
0.9060929038429606,0.0645645645645645,0.063102592229086,0.0,0.28125,0.0952380952380952,0.0857142857142857,False,True,False,False,1,1,1,1,0.25,0.0344827586206896,8500000
0.9008131788806965,0.042042042042042,0.0594653888343629,0.0,0.09375,0.0952380952380952,0.019047619047619,False,False,True,False,0,0,0,0,0.125,0.2068965517241379,7200000
0.8532239593369866,0.045045045045045,0.0652194830937397,0.0,0.0,0.0,0.0,False,False,True,False,0,0,0,0,0.125,0.2068965517241379,11800000
0.9931302905364704,0.036036036036036,0.1012643611800704,0.05,0.09375,0.0952380952380952,0.019047619047619,False,False,False,True,0,0,0,0,0.125,0.4482758620689654,16600000
0.9148053439925832,0.012012012012012,0.0836556780786328,0.05,0.09375,0.0952380952380952,0.019047619047619,False,False,False,True,0,0,0,0,0.125,0.4482758620689654,23000000
0.9694984069526812,0.0405405405405405,0.0598117891576698,0.0,0.09375,0.0952380952380952,0.019047619047619,False,False,False,True,0,0,0,0,0.125,0.4137931034482758,11880000
0.892078047495886,0.0,0.0887362161538017,0.05,0.09375,0.0952380952380952,0.019047619047619,False,False,False,True,0,0,0,0,0.125,0.3793103448275862,16200000
0.8729355338805647,0.0375375375375375,0.0188788176202297,0.0,0.0,0.0,0.0,False,False,False,True,0,0,0,0,0.125,0.5517241379310345,2600000
0.8674849230428947,0.03003003003003,0.142697688740065,0.0,0.09375,0.1428571428571428,0.0380952380952381,False,True,False,False,1,1,1,1,0.625,0.1379310344827586,23000000
0.8745350634872011,0.0,0.0459365317629852,0.0,0.09375,0.0952380952380952,0.019047619047619,False,True,False,False,1,1,1,1,0.25,0.0344827586206896,24500000
0.8603199461933002,0.024024024024024,0.0815387872139791,0.05,0.09375,0.0952380952380952,0.019047619047619,False,False,False,True,0,0,0,0,0.125,0.4137931034482758,15700000
0.8979728911042173,0.0405405405405405,0.0600234782441352,0.0,0.09375,0.0952380952380952,0.019047619047619,True,False,False,False,0,0,0,0,0.125,0.1379310344827586,3000000
0.8691865966554815,0.0615615615615615,0.0284818043607951,0.0,0.0,0.0,0.0,False,False,True,False,0,0,0,0,0.125,0.2068965517241379,3550000
0.8995673870936116,0.0375375375375375,0.1224525142890133,0.05,0.125,0.0952380952380952,0.019047619047619,False,False,False,True,0,0,0,0,0.25,0.6551724137931035,15730000
0.8132494833908481,0.0105105105105105,0.0686065084771856,0.05,0.0625,0.0476190476190476,0.0095238095238095,False,False,False,True,0,0,0,0,0.125,0.4827586206896552,7270000
0.9491496789962072,0.0225225225225225,0.030887362161538,0.05,0.03125,0.0476190476190476,0.0095238095238095,False,False,True,False,0,0,0,0,0.125,0.1724137931034483,7500000
0.8867902221062991,0.0465465465465465,0.0210534418721013,0.0,0.03125,0.0476190476190476,0.0095238095238095,False,False,True,False,0,0,0,0,0.125,0.3103448275862069,2700000
0.8742381838899576,0.033033033033033,0.0225160210149529,0.0,0.0,0.0,0.0,False,False,False,True,0,0,0,0,0.125,0.4482758620689654,3300000
0.8691865966554815,0.06006006006006,0.0518638261840155,0.0,0.0625,0.0952380952380952,0.019047619047619,False,False,True,False,0,0,0,0,0.125,0.2068965517241379,4800000
0.8899351006444647,0.0405405405405405,0.0583684544772241,0.0,0.09375,0.0952380952380952,0.019047619047619,False,False,True,False,0,0,0,0,0.125,0.2068965517241379,6770000
0.9330644729093364,0.036036036036036,0.0756499817177607,0.05,0.09375,0.0952380952380952,0.019047619047619,False,False,False,True,0,0,0,0,0.125,0.3793103448275862,15350000
0.8350484799468916,0.0405405405405405,0.0761888266651271,0.05,0.09375,0.0952380952380952,0.019047619047619,False,False,True,False,0,0,0,0,0.125,0.2413793103448275,6500000
0.8728709088445044,0.021021021021021,0.0249215788156957,0.0,0.03125,0.0476190476190476,0.0095238095238095,False,False,True,False,0,0,0,0,0.125,0.3103448275862069,5280000
0.8824128379557123,0.0,0.0672016627215518,0.0,0.09375,0.0952380952380952,0.019047619047619,False,False,True,False,0,0,0,0,0.125,0.2068965517241379,4300000
0.8711155125741641,0.009009009009009,0.0461097319246386,0.0,0.0625,0.0952380952380952,0.019047619047619,False,False,False,True,0,0,0,0,0.125,0.3448275862068965,7100000
0.8551099529481974,0.018018018018018,0.1039393414544964,0.05,0.09375,0.0952380952380952,0.019047619047619,False,False,False,True,0,0,0,0,0.125,0.3448275862068965,13000000
0.9759167790402898,0.0195195195195195,0.0834824779169794,0.05,0.09375,0.0952380952380952,0.019047619047619,False,False,False,True,0,0,0,0,0.125,0.4827586206896552,24280000
0.8857863837150717,0.054054054054054,0.0284048265111714,0.0,0.09375,0.0952380952380952,0.019047619047619,True,False,False,False,0,0,0,0,0.125,0.1379310344827586,4000000
0.8788993518899417,0.0405405405405405,0.080576564093682,0.0,0.125,0.0952380952380952,0.019047619047619,True,False,False,False,0,0,0,0,0.125,0.1379310344827586,7000000
0.9286848342514986,0.06006006006006,0.0584454323268479,0.0,0.0,0.0,0.0,True,False,False,False,0,0,0,0,0.125,0.1379310344827586,8780000
0.8291132132482346,0.063063063063063,0.0635644593268287,0.0,0.125,0.0952380952380952,0.019047619047619,False,True,False,False,1,1,1,1,0.25,0.0344827586206896,6700000
0.8742381838899576,0.033033033033033,0.0393164366953409,0.05,0.0,0.0,0.0,False,False,False,True,0,0,0,0,0.125,0.4482758620689654,5300000
0.809285638349678,0.012012012012012,0.0505744472028173,0.0,0.0625,0.0952380952380952,0.0095238095238095,False,False,False,True,0,0,0,0,0.125,0.3448275862068965,6720000
0.9035004441049068,0.054054054054054,0.0758231818794142,0.0,0.125,0.0952380952380952,0.019047619047619,True,False,False,False,0,0,0,0,0.125,0.1379310344827586,9000000
0.8756136155286356,0.0225225225225225,0.0144910801916748,0.0,0.0,0.0,0.0,False,False,True,False,0,0,0,0,0.125,0.1379310344827586,1700000
0.9024598088634264,0.0345345345345345,0.0695109982102649,0.05,0.09375,0.0952380952380952,0.019047619047619,False,False,False,True,0,0,0,0,0.125,0.3793103448275862,11700000
0.9715750563929078,0.033033033033033,0.0900063506725939,0.05,0.09375,0.0952380952380952,0.019047619047619,False,False,False,True,0,0,0,0,0.125,0.4482758620689654,15200000
0.8710938023878043,0.0375375375375375,0.0210919307969131,0.0,0.03125,0.0476190476190476,0.0095238095238095,False,False,False,True,0,0,0,0,0.125,0.4482758620689654,3000000
0.8424223833193594,0.012012012012012,0.0796143409733849,0.05,0.09375,0.0952380952380952,0.019047619047619,False,False,True,False,0,0,0,0,0.125,0.1724137931034483,10200000
0.8620123451654536,0.039039039039039,0.0294440274810923,0.0,0.0,0.0,0.0,False,False,True,False,0,0,0,0,0.125,0.1379310344827586,3360000
0.8605471628460464,0.021021021021021,0.0279622038758347,0.05,0.0625,0.0476190476190476,0.0095238095238095,False,False,True,False,0,0,0,0,0.125,0.3103448275862069,6800000
0.8992479069111425,0.0135135135135135,0.0616592575486403,0.05,0.03125,0.0476190476190476,0.0095238095238095,False,False,False,True,0,0,0,0,0.125,0.3448275862068965,8350000
0.8742381838899576,0.0315315315315315,0.0393164366953409,0.05,0.03125,0.0476190476190476,0.0095238095238095,False,False,False,True,0,0,0,0,0.125,0.4482758620689654,5000000
0.9253616257925046,0.0075075075075075,0.0904104843831187,0.05,0.09375,0.0952380952380952,0.019047619047619,False,False,False,True,0,0,0,0,0.125,0.3793103448275862,14000000
0.9618360092282215,0.0405405405405405,0.0743413582741566,0.05,0.09375,0.0952380952380952,0.019047619047619,False,False,True,False,0,0,0,0,0.125,0.2068965517241379,13950000
0.8742381838899576,0.033033033033033,0.0250947789773492,0.0,0.03125,0.0476190476190476,0.0095238095238095,False,False,False,True,0,0,0,0,0.125,0.4482758620689654,3680000
0.9019639097998606,0.0345345345345345,0.0732251794546119,0.05,0.09375,0.0952380952380952,0.019047619047619,False,False,True,False,0,0,0,0,0.125,0.3103448275862069,8550000
0.8077354831257821,0.012012012012012,0.1325943459769451,0.0,0.09375,0.1904761904761904,0.0476190476190476,False,True,False,False,1,1,1,1,0.5,0.1034482758620689,17150000
0.9491496789962072,0.0225225225225225,0.0209764640224775,0.0,0.0,0.0,0.0,False,False,True,False,0,0,0,0,0.125,0.1724137931034483,6460000
0.9046659330572596,0.0,0.0320805188307064,0.0,0.0625,0.0476190476190476,0.0095238095238095,False,False,True,False,0,0,0,0,0.125,0.2068965517241379,5250000
0.8859266483623003,0.0,0.0685295306275619,0.0,0.09375,0.0952380952380952,0.0095238095238095,True,False,False,False,0,0,0,0,0.125,0.1379310344827586,6100000
0.8864297639625249,0.0225225225225225,0.1303812328002617,0.05,0.0625,0.0476190476190476,0.019047619047619,False,False,False,True,0,0,0,0,0.125,0.4482758620689654,16100000
0.8938482863451611,0.0285285285285285,0.0847141235109597,0.0,0.09375,0.0952380952380952,0.019047619047619,False,False,True,False,0,0,0,0,0.125,0.2068965517241379,16900000
0.8432597231476961,0.063063063063063,0.0596963223832342,0.0,0.21875,0.0952380952380952,0.0476190476190476,False,True,False,False,1,1,1,1,0.25,0.0344827586206896,15000000
0.8064223604054348,0.0,0.0754575370937012,0.05,0.0625,0.0476190476190476,0.0095238095238095,False,False,False,True,0,0,0,0,0.125,0.4827586206896552,11000000
0.8826328197863234,0.039039039039039,0.0746300252102457,0.05,0.09375,0.0952380952380952,0.019047619047619,False,False,False,True,0,0,0,0,0.125,0.4827586206896552,13580000
0.9013404816813876,0.0405405405405405,0.039258703308123,0.0,0.09375,0.0952380952380952,0.0285714285714285,False,False,True,False,0,0,0,0,0.125,0.1379310344827586,5320000
0.81049387085082,0.021021021021021,0.0170121047668533,0.0,0.0,0.0,0.0,False,False,True,False,0,0,0,0,0.125,0.1724137931034483,1280000
0.9664417165487292,0.009009009009009,0.0795950965109789,0.05,0.0625,0.0952380952380952,0.0095238095238095,False,False,False,True,0,0,0,0,0.125,0.896551724137931,20250000
0.7645812924161248,0.0,0.132959990762658,0.1,0.0625,0.0952380952380952,0.019047619047619,False,False,True,False,0,0,0,0,0.125,0.1379310344827586,13000000
0.8751801529771228,0.0555555555555555,0.0631410811538979,0.0,0.09375,0.0952380952380952,0.019047619047619,True,False,False,False,0,0,0,0,0.125,0.1379310344827586,7500000
0.8572597550990793,0.048048048048048,0.1561688124242249,0.0,0.1875,0.0952380952380952,0.0285714285714285,False,True,False,False,1,1,1,1,0.5,0.1034482758620689,22500000
0.9075358856792376,0.027027027027027,0.0329465196389738,0.0,0.0,0.0,0.0,False,False,False,True,0,0,0,0,0.125,0.4137931034482758,3500000
0.9186393346864749,0.0,0.0688566864884629,0.05,0.0625,0.0952380952380952,0.0095238095238095,False,False,False,True,0,0,0,0,0.125,0.4827586206896552,17800000
0.9769560643318584,0.018018018018018,0.0951253776725747,0.05,0.09375,0.0952380952380952,0.019047619047619,False,False,False,True,0,0,0,0,0.125,0.4827586206896552,20500000
0.9123886475829864,0.0,0.0733791351538594,0.0,0.15625,0.0952380952380952,0.0285714285714285,False,True,False,False,1,1,1,1,0.25,0.0344827586206896,13500000
0.900699700713119,0.0,0.0262109577968939,0.0,0.03125,0.0476190476190476,0.0095238095238095,False,False,True,False,0,0,0,0,0.125,0.2413793103448275,2600000
0.951754911856483,0.0165165165165165,0.1120605045898042,0.05,0.09375,0.0952380952380952,0.019047619047619,False,False,False,True,0,0,0,0,0.125,0.4482758620689654,22680000
0.8738190377779631,0.036036036036036,0.1237226488078055,0.0,0.1875,0.238095238095238,0.0476190476190476,False,True,False,False,1,1,1,1,0.5,0.1034482758620689,23500000
0.8710938023878043,0.036036036036036,0.0285587822104189,0.05,0.03125,0.0476190476190476,0.0095238095238095,False,False,False,True,0,0,0,0,0.125,0.4482758620689654,1800000
0.8270571785129164,0.009009009009009,0.0662201951388487,0.0,0.09375,0.0952380952380952,0.0285714285714285,False,False,True,False,0,0,0,0,0.125,0.1379310344827586,6700000
0.8820416839931227,0.0345345345345345,0.042299328368262,0.0,0.0625,0.0952380952380952,0.0095238095238095,False,False,False,True,0,0,0,0,0.125,0.6896551724137931,6550000
0.8048250844877316,0.0225225225225225,0.0649885495448684,0.0,0.09375,0.0952380952380952,0.019047619047619,False,False,False,True,0,0,0,0,0.125,0.4137931034482758,7000000
0.8923424126305122,0.0,0.0599465003945114,0.0,0.125,0.0952380952380952,0.0285714285714285,False,True,False,False,1,1,1,1,0.375,0.0689655172413793,10000000
0.7762524800056951,0.03003003003003,0.1110020591574774,0.0,0.15625,0.0952380952380952,0.0285714285714285,False,True,False,False,1,1,1,1,0.5,0.1034482758620689,10700000
0.8521107159320707,0.021021021021021,0.0529030271539364,0.05,0.03125,0.0476190476190476,0.0095238095238095,False,False,False,True,0,0,0,0,0.125,0.4827586206896552,6700000
0.9121823468137508,0.009009009009009,0.0897369281989107,0.05,0.09375,0.0952380952380952,0.019047619047619,False,False,False,True,0,0,0,0,0.125,0.4482758620689654,20900000
0.8812496513193082,0.039039039039039,0.0786136289282758,0.05,0.09375,0.0952380952380952,0.019047619047619,False,False,True,False,0,0,0,0,0.125,0.2068965517241379,8750000
0.8499160160754684,0.036036036036036,0.0187441063833881,0.0,0.03125,0.0476190476190476,0.0095238095238095,True,False,False,False,0,0,0,0,0.125,0.1034482758620689,1250000
0.8946586437712654,0.021021021021021,0.0655851278794526,0.0,0.09375,0.0952380952380952,0.019047619047619,False,False,False,True,0,0,0,0,0.125,0.9310344827586208,13750000
0.9021913414025846,0.0465465465465465,0.0840405673267517,0.05,0.125,0.0952380952380952,0.019047619047619,False,False,True,False,0,0,0,0,0.125,0.1379310344827586,11650000
0.9087827064605564,0.045045045045045,0.016454015357081,0.0,0.0,0.0,0.0,False,False,True,False,0,0,0,0,0.125,0.1379310344827586,1200000
0.7670477154055391,0.0,0.0674325962704231,0.05,0.09375,0.0952380952380952,0.019047619047619,False,False,True,False,0,0,0,0,0.125,0.1379310344827586,8500000
0.9698010057595924,0.0375375375375375,0.0563285414621942,0.05,0.09375,0.0952380952380952,0.019047619047619,False,False,False,True,0,0,0,0,0.125,0.4137931034482758,11500000
0.8801389963373083,0.0,0.0799607412966918,0.05,0.0625,0.0476190476190476,0.0095238095238095,False,False,False,True,0,0,0,0,0.125,0.4482758620689654,14990000
0.8171805006887212,0.0345345345345345,0.1160248638454284,0.0,0.15625,0.0952380952380952,0.0285714285714285,False,True,False,False,1,1,1,1,0.375,0.0689655172413793,15500000
0.9639875851140688,0.0165165165165165,0.1029771183341993,0.05,0.125,0.0952380952380952,0.019047619047619,False,False,False,True,0,0,0,0,0.125,0.4482758620689654,25500000
0.8929766889195605,0.0,0.1104247252852991,0.05,0.125,0.0952380952380952,0.019047619047619,False,False,True,False,0,0,0,0,0.125,0.2068965517241379,11000000
0.9618360092282215,0.039039039039039,0.0713007332140176,0.05,0.09375,0.0952380952380952,0.019047619047619,False,False,True,False,0,0,0,0,0.125,0.2413793103448275,13200000
0.8398624916481481,0.0105105105105105,0.0549621846313723,0.05,0.09375,0.0952380952380952,0.019047619047619,False,False,False,True,0,0,0,0,0.125,0.4827586206896552,2600000
0.8664207860964552,0.0,0.0319073186690529,0.0,0.0625,0.0952380952380952,0.0095238095238095,True,False,False,False,0,0,0,0,0.125,0.1034482758620689,3200000
0.9014549383001054,0.045045045045045,0.0918730635259704,0.0,0.125,0.0952380952380952,0.019047619047619,False,False,False,True,0,0,0,0,0.125,0.5172413793103449,10800000
0.8220351331301288,0.0255255255255255,0.134961414852876,0.0,0.125,0.1428571428571428,0.0380952380952381,False,True,False,False,1,1,1,1,0.625,0.1379310344827586,17300000
0.9304784375998169,0.0495495495495495,0.0709928218155225,0.0,0.125,0.0952380952380952,0.019047619047619,True,False,False,False,0,0,0,0,0.125,0.1379310344827586,9000000
0.8551099529481974,0.018018018018018,0.1023612955372091,0.05,0.09375,0.0952380952380952,0.019047619047619,False,False,False,True,0,0,0,0,0.125,0.3448275862068965,13900000
0.8750556560792404,0.048048048048048,0.0435502184246483,0.0,0.09375,0.0952380952380952,0.0095238095238095,True,False,False,False,0,0,0,0,0.125,0.1379310344827586,3800000
0.8475762804972362,0.0,0.0720897561726613,0.05,0.09375,0.0952380952380952,0.019047619047619,False,False,True,False,0,0,0,0,0.125,0.1379310344827586,14200000
0.9130124678496544,0.036036036036036,0.0674133518080172,0.05,0.09375,0.0952380952380952,0.019047619047619,False,False,False,True,0,0,0,0,0.125,0.3793103448275862,11500000
0.9019344908310812,0.033033033033033,0.1053826761349421,0.05,0.09375,0.0952380952380952,0.019047619047619,False,False,True,False,0,0,0,0,0.125,0.2068965517241379,8000000
0.8857368906494401,0.0,0.0461097319246386,0.0,0.125,0.0952380952380952,0.0285714285714285,False,True,False,False,1,1,1,1,0.25,0.0344827586206896,14700000
0.9759167790402898,0.0195195195195195,0.0843292342628408,0.05,0.09375,0.0952380952380952,0.019047619047619,False,False,False,True,0,0,0,0,0.125,0.4827586206896552,20000000
0.963533401756564,0.0405405405405405,0.1384446625483517,0.0,0.21875,0.0952380952380952,0.0380952380952381,False,True,False,False,1,1,1,1,0.5,0.1034482758620689,25600000
0.8727225124086999,0.0615615615615615,0.0570213421088081,0.0,0.0,0.0,0.0,False,False,True,False,0,0,0,0,0.125,0.3103448275862069,7500000
0.8025978236386493,0.0,0.1107133922213882,0.05,0.09375,0.0952380952380952,0.019047619047619,False,False,True,False,0,0,0,0,0.125,0.2758620689655172,11800000
0.8089779833253203,0.039039039039039,0.096357023266555,0.0,0.125,0.0952380952380952,0.0285714285714285,False,True,False,False,1,1,1,1,0.375,0.0689655172413793,6600000
0.8573991441959663,0.051051051051051,0.0580028096915112,0.0,0.09375,0.0952380952380952,0.019047619047619,True,False,False,False,0,0,0,0,0.125,0.1379310344827586,3900000
0.8473884538373682,0.0,0.1377326174393318,0.0,0.125,0.0952380952380952,0.0285714285714285,False,True,False,False,1,1,1,1,0.5,0.1034482758620689,22800000
0.900699700713119,0.0,0.0476107999923022,0.0,0.0625,0.0476190476190476,0.0095238095238095,False,False,True,False,0,0,0,0,0.125,0.2413793103448275,6200000
0.8740984608937481,0.012012012012012,0.0484383118757577,0.0,0.09375,0.0952380952380952,0.019047619047619,False,False,True,False,0,0,0,0,0.125,0.2068965517241379,10500000
0.8797489371327174,0.06006006006006,0.0344860766314493,0.0,0.0625,0.0476190476190476,0.0095238095238095,True,False,False,False,0,0,0,0,0.125,0.1034482758620689,3800000
0.8831327824600521,0.039039039039039,0.0455901314396782,0.0,0.0625,0.0952380952380952,0.0095238095238095,True,False,False,False,0,0,0,0,0.125,0.1379310344827586,5800000
0.7912090683297777,0.039039039039039,0.0593884109847391,0.0,0.09375,0.0952380952380952,0.019047619047619,False,False,False,True,0,0,0,0,0.125,0.3448275862068965,2800000
0.8595328134913984,0.0195195195195195,0.1232992706348748,0.0,0.125,0.0952380952380952,0.0285714285714285,False,True,False,False,1,1,1,1,0.5,0.1034482758620689,18000000
0.822543092805688,0.042042042042042,0.0737062910147604,0.05,0.09375,0.0952380952380952,0.019047619047619,False,False,True,False,0,0,0,0,0.125,0.2068965517241379,6750000
0.884173380174758,0.0,0.0642765044358485,0.05,0.0625,0.0952380952380952,0.0095238095238095,False,False,True,False,0,0,0,0,0.125,0.3103448275862069,11980000
0.8556784513398838,0.0195195195195195,0.0604853453418778,0.05,0.0625,0.0476190476190476,0.0095238095238095,False,False,False,True,0,0,0,0,0.125,0.4137931034482758,10750000
0.983296026337058,0.0045045045045045,0.0567519196351249,0.05,0.09375,0.0952380952380952,0.019047619047619,False,False,True,False,0,0,0,0,0.125,0.2413793103448275,11000000
0.8864297639625249,0.021021021021021,0.0877739930335046,0.05,0.09375,0.0952380952380952,0.019047619047619,False,False,False,True,0,0,0,0,0.125,0.4482758620689654,13250000
0.9423156835264024,0.036036036036036,0.0204183746127051,0.0,0.0,0.0,0.0,False,False,True,False,0,0,0,0,0.125,0.1724137931034483,3900000
0.8995874959304615,0.0,0.0771895387102361,0.0,0.09375,0.0952380952380952,0.019047619047619,False,False,False,True,0,0,0,0,0.125,0.3793103448275862,8150000
0.8905986583423555,0.0,0.0448395974058464,0.0,0.09375,0.0952380952380952,0.0095238095238095,True,False,False,False,0,0,0,0,0.125,0.1379310344827586,4850000
0.9125991784463564,0.0345345345345345,0.0428959067028462,0.05,0.03125,0.0476190476190476,0.0095238095238095,False,False,True,False,0,0,0,0,0.125,0.2758620689655172,5210000
0.9424097144018616,0.0105105105105105,0.1111560148567249,0.05,0.15625,0.0952380952380952,0.019047619047619,False,False,False,True,0,0,0,0,0.125,0.3793103448275862,24000000
0.8596974750407185,0.0195195195195195,0.0381040355637665,0.05,0.09375,0.0952380952380952,0.019047619047619,False,False,True,False,0,0,0,0,0.125,0.3103448275862069,8200000
0.8450680448966921,0.06006006006006,0.0502472913419163,0.0,0.0,0.0,0.0,False,True,False,False,1,1,1,1,0.25,0.0344827586206896,6370000
0.835482072799067,0.042042042042042,0.0669514847102746,0.0,0.09375,0.0952380952380952,0.019047619047619,False,False,True,False,0,0,0,0,0.125,0.2068965517241379,7350000
0.8489755948362756,0.0,0.0980890248830898,0.0,0.125,0.0952380952380952,0.019047619047619,False,True,False,False,1,1,1,1,0.125,0.0,20000000
0.8810405855312524,0.024024024024024,0.1291880761310932,0.1,0.125,0.0952380952380952,0.019047619047619,False,False,True,False,0,0,0,0,0.125,0.2413793103448275,15000000
0.9034353451070558,0.0435435435435435,0.0545965398456594,0.0,0.0625,0.0952380952380952,0.0095238095238095,True,False,False,False,0,0,0,0,0.125,0.1379310344827586,7000000
0.8913570276343421,0.021021021021021,0.1397532859919558,0.05,0.125,0.0952380952380952,0.019047619047619,False,False,False,True,0,0,0,0,0.125,0.9655172413793104,25000000
0.8603199461933002,0.021021021021021,0.0858880357177222,0.05,0.09375,0.0952380952380952,0.019047619047619,False,False,False,True,0,0,0,0,0.125,0.4137931034482758,15150000
0.9947906776084494,0.0285285285285285,0.0279429594134287,0.0,0.03125,0.0476190476190476,0.0095238095238095,False,False,True,False,0,0,0,0,0.125,0.1034482758620689,4880000
0.995035180959178,0.0285285285285285,0.0189365510074476,0.0,0.03125,0.0476190476190476,0.0095238095238095,False,False,True,False,0,0,0,0,0.125,0.1724137931034483,2980000
0.8747592683729977,0.0195195195195195,0.0203413967630814,0.0,0.03125,0.0476190476190476,0.0095238095238095,False,False,False,True,0,0,0,0,0.125,0.3448275862068965,4900000
0.8883294612802217,0.0375375375375375,0.0940861767026538,0.05,0.125,0.0952380952380952,0.019047619047619,False,False,False,True,0,0,0,0,0.125,0.4482758620689654,11600000
0.8734382315827247,0.039039039039039,0.0608317456651848,0.05,0.09375,0.0952380952380952,0.0095238095238095,False,False,True,False,0,0,0,0,0.125,0.2068965517241379,7880000
0.923854165084947,0.0225225225225225,0.0409907049246579,0.05,0.0625,0.0476190476190476,0.0095238095238095,False,False,True,False,0,0,0,0,0.125,0.1724137931034483,7760000
0.882474529336065,0.0045045045045045,0.0690106421877104,0.05,0.0625,0.0952380952380952,0.0095238095238095,False,False,True,False,0,0,0,0,0.125,0.3103448275862069,14400000
0.8751017793421738,0.045045045045045,0.0709543328907107,0.0,0.09375,0.0952380952380952,0.019047619047619,False,False,True,False,0,0,0,0,0.125,0.2068965517241379,5000000
0.8556784513398838,0.021021021021021,0.0853299463079498,0.05,0.09375,0.0952380952380952,0.019047619047619,False,False,False,True,0,0,0,0,0.125,0.4137931034482758,14000000
0.884173380174758,0.0,0.1014760502665357,0.05,0.09375,0.0952380952380952,0.019047619047619,False,False,True,False,0,0,0,0,0.125,0.3103448275862069,21150000
0.899458496525881,0.0,0.0358331889998652,0.05,0.03125,0.0476190476190476,0.0095238095238095,False,False,True,False,0,0,0,0,0.125,0.2068965517241379,16460000
0.8472355542583614,0.009009009009009,0.0888901718530492,0.05,0.09375,0.0952380952380952,0.019047619047619,False,False,True,False,0,0,0,0,0.125,0.3103448275862069,14280000
0.8551099529481974,0.0195195195195195,0.1039393414544964,0.05,0.09375,0.0952380952380952,0.019047619047619,False,False,True,False,0,0,0,0,0.125,0.3103448275862069,14820000
0.8792190331442384,0.051051051051051,0.0793256740372957,0.0,0.125,0.0952380952380952,0.0380952380952381,False,True,False,False,1,1,1,1,0.625,0.1379310344827586,10000000
0.838560281332775,0.0405405405405405,0.1001481823605257,0.0,0.03125,0.0476190476190476,0.0095238095238095,False,False,False,True,0,0,0,0,0.25,0.3793103448275862,8860000
0.8918700366129713,0.051051051051051,0.0614860573869868,0.0,0.09375,0.0952380952380952,0.019047619047619,True,False,False,False,0,0,0,0,0.125,0.1379310344827586,6000000
0.8296263108757955,0.063063063063063,0.0598310336200758,0.0,0.09375,0.0952380952380952,0.019047619047619,False,True,False,False,1,1,1,1,0.25,0.0344827586206896,9200000
0.8956371979105313,0.024024024024024,0.2024517445105171,0.0,0.09375,0.0952380952380952,0.0380952380952381,False,True,False,False,1,1,1,1,0.5,0.1034482758620689,23000000
0.8766255400072112,0.0,0.0485537786501934,0.0,0.09375,0.0952380952380952,0.019047619047619,True,False,False,False,0,0,0,0,0.125,0.1379310344827586,4500000
0.9715750563929078,0.033033033033033,0.0900448395974058,0.05,0.125,0.0952380952380952,0.019047619047619,False,False,False,True,0,0,0,0,0.125,0.4482758620689654,15000000
0.8088326833934047,0.0,0.0347554991051324,0.0,0.03125,0.0476190476190476,0.0095238095238095,False,False,True,False,0,0,0,0,0.125,0.3103448275862069,5700000
0.8810385619395902,0.0,0.0881396378192175,0.05,0.09375,0.0952380952380952,0.019047619047619,False,False,True,False,0,0,0,0,0.125,0.3103448275862069,10780000
0.8791554919226883,0.0345345345345345,0.0905067066951484,0.05,0.09375,0.0952380952380952,0.019047619047619,False,False,True,False,0,0,0,0,0.125,0.3103448275862069,11200000
0.8428065933507867,0.051051051051051,0.0734753574658892,0.0,0.125,0.0952380952380952,0.019047619047619,False,True,False,False,1,1,1,1,0.25,0.0344827586206896,11000000
0.8550832826298063,0.069069069069069,0.0574832092065508,0.0,0.09375,0.0952380952380952,0.019047619047619,False,True,False,False,1,1,1,1,0.25,0.0344827586206896,6250000
0.8531246170122984,0.0225225225225225,0.1146777514770125,0.0,0.0,0.0,0.0,False,True,False,False,1,1,1,1,0.5,0.1034482758620689,8000000
0.9694984069526812,0.042042042042042,0.0683563304659084,0.0,0.09375,0.0952380952380952,0.019047619047619,False,False,False,True,0,0,0,0,0.125,0.4137931034482758,11250000
0.9125991784463564,0.0345345345345345,0.0428959067028462,0.05,0.03125,0.0476190476190476,0.0095238095238095,False,False,True,False,0,0,0,0,0.125,0.2758620689655172,5500000
0.914302519087272,0.033033033033033,0.0767469160748994,0.05,0.09375,0.0952380952380952,0.019047619047619,False,False,True,False,0,0,0,0,0.125,0.1379310344827586,11800000
0.9075358856792376,0.027027027027027,0.0270192252179435,0.0,0.0,0.0,0.0,False,False,False,True,0,0,0,0,0.125,0.4137931034482758,3700000
0.8799816366598634,0.0495495495495495,0.1209514462213498,0.0,0.15625,0.0952380952380952,0.0380952380952381,False,True,False,False,1,1,1,1,0.375,0.0689655172413793,21600000
0.8778032672103393,0.0375375375375375,0.1324211458152916,0.0,0.125,0.0952380952380952,0.0285714285714285,False,True,False,False,1,1,1,1,0.375,0.0689655172413793,14380000
0.9758787583762398,0.0405405405405405,0.0629486365298385,0.05,0.09375,0.0952380952380952,0.019047619047619,False,False,True,False,0,0,0,0,0.125,0.2068965517241379,11520000
0.988240747027163,0.012012012012012,0.1111175259319131,0.1,0.0,0.0,0.0,False,False,True,False,0,0,0,0,0.125,0.2758620689655172,17100000
0.8841410003319652,0.0255255255255255,0.0465138656351634,0.05,0.03125,0.0476190476190476,0.0095238095238095,False,False,True,False,0,0,0,0,0.125,0.1034482758620689,5090000
0.81049387085082,0.021021021021021,0.0164925042818928,0.0,0.0,0.0,0.0,False,False,True,False,0,0,0,0,0.125,0.1724137931034483,1280000
0.8629035934013984,0.0405405405405405,0.0673171294959875,0.05,0.0625,0.0952380952380952,0.0095238095238095,False,False,True,False,0,0,0,0,0.125,0.2068965517241379,8000000
0.7993117494500837,0.0435435435435435,0.1372899948039951,0.0,0.15625,0.0952380952380952,0.0380952380952381,False,True,False,False,1,1,1,1,0.5,0.1034482758620689,13890000
0.8956965982249869,0.0615615615615615,0.0532301830148374,0.0,0.09375,0.0952380952380952,0.019047619047619,True,False,False,False,0,0,0,0,0.125,0.1379310344827586,6380000
0.8901644735281593,0.0,0.0515944037103323,0.0,0.0625,0.0952380952380952,0.0095238095238095,True,False,False,False,0,0,0,0,0.125,0.1034482758620689,5100000
0.9713499751145208,0.0015015015015015,0.0625637472817196,0.05,0.0625,0.0952380952380952,0.0095238095238095,False,False,False,True,0,0,0,0,0.125,0.7931034482758621,17000000
0.8752763281196678,0.0465465465465465,0.0325038970036372,0.0,0.03125,0.0476190476190476,0.0095238095238095,False,False,False,True,0,0,0,0,0.125,0.3793103448275862,3000000
0.8350484799468916,0.039039039039039,0.0458403094509554,0.05,0.0625,0.0952380952380952,0.0095238095238095,False,False,True,False,0,0,0,0,0.125,0.2413793103448275,4500000
0.9019639097998606,0.0345345345345345,0.0834824779169794,0.05,0.09375,0.0952380952380952,0.019047619047619,True,False,False,False,0,0,0,0,0.125,0.1379310344827586,4800000
0.8752125417884713,0.0465465465465465,0.0189557954698535,0.0,0.03125,0.0476190476190476,0.0095238095238095,False,False,True,False,0,0,0,0,0.125,0.1379310344827586,3880000
0.8747592683729977,0.018018018018018,0.020803263860824,0.0,0.0,0.0,0.0,False,False,False,True,0,0,0,0,0.125,0.3448275862068965,2850000
0.7893422526948086,0.0,0.0535765833381444,0.0,0.0625,0.0952380952380952,0.019047619047619,False,False,False,True,0,0,0,0,0.125,0.3448275862068965,3450000
0.8896631460633841,0.0675675675675675,0.0522487154321344,0.0,0.15625,0.0952380952380952,0.0285714285714285,False,True,False,False,1,1,1,1,0.25,0.0344827586206896,8309068
0.877060305281816,0.0,0.0599849893193233,0.0,0.125,0.0952380952380952,0.0285714285714285,False,True,False,False,1,1,1,1,0.25,0.0344827586206896,12020000
0.8729355338805647,0.036036036036036,0.0757462040297904,0.0,0.125,0.0952380952380952,0.019047619047619,False,False,False,True,0,0,0,0,0.125,0.5517241379310345,9360000
0.8603199461933002,0.021021021021021,0.0632757923907395,0.05,0.0625,0.0952380952380952,0.0095238095238095,False,False,False,True,0,0,0,0,0.125,0.4137931034482758,10300000
0.8992057600431735,0.0405405405405405,0.0551931181802436,0.05,0.0625,0.0952380952380952,0.0095238095238095,False,False,True,False,0,0,0,0,0.125,0.2068965517241379,7650000
0.8182331521336721,0.042042042042042,0.1708523372399591,0.0,0.15625,0.0952380952380952,0.0285714285714285,False,True,False,False,1,1,1,1,0.5,0.1034482758620689,13800000
0.8524890670175864,0.018018018018018,0.0937975097665646,0.05,0.0,0.0,0.0,False,False,False,True,0,0,0,0,0.125,0.4827586206896552,13000000
0.8025583276644852,0.012012012012012,0.0631410811538979,0.05,0.09375,0.0952380952380952,0.019047619047619,False,False,True,False,0,0,0,0,0.125,0.2758620689655172,7800000
0.8839297370578265,0.033033033033033,0.0407212824509747,0.0,0.0625,0.0476190476190476,0.0095238095238095,False,False,False,True,0,0,0,0,0.125,0.6551724137931035,7450000
0.9011321471331256,0.048048048048048,0.154456055270096,0.0,0.15625,0.0952380952380952,0.0571428571428571,False,True,False,False,1,1,1,1,0.5,0.1034482758620689,15800000
0.8826158707952345,0.0225225225225225,0.0626599695937494,0.0,0.09375,0.0952380952380952,0.019047619047619,False,False,True,False,0,0,0,0,0.125,0.2413793103448275,16280000
0.9048157542840158,0.042042042042042,0.0693377980486115,0.05,0.0625,0.0952380952380952,0.0095238095238095,False,False,False,True,0,0,0,0,0.125,0.5172413793103449,5500000
0.8088326833934047,0.0,0.0328502973269441,0.0,0.03125,0.0476190476190476,0.0095238095238095,False,False,True,False,0,0,0,0,0.125,0.3103448275862069,3980000
0.8779306000466534,0.0375375375375375,0.0165117487442988,0.0,0.0,0.0,0.0,False,False,False,True,0,0,0,0,0.125,0.3793103448275862,2150000
0.951754911856483,0.0165165165165165,0.098050535958278,0.05,0.09375,0.0952380952380952,0.019047619047619,False,False,False,True,0,0,0,0,0.125,0.3793103448275862,20500000
0.8080157974312101,0.039039039039039,0.1154475299732502,0.0,0.125,0.0952380952380952,0.0285714285714285,False,True,False,False,1,1,1,1,0.5,0.1034482758620689,7800000
0.936576116527732,0.0315315315315315,0.0839635894771279,0.0,0.09375,0.0952380952380952,0.019047619047619,False,False,False,True,0,0,0,0,0.125,0.3793103448275862,15700000
0.8504448778540166,0.036036036036036,0.0173200161653484,0.0,0.03125,0.0476190476190476,0.0095238095238095,True,False,False,False,0,0,0,0,0.125,0.1379310344827586,800000
0.9023028313066276,0.048048048048048,0.0458403094509554,0.0,0.09375,0.0476190476190476,0.0095238095238095,True,False,False,False,0,0,0,0,0.125,0.1379310344827586,4000000
0.9000186107693366,0.045045045045045,0.039624348093836,0.0,0.0,0.0,0.0,False,False,True,False,0,0,0,0,0.125,0.2068965517241379,5700000
0.8523138541421531,0.0,0.1254354059619344,0.05,0.125,0.0952380952380952,0.019047619047619,False,False,False,True,0,0,0,0,0.125,0.3793103448275862,19350000
0.9423156835264024,0.036036036036036,0.0222658430036756,0.0,0.0,0.0,0.0,False,False,True,False,0,0,0,0,0.125,0.1724137931034483,3980000
0.9608340090433104,0.054054054054054,0.0686065084771856,0.0,0.125,0.0952380952380952,0.019047619047619,False,True,False,False,1,1,1,1,0.25,0.0344827586206896,20300000
0.8523710616489382,0.0315315315315315,0.0350826549660335,0.0,0.0,0.0,0.0,True,False,False,False,0,0,0,0,0.125,0.1379310344827586,2450000
0.8764459203570993,0.0375375375375375,0.0757462040297904,0.05,0.09375,0.0952380952380952,0.019047619047619,False,False,False,True,0,0,0,0,0.125,0.4137931034482758,9740000
0.8504080620708976,0.0075075075075075,0.1511075188114619,0.0,0.1875,0.0952380952380952,0.0666666666666666,False,True,False,False,1,1,1,1,0.5,0.1034482758620689,18880000
0.8965439585410877,0.021021021021021,0.0309066066239439,0.1,0.03125,0.0476190476190476,0.0095238095238095,False,False,True,False,0,0,0,0,0.125,0.2068965517241379,6820000
0.8864352752262334,0.0,0.0578680984546696,0.0,0.09375,0.0952380952380952,0.0095238095238095,True,False,False,False,0,0,0,0,0.125,0.1379310344827586,7000000
0.8917694790143855,0.0225225225225225,0.0253834459134384,0.0,0.03125,0.0476190476190476,0.0095238095238095,False,False,True,False,0,0,0,0,0.125,0.2758620689655172,3970000
0.8061799243774885,0.0015015015015015,0.1073456113003483,0.0,0.09375,0.0952380952380952,0.0285714285714285,False,True,False,False,1,1,1,1,0.375,0.0689655172413793,19100000
0.8117385757117574,0.0,0.0803263860824047,0.0,0.125,0.0952380952380952,0.0285714285714285,False,True,False,False,1,1,1,1,0.25,0.0344827586206896,4310000
0.8010521465833733,0.0,0.0705501991801858,0.0,0.09375,0.0952380952380952,0.019047619047619,False,True,False,False,1,1,1,1,0.25,0.0344827586206896,7050000
0.8877262010272773,0.0285285285285285,0.1215865134807459,0.0,0.15625,0.1428571428571428,0.0380952380952381,False,True,False,False,1,1,1,1,0.625,0.1379310344827586,21000000
0.8542031365149967,0.0,0.1395993302927082,0.0,0.125,0.0952380952380952,0.019047619047619,False,True,False,False,1,1,1,1,0.5,0.1034482758620689,24200000
0.9017007441495366,0.0,0.0501510690298866,0.0,0.15625,0.1428571428571428,0.0285714285714285,False,True,False,False,1,1,1,1,0.25,0.0344827586206896,16800000
0.848311967045845,0.006006006006006,0.0871966591613263,0.05,0.09375,0.0952380952380952,0.019047619047619,False,False,True,False,0,0,0,0,0.125,0.2068965517241379,14800000
0.9479791308119444,0.0,0.041972172507361,0.0,0.0625,0.0952380952380952,0.0095238095238095,True,False,False,False,0,0,0,0,0.125,0.1034482758620689,4500000
0.8132494833908481,0.009009009009009,0.0911802628793564,0.05,0.09375,0.0952380952380952,0.019047619047619,False,False,False,True,0,0,0,0,0.125,0.4827586206896552,10000000
0.8536972329584955,0.012012012012012,0.0612743683005215,0.05,0.03125,0.0476190476190476,0.0095238095238095,False,False,False,True,0,0,0,0,0.125,0.4827586206896552,6800000
0.8675004736678602,0.045045045045045,0.0726863345072455,0.0,0.09375,0.0952380952380952,0.019047619047619,True,False,False,False,0,0,0,0,0.125,0.1379310344827586,3980000
0.7970474224416648,0.051051051051051,0.080557319631276,0.0,0.09375,0.0952380952380952,0.019047619047619,True,False,False,False,0,0,0,0,0.125,0.1034482758620689,4500000
0.8917694790143855,0.0225225225225225,0.0198217962781209,0.0,0.03125,0.0476190476190476,0.0095238095238095,False,False,True,False,0,0,0,0,0.125,0.2758620689655172,3900000
0.8815652835054948,0.0765765765765765,0.1555914785520466,0.0,0.03125,0.0476190476190476,0.0095238095238095,False,True,False,False,1,1,1,1,0.375,0.0689655172413793,2921932
0.9621000459553954,0.015015015015015,0.0692993091237996,0.05,0.0625,0.0952380952380952,0.0095238095238095,False,False,False,True,0,0,0,0,0.125,0.3793103448275862,16420000
0.8056295769107464,0.003003003003003,0.0830013663568308,0.05,0.09375,0.0952380952380952,0.0095238095238095,False,False,False,True,0,0,0,0,0.125,0.4827586206896552,8500000
0.875751292324253,0.003003003003003,0.0687412197140272,0.05,0.0625,0.0952380952380952,0.0095238095238095,False,False,True,False,0,0,0,0,0.125,0.3103448275862069,12850000
0.7802242305696723,0.0,0.1286684756461328,0.0,0.09375,0.1428571428571428,0.0380952380952381,False,True,False,False,1,1,1,1,0.5,0.1034482758620689,13000000
0.8084738213467801,0.021021021021021,0.085272212920732,0.1,0.09375,0.0952380952380952,0.019047619047619,False,False,True,False,0,0,0,0,0.125,0.1724137931034483,10000000
0.8551099529481974,0.018018018018018,0.1040355637665261,0.05,0.09375,0.0952380952380952,0.019047619047619,False,False,False,True,0,0,0,0,0.125,0.4482758620689654,13680000
0.8729355338805647,0.036036036036036,0.0279429594134287,0.0,0.03125,0.0476190476190476,0.0095238095238095,False,False,False,True,0,0,0,0,0.125,0.5517241379310345,3820000
0.8801954909388314,0.0,0.0474568442930546,0.0,0.0,0.0,0.0,True,False,False,False,0,0,0,0,0.125,0.1379310344827586,5650000
0.8411693070452486,0.009009009009009,0.1760675865519696,0.0,0.1875,0.1428571428571428,0.0380952380952381,False,True,False,False,1,1,1,1,0.625,0.1379310344827586,20200000
0.8551099529481974,0.018018018018018,0.1093470353905663,0.05,0.09375,0.0952380952380952,0.0285714285714285,False,False,False,True,0,0,0,0,0.125,0.3448275862068965,16500000
0.7937747817665581,0.0,0.0549429401689663,0.05,0.09375,0.0952380952380952,0.019047619047619,False,False,True,False,0,0,0,0,0.125,0.1379310344827586,6000000
0.9678751092178288,0.066066066066066,0.0559628966764813,0.0,0.0,0.0,0.0,False,True,False,False,1,1,1,1,0.25,0.0344827586206896,10100000
0.8802162065837251,0.021021021021021,0.0192252179435367,0.0,0.03125,0.0476190476190476,0.0095238095238095,False,False,False,True,0,0,0,0,0.125,0.3448275862068965,3100000
0.88248920388898,0.0,0.0623905471200662,0.0,0.0,0.0,0.0,False,True,False,False,1,1,1,1,0.25,0.0344827586206896,16600000
0.8504448778540166,0.036036036036036,0.0173200161653484,0.0,0.0,0.0,0.0,True,False,False,False,0,0,0,0,0.125,0.1379310344827586,830000
0.8753425091964289,0.0,0.0487847121990647,0.0,0.09375,0.0952380952380952,0.019047619047619,True,False,False,False,0,0,0,0,0.125,0.1379310344827586,4500000
0.9775603874273316,0.0135135135135135,0.0944518214883667,0.05,0.09375,0.0952380952380952,0.019047619047619,False,False,False,True,0,0,0,0,0.125,0.6551724137931035,21210000
0.8946586437712654,0.0225225225225225,0.0556164963531743,0.0,0.0625,0.0952380952380952,0.019047619047619,False,False,False,True,0,0,0,0,0.125,0.9310344827586208,7100000
0.8979728911042173,0.0405405405405405,0.0729172680561168,0.05,0.09375,0.0952380952380952,0.0095238095238095,True,False,False,False,0,0,0,0,0.125,0.1379310344827586,8000000
0.8695223932729164,0.0375375375375375,0.0727440678944633,0.05,0.09375,0.0952380952380952,0.019047619047619,False,False,True,False,0,0,0,0,0.125,0.1379310344827586,7600000
0.8132494833908481,0.009009009009009,0.0864076362026826,0.05,0.09375,0.0952380952380952,0.019047619047619,False,False,False,True,0,0,0,0,0.125,0.4827586206896552,9800000
0.8936554408198845,0.057057057057057,0.10003271558609,0.0,0.21875,0.0952380952380952,0.0476190476190476,False,True,False,False,1,1,1,1,0.375,0.0689655172413793,5600000
0.817458833697998,0.003003003003003,0.0939129765410003,0.05,0.09375,0.0952380952380952,0.019047619047619,False,False,True,False,0,0,0,0,0.125,0.2413793103448275,12160000
0.8757387962005794,0.0735735735735735,0.0597348113080461,0.0,0.09375,0.0476190476190476,0.019047619047619,False,True,False,False,1,1,1,1,0.25,0.0344827586206896,6300000
0.8864297639625249,0.0225225225225225,0.0901218174470296,0.05,0.09375,0.0952380952380952,0.0095238095238095,False,False,False,True,0,0,0,0,0.125,0.4482758620689654,13320000
0.920489437688076,0.003003003003003,0.0898331505109404,0.05,0.09375,0.0952380952380952,0.019047619047619,False,False,False,True,0,0,0,0,0.125,0.4827586206896552,20800000
0.7958406041614126,0.0225225225225225,0.012412678251833,0.0,0.03125,0.0476190476190476,0.0095238095238095,False,False,True,False,0,0,0,0,0.125,0.1379310344827586,1200000
0.8858110884962684,0.0555555555555555,0.0551931181802436,0.0,0.09375,0.0952380952380952,0.0095238095238095,True,False,False,False,0,0,0,0,0.125,0.1379310344827586,7350000
0.8088122473620274,0.0105105105105105,0.0632565479283336,0.05,0.0625,0.0952380952380952,0.019047619047619,False,False,True,False,0,0,0,0,0.125,0.2068965517241379,6480000
0.9313654947046645,0.0,0.0700690876200373,0.0,0.09375,0.0952380952380952,0.019047619047619,False,False,False,True,0,0,0,0,0.125,0.3793103448275862,12800000
0.8361626266627411,0.0405405405405405,0.0673941073456113,0.0,0.09375,0.0952380952380952,0.019047619047619,False,False,True,False,0,0,0,0,0.125,0.2068965517241379,4850000
0.8849859493698204,0.042042042042042,0.0875238150222273,0.05,0.09375,0.0952380952380952,0.019047619047619,False,False,True,False,0,0,0,0,0.125,0.1724137931034483,11300000
0.8531516679103106,0.0405405405405405,0.0544618286088178,0.0,0.125,0.0952380952380952,0.019047619047619,False,False,True,False,0,0,0,0,0.125,0.2068965517241379,8750000
0.8590779921951821,0.0615615615615615,0.0518253372592036,0.0,0.09375,0.0952380952380952,0.019047619047619,True,False,False,False,0,0,0,0,0.125,0.1379310344827586,4170000
0.9077436495376504,0.045045045045045,0.1435829340107384,0.05,0.09375,0.0952380952380952,0.019047619047619,False,False,False,True,0,0,0,0,0.125,0.3793103448275862,14000000
0.8088326833934047,0.0,0.0549429401689663,0.05,0.0625,0.0476190476190476,0.0095238095238095,False,False,True,False,0,0,0,0,0.125,0.3103448275862069,6400000
0.8523710616489382,0.0315315315315315,0.0468795104208763,0.0,0.0,0.0,0.0,True,False,False,False,0,0,0,0,0.125,0.1379310344827586,3400000
0.901325520861235,0.0675675675675675,0.0584646767892538,0.0,0.09375,0.0952380952380952,0.0095238095238095,True,False,False,False,0,0,0,0,0.125,0.1034482758620689,3004569
0.911595134155732,0.0,0.086272924965841,0.0,0.1875,0.0952380952380952,0.0285714285714285,False,True,False,False,1,1,1,1,0.375,0.0689655172413793,19000000
0.8635972137749945,0.024024024024024,0.1664261108865923,0.0,0.125,0.0952380952380952,0.0476190476190476,False,True,False,False,1,1,1,1,0.5,0.1034482758620689,24750000
0.770058463049935,0.0585585585585585,0.0435694628870542,0.0,0.15625,0.0952380952380952,0.019047619047619,False,True,False,False,1,1,1,1,0.25,0.0344827586206896,1300000
0.9003253073150574,0.012012012012012,0.0250755345149433,0.0,0.03125,0.0476190476190476,0.0095238095238095,False,False,False,True,0,0,0,0,0.125,0.3793103448275862,5400000
0.8516142615495994,0.0315315315315315,0.1144275734657352,0.0,0.0,0.0,0.0,False,True,False,False,1,1,1,1,0.375,0.0689655172413793,10300000
0.8716869374699456,0.021021021021021,0.0243634894059234,0.0,0.03125,0.0476190476190476,0.0095238095238095,False,False,True,False,0,0,0,0,0.125,0.3103448275862069,3072700
0.9664417165487292,0.009009009009009,0.0900833285222177,0.05,0.0625,0.0952380952380952,0.0095238095238095,False,False,False,True,0,0,0,0,0.125,0.896551724137931,24280000
0.8159726423340032,0.0195195195195195,0.0904104843831187,0.05,0.125,0.0952380952380952,0.019047619047619,False,False,False,True,0,0,0,0,0.125,0.4482758620689654,9700000
0.8292602094209656,0.0615615615615615,0.0722629563343147,0.0,0.125,0.0952380952380952,0.019047619047619,False,True,False,False,1,1,1,1,0.125,0.0,6840000
0.8056295769107464,0.0015015015015015,0.0832322999057021,0.05,0.0625,0.0952380952380952,0.0095238095238095,False,False,False,True,0,0,0,0,0.125,0.4827586206896552,6030000
0.9617224200988232,0.0165165165165165,0.0680291746050074,0.05,0.0625,0.0952380952380952,0.0095238095238095,False,False,False,True,0,0,0,0,0.125,0.4827586206896552,16000000
0.8603199461933002,0.021021021021021,0.0984354252063968,0.1,0.09375,0.0952380952380952,0.019047619047619,False,False,False,True,0,0,0,0,0.125,0.4137931034482758,16550000
0.8953823047085905,0.0435435435435435,0.0748417142967111,0.0,0.0625,0.0952380952380952,0.019047619047619,False,False,True,False,0,0,0,0,0.125,0.2758620689655172,8550000
0.8629035934013984,0.0405405405405405,0.0560206300636991,0.0,0.09375,0.0952380952380952,0.019047619047619,False,False,True,False,0,0,0,0,0.125,0.2068965517241379,6400000
0.891959152682432,0.0,0.0601581894809768,0.0,0.09375,0.0952380952380952,0.019047619047619,False,False,False,True,0,0,0,0,0.125,0.3793103448275862,7300000
0.8681574803664489,0.0,0.0261917133344879,0.0,0.03125,0.0952380952380952,0.0095238095238095,False,True,False,False,1,1,1,1,0.125,0.0,3630932
0.7996705122135097,0.0435435435435435,0.1372899948039951,0.0,0.125,0.0952380952380952,0.0380952380952381,False,True,False,False,1,1,1,1,0.5,0.1034482758620689,15000000
0.883090628455534,0.0705705705705705,0.08931355002598,0.0,0.1875,0.0952380952380952,0.019047619047619,False,True,False,False,1,1,1,1,0.25,0.0344827586206896,11690000
0.7902519077048282,0.039039039039039,0.1007640051575159,0.0,0.125,0.0952380952380952,0.0285714285714285,False,True,False,False,1,1,1,1,0.5,0.1034482758620689,6800000
0.8725591402196926,0.024024024024024,0.0240170890826164,0.0,0.03125,0.0476190476190476,0.0095238095238095,False,False,True,False,0,0,0,0,0.125,0.1724137931034483,3480000
0.8906742822821343,0.048048048048048,0.0740334468756615,0.0,0.09375,0.0952380952380952,0.019047619047619,True,False,False,False,0,0,0,0,0.125,0.1379310344827586,6600000
0.874722871732132,0.0465465465465465,0.1814752804880395,0.0,0.125,0.0952380952380952,0.0285714285714285,False,True,False,False,1,1,1,1,0.375,0.0689655172413793,20850000
0.8524548527240654,0.012012012012012,0.0626599695937494,0.0,0.15625,0.1428571428571428,0.0476190476190476,False,True,False,False,1,1,1,1,0.375,0.0689655172413793,9250000
0.8789566989228206,0.0405405405405405,0.1025922290860804,0.05,0.125,0.0952380952380952,0.0285714285714285,False,False,False,True,0,0,0,0,0.125,0.3793103448275862,11000000
0.8424725911523865,0.0,0.1155245078228739,0.0,0.15625,0.0952380952380952,0.0476190476190476,False,True,False,False,1,1,1,1,0.5,0.1034482758620689,16300000
0.7937747817665581,0.0,0.0534996054885206,0.05,0.09375,0.0952380952380952,0.019047619047619,False,False,True,False,0,0,0,0,0.125,0.1379310344827586,6800000
0.9791071127447708,0.0195195195195195,0.0169351269172295,0.0,0.0,0.0,0.0,False,False,False,True,0,0,0,0,0.125,0.4137931034482758,5400000
0.8519168607197116,0.021021021021021,0.1256278505859938,0.0,0.0,0.0,0.0,False,True,False,False,1,1,1,1,0.5,0.1034482758620689,7800000
0.8856651422630364,0.0,0.0698766429959779,0.05,0.0625,0.0476190476190476,0.0095238095238095,False,False,False,True,0,0,0,0,0.125,0.4482758620689654,13350000
0.9148053439925832,0.0135135135135135,0.082597232646306,0.05,0.09375,0.0952380952380952,0.019047619047619,False,False,False,True,0,0,0,0,0.125,0.4482758620689654,21500000
0.963194687004659,0.0135135135135135,0.0886977272289898,0.05,0.09375,0.0952380952380952,0.019047619047619,False,False,False,True,0,0,0,0,0.125,0.4482758620689654,22220000
0.8792507491410788,0.0,0.0524604045185997,0.0,0.0,0.0,0.0,True,False,False,False,0,0,0,0,0.125,0.1379310344827586,5500000
0.8996030452353523,0.039039039039039,0.1190654889055674,0.05,0.125,0.1428571428571428,0.019047619047619,False,False,False,True,0,0,0,0,0.125,0.5172413793103449,16800000
0.8810385619395902,0.0,0.0908915959432673,0.05,0.09375,0.0952380952380952,0.019047619047619,False,False,True,False,0,0,0,0,0.125,0.3103448275862069,17100000
0.8549603567988981,0.0345345345345345,0.0842907453380289,0.05,0.09375,0.0952380952380952,0.019047619047619,False,False,True,False,0,0,0,0,0.125,0.2758620689655172,10700000
0.9866189954913978,0.0,0.0563285414621942,0.0,0.0625,0.0476190476190476,0.0095238095238095,True,False,False,False,0,0,0,0,0.25,0.0689655172413793,7500000
0.8499931298688352,0.006006006006006,0.1488366722475607,0.05,0.125,0.0476190476190476,0.0476190476190476,False,True,False,False,1,1,1,1,0.5,0.1034482758620689,17980000
0.8749838261676359,0.0705705705705705,0.0678559744433539,0.0,0.15625,0.1428571428571428,0.0380952380952381,False,True,False,False,1,1,1,1,0.25,0.0344827586206896,15500000
0.9667632411436102,0.0375375375375375,0.0545772953832534,0.0,0.0625,0.0952380952380952,0.0095238095238095,False,False,True,False,0,0,0,0,0.125,0.2413793103448275,11180000
0.8969346863234193,0.0525525525525525,0.1108865923830417,0.0,0.0,0.0,0.0,False,True,False,False,1,1,1,1,0.25,0.0344827586206896,17150000
0.8188060629085783,0.0,0.0550199180185901,0.0,0.09375,0.0952380952380952,0.0095238095238095,False,True,False,False,1,1,1,1,0.25,0.0344827586206896,5000000
0.9763499625347264,0.045045045045045,0.0901025729846236,0.05,0.09375,0.0952380952380952,0.019047619047619,False,False,True,False,0,0,0,0,0.125,0.2068965517241379,10500000
0.874022993412467,0.003003003003003,0.0593114331351153,0.05,0.03125,0.0476190476190476,0.0095238095238095,False,False,False,True,0,0,0,0,0.125,0.3793103448275862,7000000
0.8812210299301171,0.021021021021021,0.0757269595673844,0.0,0.09375,0.0952380952380952,0.019047619047619,False,False,True,False,0,0,0,0,0.125,0.1379310344827586,10150000
0.899458496525881,0.0,0.0442045301464503,0.0,0.0625,0.0476190476190476,0.0095238095238095,False,False,True,False,0,0,0,0,0.125,0.2068965517241379,12200000
0.9587207033422088,0.036036036036036,0.0479572003156091,0.05,0.0625,0.0952380952380952,0.019047619047619,False,False,True,False,0,0,0,0,0.125,0.3103448275862069,10000000
0.8603199461933002,0.0225225225225225,0.0815387872139791,0.05,0.09375,0.0952380952380952,0.019047619047619,False,False,False,True,0,0,0,0,0.125,0.4137931034482758,15000000
0.8616457853696886,0.0255255255255255,0.1241460269807363,0.05,0.125,0.1428571428571428,0.0285714285714285,False,False,False,True,0,0,0,0,0.125,0.3793103448275862,12800000
0.8596974750407185,0.0195195195195195,0.0328310528645382,0.05,0.0625,0.0476190476190476,0.0095238095238095,False,False,True,False,0,0,0,0,0.125,0.3103448275862069,6160000
0.8599763243013854,0.039039039039039,0.079229451725266,0.05,0.09375,0.0952380952380952,0.019047619047619,False,False,True,False,0,0,0,0,0.125,0.2413793103448275,10000000
0.8475001279244054,0.066066066066066,0.0139329907819025,0.0,0.34375,0.0952380952380952,0.0285714285714285,False,True,False,False,1,1,1,1,0.125,0.0,12400000
0.8472355542583614,0.0105105105105105,0.0888901718530492,0.05,0.09375,0.0952380952380952,0.019047619047619,False,False,True,False,0,0,0,0,0.125,0.3103448275862069,14680000
0.8504448778540166,0.036036036036036,0.0170698381540711,0.0,0.03125,0.0476190476190476,0.0095238095238095,True,False,False,False,0,0,0,0,0.125,0.1379310344827586,900000
0.9713499751145208,0.003003003003003,0.0638146373381059,0.05,0.0625,0.0952380952380952,0.0095238095238095,False,False,False,True,0,0,0,0,0.125,0.7931034482758621,17680000
0.8603199461933002,0.024024024024024,0.086946481150049,0.05,0.09375,0.0952380952380952,0.019047619047619,False,False,False,True,0,0,0,0,0.125,0.4137931034482758,16000000
0.8711155125741641,0.009009009009009,0.0413755941727767,0.0,0.0,0.0,0.0,False,False,False,True,0,0,0,0,0.125,0.3448275862068965,6800000
0.8267951265013096,0.0,0.0847911013605834,0.05,0.09375,0.0952380952380952,0.019047619047619,False,False,True,False,0,0,0,0,0.125,0.1724137931034483,8980000
0.8505655510824681,0.009009009009009,0.0921617304620595,0.05,0.09375,0.0952380952380952,0.019047619047619,False,False,False,True,0,0,0,0,0.125,0.4137931034482758,16880000
0.8585496202523473,0.0375375375375375,0.0875045705598214,0.0,0.09375,0.0952380952380952,0.0285714285714285,False,True,False,False,1,1,1,1,0.375,0.0689655172413793,18000000
0.8172954670725403,0.021021021021021,0.1133883724958143,0.0,0.125,0.0952380952380952,0.0285714285714285,False,True,False,False,1,1,1,1,0.5,0.1034482758620689,15000000
0.9689508599497004,0.0375375375375375,0.0840790562515636,0.0,0.1875,0.0952380952380952,0.019047619047619,False,False,True,False,0,0,0,0,0.125,0.2068965517241379,10490000
0.841963075111579,0.003003003003003,0.0514981813983026,0.0,0.09375,0.0952380952380952,0.0095238095238095,False,False,True,False,0,0,0,0,0.125,0.2758620689655172,4920000
0.8630975135473307,0.0765765765765765,0.0784019398418105,0.0,0.21875,0.0476190476190476,0.0380952380952381,False,True,False,False,1,1,1,1,0.25,0.0344827586206896,20000000
0.9163533857810648,0.018018018018018,0.0999557377364663,0.05,0.0625,0.0952380952380952,0.019047619047619,False,False,False,True,0,0,0,0,0.125,0.4482758620689654,22060000
0.8411693070452486,0.0075075075075075,0.1760675865519696,0.0,0.1875,0.1428571428571428,0.0380952380952381,False,True,False,False,1,1,1,1,0.625,0.1379310344827586,19900000
0.8524890670175864,0.0165165165165165,0.0616015241614225,0.05,0.0625,0.0952380952380952,0.0095238095238095,False,False,False,True,0,0,0,0,0.125,0.4827586206896552,9300000
0.9239832566767348,0.018018018018018,0.1439870677212631,0.1,0.09375,0.0476190476190476,0.019047619047619,False,False,True,False,0,0,0,0,0.125,0.3103448275862069,19000000
0.7900066410003035,0.039039039039039,0.1007640051575159,0.0,0.125,0.0952380952380952,0.0285714285714285,False,True,False,False,1,1,1,1,0.5,0.1034482758620689,8550000
0.8923448053214429,0.075075075075075,0.0578873429170756,0.0,0.0,0.0,0.0,False,True,False,False,1,1,1,1,0.25,0.0344827586206896,9880000
0.828565141127001,0.0405405405405405,0.1242037603679541,0.0,0.03125,0.0952380952380952,0.019047619047619,False,False,True,False,0,0,0,0,0.25,0.2758620689655172,9450000
0.8568520113537943,0.042042042042042,0.0767276716124935,0.05,0.09375,0.0952380952380952,0.019047619047619,False,False,True,False,0,0,0,0,0.125,0.2068965517241379,9380000
0.8937794001811312,0.0435435435435435,0.0702422877816908,0.0,0.09375,0.0476190476190476,0.019047619047619,False,False,True,False,0,0,0,0,0.125,0.2068965517241379,6500000
0.8752125417884713,0.0465465465465465,0.0200527298269922,0.0,0.03125,0.0476190476190476,0.0095238095238095,False,False,True,False,0,0,0,0,0.125,0.1379310344827586,4240000
0.8025978236386493,0.0015015015015015,0.118526643958201,0.05,0.09375,0.0952380952380952,0.019047619047619,False,False,True,False,0,0,0,0,0.125,0.2758620689655172,16200000
0.8973839692928891,0.0375375375375375,0.1417547100821738,0.05,0.125,0.0952380952380952,0.019047619047619,False,False,False,True,0,0,0,0,0.125,0.3793103448275862,21500000
0.8841410003319652,0.027027027027027,0.0293670496314685,0.0,0.03125,0.0476190476190476,0.0095238095238095,False,False,True,False,0,0,0,0,0.125,0.1034482758620689,3950000
0.8812210299301171,0.021021021021021,0.0746685141350576,0.0,0.09375,0.0952380952380952,0.019047619047619,False,False,True,False,0,0,0,0,0.125,0.1379310344827586,9450000
0.9017182055552836,0.0405405405405405,0.0182245058984277,0.0,0.03125,0.0476190476190476,0.0095238095238095,False,False,True,False,0,0,0,0,0.125,0.2068965517241379,1160000
0.8284566749983071,0.0135135135135135,0.0828474106575832,0.05,0.09375,0.0952380952380952,0.019047619047619,False,False,False,True,0,0,0,0,0.125,0.3448275862068965,13600000
0.8280314576560102,0.0435435435435435,0.0544618286088178,0.0,0.09375,0.0952380952380952,0.019047619047619,True,False,False,False,0,0,0,0,0.125,0.1379310344827586,4550000
0.8341615062070389,0.0405405405405405,0.1293612762927467,0.0,0.125,0.0952380952380952,0.0380952380952381,False,True,False,False,1,1,1,1,0.375,0.0689655172413793,12000000
0.951754911856483,0.0165165165165165,0.1120605045898042,0.05,0.09375,0.0952380952380952,0.019047619047619,False,False,False,True,0,0,0,0,0.125,0.4137931034482758,21950000
0.9931302905364704,0.0345345345345345,0.1238381155822412,0.05,0.125,0.0952380952380952,0.019047619047619,False,False,False,True,0,0,0,0,0.125,0.4482758620689654,21600000
0.914302519087272,0.033033033033033,0.0767469160748994,0.05,0.09375,0.0952380952380952,0.019047619047619,False,False,True,False,0,0,0,0,0.125,0.1379310344827586,11500000
0.988240747027163,0.012012012012012,0.1479129380520755,0.15,0.0,0.0,0.0,False,False,True,False,0,0,0,0,0.125,0.2758620689655172,25300000
0.8801513302337582,0.003003003003003,0.0911417739545445,0.05,0.09375,0.0952380952380952,0.019047619047619,False,False,False,True,0,0,0,0,0.125,0.4827586206896552,21800000
0.8620590808771738,0.069069069069069,0.0487077343494409,0.0,0.125,0.1428571428571428,0.019047619047619,False,True,False,False,1,1,1,1,0.25,0.0344827586206896,10800000
0.8181390523846517,0.0,0.060774012277967,0.0,0.1875,0.0952380952380952,0.0285714285714285,False,True,False,False,1,1,1,1,0.25,0.0344827586206896,8800000
0.7920072139041849,0.0405405405405405,0.1605950387775917,0.0,0.1875,0.0952380952380952,0.0380952380952381,False,True,False,False,1,1,1,1,0.625,0.1379310344827586,15000000
0.7994832520372199,0.003003003003003,0.0988010699921097,0.05,0.09375,0.0952380952380952,0.019047619047619,False,False,True,False,0,0,0,0,0.125,0.3103448275862069,13650000
0.882624527915226,0.0,0.0565209860862536,0.05,0.09375,0.0952380952380952,0.019047619047619,False,False,True,False,0,0,0,0,0.125,0.1379310344827586,6550000
0.8715962628093621,0.039039039039039,0.0690683755749283,0.05,0.09375,0.0952380952380952,0.019047619047619,False,False,True,False,0,0,0,0,0.125,0.1724137931034483,5740000
0.9162783267827592,0.0165165165165165,0.0933548871312279,0.05,0.09375,0.0952380952380952,0.019047619047619,False,False,False,True,0,0,0,0,0.125,0.4482758620689654,22930000
0.9621000459553954,0.015015015015015,0.0854069241575736,0.05,0.09375,0.0952380952380952,0.019047619047619,False,False,False,True,0,0,0,0,0.125,0.3793103448275862,24000000
0.901151092766213,0.045045045045045,0.0666050843869676,0.0,0.09375,0.0952380952380952,0.019047619047619,False,False,True,False,0,0,0,0,0.125,0.2068965517241379,7600000
0.8596974750407185,0.0195195195195195,0.0376806573908357,0.05,0.09375,0.0952380952380952,0.0095238095238095,False,False,True,False,0,0,0,0,0.125,0.3103448275862069,8200000
0.8358171881157546,0.057057057057057,0.056732675172719,0.0,0.125,0.0952380952380952,0.019047619047619,False,True,False,False,1,1,1,1,0.25,0.0344827586206896,4200000
0.9054169851346784,0.0,0.0605430787290957,0.0,0.15625,0.0476190476190476,0.019047619047619,False,True,False,False,1,1,1,1,0.25,0.0344827586206896,7000000
0.8839297370578265,0.033033033033033,0.0889479052402671,0.05,0.0625,0.0952380952380952,0.019047619047619,False,False,False,True,0,0,0,0,0.125,0.6896551724137931,14280000
0.9931302905364704,0.0345345345345345,0.1048438311875757,0.1,0.0625,0.0952380952380952,0.019047619047619,False,False,False,True,0,0,0,0,0.125,0.4482758620689654,16700000
0.8095692922526041,0.0045045045045045,0.0493235571464311,0.05,0.0625,0.0952380952380952,0.0095238095238095,False,False,True,False,0,0,0,0,0.125,0.3103448275862069,7580000
0.8088326833934047,0.0,0.0460904874622327,0.05,0.03125,0.0476190476190476,0.0095238095238095,False,False,True,False,0,0,0,0,0.125,0.3103448275862069,4350000
0.9725018658415934,0.003003003003003,0.0911995073417624,0.05,0.0625,0.0952380952380952,0.019047619047619,False,False,False,True,0,0,0,0,0.125,0.6896551724137931,23450000
0.8387640799554674,0.033033033033033,0.0831168331312664,0.05,0.125,0.0952380952380952,0.019047619047619,False,False,True,False,0,0,0,0,0.125,0.2413793103448275,8880000
0.86724728781914,0.0615615615615615,0.1268594961799742,0.0,0.0,0.0,0.0,False,True,False,False,1,1,1,1,0.5,0.1034482758620689,14700000
0.7893422526948086,0.0,0.0535765833381444,0.0,0.0625,0.0476190476190476,0.019047619047619,False,False,False,True,0,0,0,0,0.125,0.3448275862068965,2700000
0.835482072799067,0.042042042042042,0.0819814098493158,0.0,0.125,0.0952380952380952,0.019047619047619,False,False,True,False,0,0,0,0,0.125,0.2413793103448275,8400000
0.9621000459553954,0.0165165165165165,0.0719742893982256,0.05,0.0625,0.0952380952380952,0.0095238095238095,False,False,False,True,0,0,0,0,0.125,0.3793103448275862,17500000
0.8867902221062991,0.0465465465465465,0.0210534418721013,0.0,0.03125,0.0476190476190476,0.0095238095238095,False,False,True,False,0,0,0,0,0.125,0.3103448275862069,2750000
0.8120205825065625,0.0105105105105105,0.0827704328079595,0.05,0.09375,0.0952380952380952,0.019047619047619,False,False,False,True,0,0,0,0,0.125,0.4482758620689654,9300000
0.807868301088206,0.0105105105105105,0.0765159825260281,0.05,0.0,0.0,0.0,False,False,True,False,0,0,0,0,0.125,0.2068965517241379,14700000
0.8986621019683128,0.0615615615615615,0.0366607008833208,0.0,0.09375,0.0952380952380952,0.019047619047619,False,True,False,False,1,1,1,1,0.625,0.1379310344827586,4560000
0.8528225102043052,0.03003003003003,0.0882551045936531,0.0,0.15625,0.238095238095238,0.0476190476190476,False,True,False,False,1,1,1,1,0.5,0.1034482758620689,5380000
0.8517264844516887,0.054054054054054,0.1236071820333699,0.0,0.15625,0.0952380952380952,0.0285714285714285,False,True,False,False,1,1,1,1,0.25,0.0344827586206896,2700000
0.8974351022109488,0.0,0.0382195023382021,0.0,0.125,0.0952380952380952,0.019047619047619,False,False,True,False,0,0,0,0,0.125,0.2068965517241379,4600000
0.8593611093150741,0.042042042042042,0.0727248234320574,0.0,0.09375,0.0952380952380952,0.019047619047619,True,False,False,False,0,0,0,0,0.125,0.1379310344827586,7300000
0.8321018382601721,0.042042042042042,0.0715316667628889,0.05,0.09375,0.0952380952380952,0.019047619047619,False,False,True,False,0,0,0,0,0.125,0.1724137931034483,5600000
0.8398624916481481,0.0105105105105105,0.094336354713931,0.05,0.09375,0.0952380952380952,0.019047619047619,False,False,False,True,0,0,0,0,0.125,0.4827586206896552,14500000
0.8992057600431735,0.0375375375375375,0.0203413967630814,0.0,0.0,0.0,0.0,False,False,True,False,0,0,0,0,0.125,0.2068965517241379,6000000
0.9415225603224542,0.0,0.0600042337817293,0.0,0.125,0.0952380952380952,0.019047619047619,True,False,False,False,0,0,0,0,0.125,0.1034482758620689,8600000
0.9028904039876692,0.0645645645645645,0.0717818447741662,0.0,0.15625,0.0476190476190476,0.0285714285714285,False,True,False,False,1,1,1,1,0.375,0.0689655172413793,17200000
0.81049387085082,0.021021021021021,0.0164925042818928,0.0,0.09375,0.0952380952380952,0.019047619047619,False,False,True,False,0,0,0,0,0.125,0.1724137931034483,1200000
0.8895987072654634,0.054054054054054,0.1405423089505994,0.0,0.15625,0.0952380952380952,0.019047619047619,False,True,False,False,1,1,1,1,0.375,0.0689655172413793,15390000
0.8841410003319652,0.0255255255255255,0.0293670496314685,0.0,0.03125,0.0476190476190476,0.0095238095238095,False,False,True,False,0,0,0,0,0.125,0.1034482758620689,3190000
0.8521107159320707,0.0225225225225225,0.0608894790524026,0.05,0.03125,0.0476190476190476,0.0095238095238095,False,False,False,True,0,0,0,0,0.125,0.4827586206896552,8700000
0.8812496513193082,0.042042042042042,0.0800762080711275,0.05,0.0,0.0,0.0,False,False,True,False,0,0,0,0,0.125,0.2068965517241379,11000000
0.8812588212813353,0.0,0.0505744472028173,0.0,0.09375,0.0952380952380952,0.0095238095238095,False,False,True,False,0,0,0,0,0.125,0.2068965517241379,6150000
0.8116419472080736,0.063063063063063,0.075861670804226,0.0,0.09375,0.0952380952380952,0.019047619047619,False,True,False,False,1,1,1,1,0.25,0.0344827586206896,6855000
0.8616457853696886,0.0255255255255255,0.1258587841348652,0.05,0.09375,0.0952380952380952,0.019047619047619,False,False,False,True,0,0,0,0,0.125,0.3793103448275862,11800000
0.9156017091699766,0.0,0.0514981813983026,0.0,0.09375,0.0952380952380952,0.019047619047619,True,False,False,False,0,0,0,0,0.125,0.1379310344827586,7700000
0.8635690582303539,0.0465465465465465,0.0821353655485633,0.05,0.09375,0.0952380952380952,0.019047619047619,False,False,True,False,0,0,0,0,0.125,0.1379310344827586,9420000
0.9013404816813876,0.039039039039039,0.0738025133267902,0.0,0.125,0.0952380952380952,0.019047619047619,False,False,True,False,0,0,0,0,0.125,0.1379310344827586,5100000
0.8499160160754684,0.0345345345345345,0.0189750399322594,0.0,0.03125,0.0476190476190476,0.0095238095238095,True,False,False,False,0,0,0,0,0.125,0.1034482758620689,700000
0.9543411992669064,0.045045045045045,0.1199892231010526,0.05,0.125,0.0952380952380952,0.019047619047619,False,False,True,False,0,0,0,0,0.125,0.2068965517241379,20500000
0.7963505159507918,0.0225225225225225,0.0173585050901603,0.0,0.0,0.0,0.0,False,False,True,False,0,0,0,0,0.125,0.1379310344827586,1880000
0.9452417415308504,0.036036036036036,0.0979350691838423,0.05,0.09375,0.0952380952380952,0.019047619047619,False,False,False,True,0,0,0,0,0.125,0.6896551724137931,19800000
0.9130124678496544,0.0375375375375375,0.0682601081538787,0.05,0.09375,0.0952380952380952,0.019047619047619,False,False,False,True,0,0,0,0,0.125,0.3793103448275862,12000000
0.8836426457885125,0.0,0.0228816658006658,0.05,0.0625,0.0476190476190476,0.019047619047619,True,False,False,False,0,0,0,0,0.125,0.1379310344827586,4200000
0.9330644729093364,0.0345345345345345,0.0753613147816715,0.0,0.09375,0.0952380952380952,0.019047619047619,False,False,False,True,0,0,0,0,0.125,0.3793103448275862,13900000
0.8124832686323487,0.0,0.084945057059831,0.05,0.09375,0.0952380952380952,0.019047619047619,False,False,False,True,0,0,0,0,0.125,0.3793103448275862,10600000
0.8383506038034056,0.039039039039039,0.1347689702288166,0.05,0.15625,0.0952380952380952,0.019047619047619,False,False,False,True,0,0,0,0,0.125,0.5172413793103449,13820000
0.7991621861546321,0.0,0.0592152108230856,0.0,0.09375,0.0952380952380952,0.019047619047619,False,True,False,False,1,1,1,1,0.125,0.0,16300000
0.8967177102875041,0.06006006006006,0.0670092180974924,0.0,0.09375,0.0476190476190476,0.019047619047619,False,False,True,False,0,0,0,0,0.125,0.2068965517241379,4500000
0.9330644729093364,0.036036036036036,0.0847911013605834,0.0,0.09375,0.0952380952380952,0.019047619047619,False,False,False,True,0,0,0,0,0.125,0.3793103448275862,14500000
0.8422649435649419,0.0,0.1156977079845274,0.0,0.15625,0.0952380952380952,0.0380952380952381,False,True,False,False,1,1,1,1,0.5,0.1034482758620689,16600000
0.8739556399049775,0.042042042042042,0.0520755152704809,0.0,0.0625,0.0952380952380952,0.019047619047619,False,False,True,False,0,0,0,0,0.125,0.1379310344827586,5500000
0.8550077701314933,0.069069069069069,0.0574832092065508,0.0,0.09375,0.0952380952380952,0.019047619047619,False,True,False,False,1,1,1,1,0.25,0.0344827586206896,6250000
0.8523710616489382,0.03003003003003,0.0468795104208763,0.0,0.0,0.0,0.0,True,False,False,False,0,0,0,0,0.125,0.1379310344827586,2200000
0.81049387085082,0.021021021021021,0.0165117487442988,0.0,0.0,0.0,0.0,False,False,True,False,0,0,0,0,0.125,0.1724137931034483,1050000
0.9773906041536692,0.0135135135135135,0.0997825375748128,0.05,0.09375,0.0952380952380952,0.019047619047619,False,False,False,True,0,0,0,0,0.125,0.4482758620689654,23000000
0.9277408230119306,0.0,0.0937205319169409,0.0,0.09375,0.0952380952380952,0.019047619047619,True,False,False,False,0,0,0,0,0.125,0.1379310344827586,6300000
0.9588905359469492,0.0,0.0259607797856166,0.0,0.03125,0.0476190476190476,0.0095238095238095,False,False,True,False,0,0,0,0,0.125,0.1379310344827586,6580000
0.8795463856358197,0.0615615615615615,0.08461790119893,0.0,0.09375,0.0952380952380952,0.019047619047619,True,False,False,False,0,0,0,0,0.25,0.1379310344827586,10950000
0.8275592497347475,0.045045045045045,0.055385562804303,0.0,0.09375,0.0952380952380952,0.019047619047619,True,False,False,False,0,0,0,0,0.125,0.1379310344827586,3900000
0.9788059827301084,0.0105105105105105,0.0413755941727767,0.0,0.09375,0.0952380952380952,0.019047619047619,False,False,True,False,0,0,0,0,0.125,0.1379310344827586,9000000
0.856163225672077,0.072072072072072,0.0294055385562804,0.0,0.09375,0.0952380952380952,0.019047619047619,False,True,False,False,1,1,1,1,0.375,0.0689655172413793,2350000
0.8752167053523294,0.039039039039039,0.0706271770298096,0.0,0.09375,0.0952380952380952,0.019047619047619,False,False,True,False,0,0,0,0,0.125,0.2758620689655172,10350000
0.8839297370578265,0.033033033033033,0.0669129957854627,0.0,0.09375,0.0952380952380952,0.019047619047619,False,False,False,True,0,0,0,0,0.125,0.6896551724137931,9800000
0.7937747817665581,0.0,0.0516136481727382,0.05,0.09375,0.0952380952380952,0.019047619047619,False,False,True,False,0,0,0,0,0.125,0.1379310344827586,6290000
0.8779655749186759,0.0285285285285285,0.1026499624732983,0.05,0.09375,0.0952380952380952,0.019047619047619,False,False,False,True,0,0,0,0,0.125,0.3448275862068965,13880000
0.9058418369124296,0.06006006006006,0.0645266824471258,0.0,0.09375,0.0952380952380952,0.019047619047619,False,False,True,False,0,0,0,0,0.125,0.2413793103448275,8950000
0.8088326833934047,0.0,0.0696072205222947,0.05,0.0625,0.0476190476190476,0.0095238095238095,False,False,True,False,0,0,0,0,0.125,0.3103448275862069,4620000
0.7846114774159787,0.0,0.0229201547254777,0.0,0.0,0.0,0.0,False,True,False,False,1,1,1,1,0.375,0.0689655172413793,4300000
0.8827779501289115,0.0345345345345345,0.1118680599657448,0.05,0.125,0.0952380952380952,0.019047619047619,False,False,False,True,0,0,0,0,0.125,0.6896551724137931,15800000
0.8899351006444647,0.0405405405405405,0.0865231029771183,0.05,0.125,0.0952380952380952,0.019047619047619,False,False,True,False,0,0,0,0,0.125,0.2068965517241379,11200000
0.8670812182850511,0.012012012012012,0.0541924061351346,0.05,0.09375,0.0952380952380952,0.019047619047619,False,False,True,False,0,0,0,0,0.125,0.2758620689655172,11040000
0.8476325828502524,0.0,0.064449704597502,0.05,0.09375,0.0952380952380952,0.019047619047619,False,False,True,False,0,0,0,0,0.125,0.1379310344827586,13250000
0.870891517825612,0.039039039039039,0.1176029097627157,0.0,0.125,0.0952380952380952,0.0380952380952381,False,True,False,False,1,1,1,1,0.375,0.0689655172413793,12200000
0.8596974750407185,0.018018018018018,0.0328310528645382,0.05,0.0625,0.0476190476190476,0.0095238095238095,False,False,True,False,0,0,0,0,0.125,0.3103448275862069,6000000
0.936576116527732,0.03003003003003,0.0755537594057309,0.0,0.09375,0.0952380952380952,0.019047619047619,False,False,False,True,0,0,0,0,0.125,0.3793103448275862,15200000
0.8951104797655489,0.0405405405405405,0.0288282046841021,0.0,0.0,0.0,0.0,False,False,True,False,0,0,0,0,0.125,0.2758620689655172,2479416
0.951754911856483,0.015015015015015,0.1247426053153205,0.05,0.125,0.0952380952380952,0.019047619047619,False,False,False,True,0,0,0,0,0.125,0.4482758620689654,25100000
0.9862803362601936,0.0615615615615615,0.0670669514847102,0.0,0.125,0.0952380952380952,0.0285714285714285,False,True,False,False,1,1,1,1,0.25,0.0344827586206896,10800000
0.9162783267827592,0.0165165165165165,0.0864461251274945,0.05,0.09375,0.0952380952380952,0.019047619047619,False,False,False,True,0,0,0,0,0.125,0.4482758620689654,20100000
0.8089927393464791,0.0405405405405405,0.0636799261012643,0.0,0.09375,0.0952380952380952,0.019047619047619,False,False,True,False,0,0,0,0,0.125,0.2068965517241379,5600000
0.9713499751145208,0.0,0.0883705713680888,0.05,0.09375,0.0952380952380952,0.019047619047619,False,False,False,True,0,0,0,0,0.125,0.7931034482758621,25500000
0.9423156835264024,0.0345345345345345,0.0215537978946558,0.0,0.03125,0.0476190476190476,0.0095238095238095,False,False,True,False,0,0,0,0,0.125,0.1724137931034483,3575000
0.8580387316100655,0.0345345345345345,0.0577718761426399,0.0,0.09375,0.0952380952380952,0.0095238095238095,True,False,False,False,0,0,0,0,0.125,0.1379310344827586,7300000
0.8596719670164532,0.0,0.0606008121163135,0.0,0.09375,0.0952380952380952,0.019047619047619,True,False,False,False,0,0,0,0,0.125,0.1379310344827586,4150000
0.901530334363258,0.003003003003003,0.0784789176914343,0.05,0.0625,0.0952380952380952,0.0095238095238095,False,False,True,False,0,0,0,0,0.125,0.3103448275862069,15180000
0.9431272888545266,0.0615615615615615,0.0304447395262013,0.0,0.0625,0.0952380952380952,0.0095238095238095,True,False,False,False,0,0,0,0,0.125,0.1034482758620689,7800000
0.7991621861546321,0.0,0.0592152108230856,0.0,0.09375,0.0952380952380952,0.019047619047619,False,True,False,False,1,1,1,1,0.125,0.0,17900000
0.7912090683297777,0.0405405405405405,0.060081211631353,0.0,0.09375,0.0952380952380952,0.019047619047619,False,False,False,True,0,0,0,0,0.125,0.3448275862068965,3750000
0.9019639097998606,0.0345345345345345,0.0668745068606508,0.05,0.0625,0.0952380952380952,0.0095238095238095,False,False,True,False,0,0,0,0,0.125,0.3103448275862069,4800000
0.8506701585884571,0.0585585585585585,0.1784346554279006,0.0,0.15625,0.0952380952380952,0.0285714285714285,False,True,False,False,1,1,1,1,0.25,0.0344827586206896,20880000
0.7767208616824917,0.009009009009009,0.1364239939957277,0.0,0.09375,0.0952380952380952,0.0380952380952381,False,True,False,False,1,1,1,1,0.5,0.1034482758620689,18300000
0.920716309163396,0.018018018018018,0.067817485518542,0.05,0.0625,0.0952380952380952,0.019047619047619,False,False,True,False,0,0,0,0,0.125,0.3103448275862069,14800000
0.8850809261023471,0.051051051051051,0.0851759906087023,0.0,0.1875,0.0952380952380952,0.019047619047619,False,True,False,False,1,1,1,1,0.25,0.0344827586206896,20000000
0.900699700713119,0.0,0.0476107999923022,0.0,0.09375,0.0952380952380952,0.0095238095238095,False,False,True,False,0,0,0,0,0.125,0.2413793103448275,5680000
0.9171115270407312,0.0495495495495495,0.0770355830109885,0.0,0.09375,0.0952380952380952,0.019047619047619,True,False,False,False,0,0,0,0,0.125,0.1379310344827586,9400000
0.8523710616489382,0.03003003003003,0.033889498296865,0.0,0.0,0.0,0.0,True,False,False,False,0,0,0,0,0.125,0.1379310344827586,2450000
0.8810385619395902,0.0,0.0935280872928814,0.05,0.09375,0.0952380952380952,0.019047619047619,False,False,True,False,0,0,0,0,0.125,0.3103448275862069,18600000
0.9238131613902852,0.0405405405405405,0.0607162788907491,0.0,0.0625,0.0476190476190476,0.019047619047619,False,False,False,True,0,0,0,0,0.25,0.4137931034482758,10400000
0.8811758512643166,0.036036036036036,0.0941439100898716,0.0,0.09375,0.0952380952380952,0.019047619047619,False,False,True,False,0,0,0,0,0.125,0.2068965517241379,7000000
0.8963660996738838,0.0,0.0796335854357908,0.0,0.15625,0.1428571428571428,0.0285714285714285,False,True,False,False,1,1,1,1,0.25,0.0344827586206896,10249349
0.8910775641273858,0.0435435435435435,0.0226699767142004,0.0,0.03125,0.0476190476190476,0.0095238095238095,False,False,True,False,0,0,0,0,0.125,0.2758620689655172,2030000
0.8826328197863234,0.0405405405405405,0.0848488347478013,0.05,0.09375,0.0952380952380952,0.019047619047619,False,False,False,True,0,0,0,0,0.125,0.3793103448275862,15000000
0.8773167037979022,0.0405405405405405,0.0721282450974731,0.0,0.125,0.0952380952380952,0.019047619047619,False,False,True,False,0,0,0,0,0.125,0.2068965517241379,9200000
0.9770867538653364,0.0315315315315315,0.1102515251236456,0.05,0.125,0.0952380952380952,0.019047619047619,False,False,False,True,0,0,0,0,0.125,0.4482758620689654,15500000
0.9421266654265424,0.063063063063063,0.0459365317629852,0.0,0.09375,0.0952380952380952,0.0095238095238095,True,False,False,False,0,0,0,0,0.125,0.1034482758620689,6000000
0.8742381838899576,0.0315315315315315,0.0242480226314877,0.0,0.03125,0.0476190476190476,0.0095238095238095,False,False,False,True,0,0,0,0,0.125,0.4482758620689654,3580000
0.9019639097998606,0.0375375375375375,0.0837903893154744,0.05,0.09375,0.0952380952380952,0.019047619047619,True,False,False,False,0,0,0,0,0.125,0.1379310344827586,4500000
0.9614570565717032,0.045045045045045,0.016434770894675,0.0,0.0,0.0,0.0,True,False,False,False,0,0,0,0,0.125,0.1034482758620689,2400000
0.8910341922887426,0.039039039039039,0.0649885495448684,0.0,0.0625,0.0476190476190476,0.019047619047619,False,False,True,False,0,0,0,0,0.125,0.3103448275862069,7080000
0.8755398931856462,0.0405405405405405,0.0566364528606893,0.0,0.0625,0.0476190476190476,0.0095238095238095,False,False,False,True,0,0,0,0,0.125,0.4482758620689654,7000000
0.918357460951654,0.0465465465465465,0.0279814483382406,0.0,0.03125,0.0476190476190476,0.0095238095238095,False,False,True,False,0,0,0,0,0.125,0.1379310344827586,3960000
0.8568708836274368,0.0405405405405405,0.0687989531012451,0.0,0.09375,0.0952380952380952,0.019047619047619,False,False,True,False,0,0,0,0,0.125,0.2068965517241379,5200000
0.8702082492224008,0.0435435435435435,0.0227277101014183,0.0,0.03125,0.0476190476190476,0.0095238095238095,False,False,True,False,0,0,0,0,0.125,0.1379310344827586,1950000
0.8696571272201936,0.021021021021021,0.0241133113946461,0.0,0.03125,0.0476190476190476,0.0095238095238095,False,False,True,False,0,0,0,0,0.125,0.2068965517241379,3450000
0.8505655510824681,0.006006006006006,0.0792679406500779,0.05,0.0625,0.0952380952380952,0.0095238095238095,False,False,False,True,0,0,0,0,0.125,0.4482758620689654,13300000
0.8828987040769221,0.0,0.0455708869772722,0.0,0.0,0.0,0.0,False,False,False,True,0,0,0,0,0.125,0.3448275862068965,4150000
0.8267951265013096,0.0,0.073860246714008,0.05,0.09375,0.0952380952380952,0.019047619047619,False,False,True,False,0,0,0,0,0.125,0.1724137931034483,8200000
0.9166940437328606,0.012012012012012,0.1148894405634778,0.1,0.09375,0.0952380952380952,0.019047619047619,False,False,False,True,0,0,0,0,0.125,0.4827586206896552,23000000
0.8899453431795905,0.06006006006006,0.0540769393606989,0.0,0.0625,0.1428571428571428,0.0285714285714285,False,True,False,False,1,1,1,1,0.375,0.0689655172413793,8000000
0.9698010057595924,0.0405405405405405,0.0511902699998075,0.0,0.09375,0.0952380952380952,0.019047619047619,False,False,False,True,0,0,0,0,0.125,0.4137931034482758,10750000
0.8620356370864783,0.075075075075075,0.0416450166464599,0.0,0.15625,0.1904761904761904,0.0285714285714285,False,True,False,False,1,1,1,1,0.125,0.0,18900000
0.8716869374699456,0.0225225225225225,0.0223043319284875,0.0,0.03125,0.0476190476190476,0.0095238095238095,False,False,True,False,0,0,0,0,0.125,0.3103448275862069,4900000
0.9686690586835311,0.003003003003003,0.0957219560071589,0.05,0.09375,0.0952380952380952,0.019047619047619,False,False,False,True,0,0,0,0,0.125,0.9655172413793104,20600000
0.8472752815840465,0.0,0.1377326174393318,0.0,0.125,0.0952380952380952,0.0285714285714285,False,True,False,False,1,1,1,1,0.5,0.1034482758620689,22100000
0.8029228960063222,0.027027027027027,0.1444874237438177,0.0,0.09375,0.0952380952380952,0.0285714285714285,False,True,False,False,1,1,1,1,0.5,0.1034482758620689,17000000
0.8098732767329011,0.0045045045045045,0.0619286800223235,0.05,0.0625,0.0952380952380952,0.0095238095238095,False,False,False,True,0,0,0,0,0.125,0.4827586206896552,8100000
0.8534820924107294,0.0,0.0708196216538691,0.05,0.09375,0.0952380952380952,0.019047619047619,False,False,True,False,0,0,0,0,0.125,0.1379310344827586,8300000
0.8099840576604436,0.003003003003003,0.0421261282066085,0.0,0.0625,0.0952380952380952,0.0095238095238095,False,False,False,True,0,0,0,0,0.125,0.4482758620689654,6200000
0.8775748997209689,0.066066066066066,0.0688566864884629,0.0,0.09375,0.0952380952380952,0.019047619047619,False,True,False,False,1,1,1,1,0.5,0.1034482758620689,13048500
0.9051945409387372,0.045045045045045,0.0229778881126955,0.0,0.03125,0.0476190476190476,0.0095238095238095,False,False,True,False,0,0,0,0,0.125,0.2068965517241379,2640000
0.9004562444793862,0.036036036036036,0.0214190866578142,0.0,0.03125,0.0476190476190476,0.0095238095238095,False,False,False,True,0,0,0,0,0.125,0.3793103448275862,3330000
0.8596974750407185,0.0195195195195195,0.0376806573908357,0.05,0.09375,0.0952380952380952,0.019047619047619,False,False,True,False,0,0,0,0,0.125,0.3103448275862069,7000000
0.81049387085082,0.0225225225225225,0.016088370571368,0.0,0.03125,0.0476190476190476,0.0095238095238095,False,False,True,False,0,0,0,0,0.125,0.1724137931034483,1520000
0.8267951265013096,0.0,0.088967149702673,0.05,0.09375,0.0952380952380952,0.019047619047619,False,False,True,False,0,0,0,0,0.125,0.1724137931034483,9060000
0.7945396814567687,0.063063063063063,0.0615822796990166,0.0,0.09375,0.0952380952380952,0.019047619047619,False,True,False,False,1,1,1,1,0.25,0.0344827586206896,4440000
0.9125991784463564,0.036036036036036,0.028847449146508,0.0,0.03125,0.0476190476190476,0.0095238095238095,False,False,True,False,0,0,0,0,0.125,0.2758620689655172,3750000
0.8426425144809286,0.0,0.1560533456497892,0.0,0.125,0.0952380952380952,0.0380952380952381,False,True,False,False,1,1,1,1,0.5,0.1034482758620689,20600000
0.8831751370469476,0.0375375375375375,0.0714739333756711,0.0,0.09375,0.0952380952380952,0.019047619047619,False,False,False,True,0,0,0,0,0.125,0.4827586206896552,8900000
0.951754911856483,0.015015015015015,0.1120605045898042,0.05,0.09375,0.0952380952380952,0.019047619047619,False,False,False,True,0,0,0,0,0.125,0.4137931034482758,9000000
0.9725018658415934,0.003003003003003,0.0706271770298096,0.05,0.0625,0.0952380952380952,0.0095238095238095,False,False,False,True,0,0,0,0,0.125,0.6896551724137931,18500000
0.8946374870645855,0.0555555555555555,0.0494390239208667,0.0,0.09375,0.0952380952380952,0.019047619047619,True,False,False,False,0,0,0,0,0.125,0.1379310344827586,4500000
0.8841410003319652,0.0255255255255255,0.0598887670072936,0.05,0.0625,0.0476190476190476,0.0095238095238095,True,False,False,False,0,0,0,0,0.125,0.1034482758620689,5000000
0.8830952801580736,0.06006006006006,0.0402209264284202,0.0,0.09375,0.0952380952380952,0.019047619047619,True,False,False,False,0,0,0,0,0.125,0.1379310344827586,3780000
0.9051945409387372,0.0465465465465465,0.0253064680638146,0.0,0.03125,0.0476190476190476,0.0095238095238095,False,False,True,False,0,0,0,0,0.125,0.2068965517241379,2900000
0.8605471628460464,0.021021021021021,0.0249793122029136,0.0,0.0625,0.0476190476190476,0.0095238095238095,False,False,True,False,0,0,0,0,0.125,0.3103448275862069,5500000
0.8860053602120956,0.0165165165165165,0.1003213825221792,0.05,0.09375,0.0952380952380952,0.019047619047619,False,False,True,False,0,0,0,0,0.25,0.3103448275862069,16150000
0.8776451939206424,0.0735735735735735,0.0930662201951388,0.0,0.125,0.0952380952380952,0.019047619047619,False,True,False,False,1,1,1,1,0.25,0.0344827586206896,19000000
0.8739917555210752,0.0465465465465465,0.0272116698420029,0.0,0.0625,0.0952380952380952,0.0095238095238095,True,False,False,False,0,0,0,0,0.125,0.0689655172413793,6000000
0.8899351006444647,0.042042042042042,0.0660662394396012,0.0,0.09375,0.0952380952380952,0.019047619047619,False,False,True,False,0,0,0,0,0.125,0.2068965517241379,13400000
0.9065191945619232,0.039039039039039,0.0203991301502992,0.0,0.03125,0.0476190476190476,0.0095238095238095,False,False,False,True,0,0,0,0,0.125,0.3793103448275862,2650000
0.9759162109865542,0.042042042042042,0.0593691665223332,0.0,0.09375,0.0952380952380952,0.019047619047619,False,False,True,False,0,0,0,0,0.125,0.1379310344827586,10100000
0.9024160790785912,0.0435435435435435,0.0702037988568789,0.05,0.0625,0.0952380952380952,0.019047619047619,True,False,False,False,0,0,0,0,0.125,0.1379310344827586,6500000
0.9236626146163188,0.0435435435435435,0.016761926755576,0.0,0.03125,0.0476190476190476,0.0095238095238095,False,False,True,False,0,0,0,0,0.125,0.2068965517241379,2900000
0.930780137631274,0.0405405405405405,0.0715316667628889,0.0,0.09375,0.0952380952380952,0.0095238095238095,False,False,False,True,0,0,0,0,0.125,0.6206896551724138,12360000
0.9021146739759444,0.045045045045045,0.0219579316051806,0.0,0.03125,0.0476190476190476,0.0095238095238095,False,False,True,False,0,0,0,0,0.125,0.1379310344827586,2450000
0.8844621249740499,0.0705705705705705,0.0632565479283336,0.0,0.125,0.0952380952380952,0.019047619047619,False,True,False,False,1,1,1,1,0.25,0.0344827586206896,14600000
0.8358773777057706,0.0405405405405405,0.0649693050824625,0.0,0.03125,0.0476190476190476,0.0095238095238095,False,False,True,False,0,0,0,0,0.125,0.2068965517241379,5000000
0.7893422526948086,0.0,0.0537497834997979,0.0,0.0625,0.0476190476190476,0.019047619047619,False,False,False,True,0,0,0,0,0.125,0.3448275862068965,2500000
0.8756136155286356,0.0225225225225225,0.0135673459961895,0.0,0.0,0.0,0.0,False,False,True,False,0,0,0,0,0.125,0.1379310344827586,1700000
0.8596974750407185,0.018018018018018,0.0328310528645382,0.05,0.0625,0.0952380952380952,0.0095238095238095,False,False,True,False,0,0,0,0,0.125,0.3103448275862069,4900000
0.9639875851140688,0.015015015015015,0.0943171102515251,0.05,0.09375,0.0952380952380952,0.019047619047619,False,False,False,True,0,0,0,0,0.125,0.4482758620689654,24100000
0.8075307442336737,0.0405405405405405,0.2154802455593402,0.05,0.0,0.0,0.0,False,False,False,True,0,0,0,0,0.125,0.3793103448275862,16000000
0.9330644729093364,0.036036036036036,0.0762465600523449,0.0,0.09375,0.0952380952380952,0.019047619047619,False,False,False,True,0,0,0,0,0.125,0.3793103448275862,14220000
0.8190817525863281,0.0195195195195195,0.1419663991686392,0.0,0.125,0.1428571428571428,0.0380952380952381,False,True,False,False,1,1,1,1,0.625,0.1379310344827586,17500000
0.807952862313698,0.0,0.1532244096761157,0.0,0.125,0.0476190476190476,0.0571428571428571,False,True,False,False,1,1,1,1,0.5,0.1034482758620689,16980000
0.8064223604054348,0.0,0.0958759117064064,0.05,0.09375,0.0952380952380952,0.019047619047619,False,False,False,True,0,0,0,0,0.125,0.4827586206896552,11400000
0.8194444333124977,0.009009009009009,0.0354675442141523,0.0,0.0625,0.0952380952380952,0.0095238095238095,False,False,True,False,0,0,0,0,0.125,0.1379310344827586,5450000
0.8739917555210752,0.0465465465465465,0.0267305582818543,0.0,0.0625,0.0952380952380952,0.0095238095238095,True,False,False,False,0,0,0,0,0.125,0.0689655172413793,6000000
0.8005054173520989,0.0,0.05705983103362,0.05,0.0625,0.0952380952380952,0.019047619047619,False,False,True,False,0,0,0,0,0.125,0.2413793103448275,7050000
0.8005054173520989,0.0,0.0252487346765968,0.0,0.0,0.0,0.0,False,False,True,False,0,0,0,0,0.125,0.2413793103448275,3960000
0.884173380174758,0.0,0.0921232415372476,0.05,0.09375,0.0952380952380952,0.019047619047619,False,False,True,False,0,0,0,0,0.125,0.3103448275862069,17050000
0.8739917555210752,0.0465465465465465,0.0272116698420029,0.0,0.0625,0.0952380952380952,0.0095238095238095,True,False,False,False,0,0,0,0,0.125,0.0689655172413793,5000000
0.938048857791074,0.0555555555555555,0.0441852856840444,0.0,0.125,0.0952380952380952,0.019047619047619,True,False,False,False,0,0,0,0,0.125,0.1379310344827586,9800000
0.9058418369124296,0.06006006006006,0.0760541154282855,0.0,0.03125,0.0952380952380952,0.019047619047619,False,False,True,False,0,0,0,0,0.375,0.2413793103448275,11200000
0.8687935935462576,0.0105105105105105,0.035236610665281,0.0,0.03125,0.0476190476190476,0.019047619047619,False,False,True,False,0,0,0,0,0.125,0.2068965517241379,5600000
0.8952818472187118,0.042042042042042,0.0478994669283913,0.0,0.0625,0.0952380952380952,0.019047619047619,False,False,False,True,0,0,0,0,0.125,0.3793103448275862,5300000
0.849395594872135,0.024024024024024,0.161518772973077,0.0,0.15625,0.1428571428571428,0.0476190476190476,False,True,False,False,1,1,1,1,0.5,0.1034482758620689,23800000
0.9014549383001054,0.0465465465465465,0.1084810345822989,0.05,0.125,0.0952380952380952,0.019047619047619,False,False,False,True,0,0,0,0,0.125,0.5172413793103449,14200000
0.8504448778540166,0.036036036036036,0.0173200161653484,0.0,0.03125,0.0476190476190476,0.0095238095238095,True,False,False,False,0,0,0,0,0.125,0.1379310344827586,800000
0.8267951265013096,0.0,0.0721474895598791,0.05,0.09375,0.0952380952380952,0.019047619047619,False,False,True,False,0,0,0,0,0.125,0.1724137931034483,7600000
0.8907263789996591,0.024024024024024,0.1997190308488732,0.05,0.125,0.0952380952380952,0.0380952380952381,False,False,True,False,0,0,0,0,0.125,0.1379310344827586,24680000
0.8664291628678882,0.048048048048048,0.0734368685410773,0.0,0.125,0.0952380952380952,0.019047619047619,True,False,False,False,0,0,0,0,0.125,0.1379310344827586,7700000
0.881466826262681,0.012012012012012,0.027519581240498,0.05,0.0,0.0,0.0,False,False,True,False,0,0,0,0,0.125,0.3103448275862069,4780000
0.7937747817665581,0.0,0.0496314685449261,0.05,0.09375,0.0952380952380952,0.019047619047619,False,False,True,False,0,0,0,0,0.125,0.1379310344827586,9100000
0.9138611052376576,0.0345345345345345,0.0901795508342474,0.05,0.09375,0.0952380952380952,0.019047619047619,False,False,True,False,0,0,0,0,0.125,0.1379310344827586,15630000
0.7909269689338032,0.039039039039039,0.0535188499509266,0.0,0.0625,0.0952380952380952,0.019047619047619,False,False,True,False,0,0,0,0,0.125,0.3103448275862069,3000000
0.8605471628460464,0.0195195195195195,0.0255758905374978,0.0,0.03125,0.0476190476190476,0.0095238095238095,False,False,True,False,0,0,0,0,0.125,0.3103448275862069,5400000
0.9092944304247226,0.042042042042042,0.1199122452514289,0.05,0.09375,0.0952380952380952,0.019047619047619,False,False,True,False,0,0,0,0,0.125,0.2068965517241379,11000000
0.8952818472187118,0.042042042042042,0.0421068837442026,0.0,0.03125,0.0476190476190476,0.0095238095238095,False,False,False,True,0,0,0,0,0.125,0.3793103448275862,5600000
0.7677079637488475,0.0,0.0715894001501068,0.05,0.09375,0.0952380952380952,0.019047619047619,False,False,True,False,0,0,0,0,0.125,0.1379310344827586,8100000
0.881466826262681,0.012012012012012,0.024151800319458,0.0,0.0,0.0,0.0,False,False,True,False,0,0,0,0,0.125,0.3103448275862069,4100000
0.8194721722367433,0.0705705705705705,0.0494005349960548,0.0,0.09375,0.0952380952380952,0.019047619047619,False,True,False,False,1,1,1,1,0.5,0.1034482758620689,9859080
0.9691788651405772,0.0,0.0621596135711948,0.05,0.0625,0.0952380952380952,0.0095238095238095,False,False,False,True,0,0,0,0,0.125,0.9655172413793104,11750000
0.8048250844877316,0.0195195195195195,0.1201239343378942,0.0,0.125,0.0952380952380952,0.0285714285714285,False,True,False,False,1,1,1,1,0.375,0.0689655172413793,11880000
0.9649126767078542,0.0195195195195195,0.0923734195485249,0.05,0.09375,0.0952380952380952,0.019047619047619,False,False,False,True,0,0,0,0,0.125,0.4482758620689654,21300000
0.8504448778540166,0.036036036036036,0.0341396763081423,0.0,0.0,0.0,0.0,True,False,False,False,0,0,0,0,0.125,0.1379310344827586,1650000
0.9960360570863144,0.0315315315315315,0.0202644189134576,0.0,0.03125,0.0476190476190476,0.0095238095238095,True,False,False,False,0,0,0,0,0.125,0.1034482758620689,3800000
0.8542813517565833,0.0105105105105105,0.0630256143794623,0.05,0.0625,0.0952380952380952,0.0095238095238095,False,False,False,True,0,0,0,0,0.125,0.3793103448275862,10250000
0.8691009162043315,0.036036036036036,0.0789600292515828,0.05,0.0625,0.0952380952380952,0.019047619047619,False,False,False,True,0,0,0,0,0.125,0.4482758620689654,9000000
0.8504448778540166,0.0375375375375375,0.0170698381540711,0.0,0.03125,0.0476190476190476,0.0095238095238095,True,False,False,False,0,0,0,0,0.125,0.1379310344827586,1100000
0.8411271421842912,0.0405405405405405,0.0399899928795489,0.0,0.0625,0.0476190476190476,0.0095238095238095,False,False,False,True,0,0,0,0,0.125,0.3793103448275862,6080000
0.9809750448883392,0.066066066066066,0.0556742297403922,0.0,0.09375,0.0952380952380952,0.0095238095238095,False,True,False,False,1,1,1,1,0.25,0.0344827586206896,3500000
0.8831576046630119,0.027027027027027,0.0937397763793468,0.05,0.09375,0.0952380952380952,0.019047619047619,False,False,False,True,0,0,0,0,0.125,0.4137931034482758,16450000
0.8575676404750823,0.045045045045045,0.0763042934395627,0.05,0.09375,0.0952380952380952,0.019047619047619,False,False,True,False,0,0,0,0,0.125,0.1379310344827586,11000000
0.8820416839931227,0.036036036036036,0.041625772184054,0.0,0.0625,0.0476190476190476,0.0095238095238095,False,False,False,True,0,0,0,0,0.125,0.6896551724137931,7500000
0.9069084699629286,0.021021021021021,0.128610742258915,0.0,0.125,0.0952380952380952,0.0285714285714285,False,True,False,False,1,1,1,1,0.5,0.1034482758620689,15600000
0.8267951265013096,0.0015015015015015,0.073860246714008,0.05,0.09375,0.0952380952380952,0.019047619047619,False,False,True,False,0,0,0,0,0.125,0.1724137931034483,10000000
0.8810389077411571,0.0,0.1094240132401901,0.05,0.09375,0.0952380952380952,0.019047619047619,False,False,False,True,0,0,0,0,0.125,0.3448275862068965,24150000
0.90736171879351,0.0195195195195195,0.0501318245674807,0.05,0.03125,0.0476190476190476,0.0095238095238095,False,False,True,False,0,0,0,0,0.125,0.2068965517241379,4460000
0.870185095441343,0.033033033033033,0.2307026153224409,0.0,0.28125,0.1428571428571428,0.0476190476190476,False,True,False,False,1,1,1,1,0.5,0.1034482758620689,18360000
0.8810385619395902,0.0,0.0908915959432673,0.05,0.09375,0.0952380952380952,0.019047619047619,False,False,True,False,0,0,0,0,0.125,0.3103448275862069,17000000
0.8813667737582023,0.045045045045045,0.0232473105863787,0.0,0.03125,0.0476190476190476,0.0095238095238095,False,False,True,False,0,0,0,0,0.125,0.1379310344827586,3460000
0.9019639097998606,0.0345345345345345,0.0568481419471547,0.0,0.09375,0.0952380952380952,0.019047619047619,True,False,False,False,0,0,0,0,0.125,0.1379310344827586,3500000
0.9595513573897564,0.012012012012012,0.080903719954583,0.05,0.0625,0.0952380952380952,0.0095238095238095,False,False,False,True,0,0,0,0,0.125,0.4482758620689654,19500000
0.9791071127447708,0.0195195195195195,0.021149664184131,0.0,0.0,0.0,0.0,False,False,False,True,0,0,0,0,0.125,0.4137931034482758,5800000
0.8879901640846981,0.0315315315315315,0.1855935954429113,0.0,0.15625,0.0952380952380952,0.0380952380952381,False,True,False,False,1,1,1,1,0.5,0.1034482758620689,18150000
0.8864820849143769,0.0495495495495495,0.1201239343378942,0.0,0.125,0.0952380952380952,0.019047619047619,False,True,False,False,1,1,1,1,0.625,0.1379310344827586,16400000
0.930780137631274,0.0405405405405405,0.0936243096049111,0.05,0.09375,0.0952380952380952,0.019047619047619,False,False,False,True,0,0,0,0,0.125,0.6206896551724138,13000000
0.8884840592985483,0.0495495495495495,0.0871581702365144,0.0,0.09375,0.0952380952380952,0.0285714285714285,True,False,False,False,0,0,0,0,0.25,0.1379310344827586,9880000
0.820001711862858,0.036036036036036,0.1536477878490464,0.0,0.125,0.1428571428571428,0.0285714285714285,False,True,False,False,1,1,1,1,0.25,0.0344827586206896,16600000
0.9675174813824584,0.0075075075075075,0.0749571810711467,0.05,0.0625,0.0952380952380952,0.0095238095238095,False,False,False,True,0,0,0,0,0.125,0.7586206896551725,19800000
0.834633708368699,0.0,0.105767565383061,0.05,0.09375,0.0952380952380952,0.019047619047619,False,False,False,True,0,0,0,0,0.125,0.4827586206896552,13800000
0.9718013203155352,0.03003003003003,0.073860246714008,0.05,0.09375,0.0952380952380952,0.019047619047619,False,False,True,False,0,0,0,0,0.125,0.2758620689655172,14600000
0.9330644729093364,0.0345345345345345,0.0756499817177607,0.0,0.09375,0.0952380952380952,0.019047619047619,False,False,False,True,0,0,0,0,0.125,0.3793103448275862,14500000
0.81049387085082,0.021021021021021,0.017108327078883,0.0,0.0,0.0,0.0,False,False,True,False,0,0,0,0,0.125,0.1724137931034483,1150000
0.9049677953356364,0.0135135135135135,0.107422589149972,0.05,0.03125,0.0476190476190476,0.0095238095238095,False,False,True,False,0,0,0,0,0.125,0.2413793103448275,21560000
0.894364370334074,0.045045045045045,0.0682408636914727,0.0,0.09375,0.0952380952380952,0.019047619047619,True,False,False,False,0,0,0,0,0.125,0.1379310344827586,5380000
0.914302519087272,0.033033033033033,0.074187402574909,0.05,0.09375,0.0952380952380952,0.019047619047619,False,False,True,False,0,0,0,0,0.125,0.1379310344827586,12600000
0.7901583372161269,0.06006006006006,0.0618324577102938,0.0,0.09375,0.0952380952380952,0.019047619047619,False,True,False,False,1,1,1,1,0.25,0.0344827586206896,3450000
0.8965439585410877,0.0195195195195195,0.0210149529472894,0.0,0.03125,0.0476190476190476,0.0095238095238095,False,False,True,False,0,0,0,0,0.125,0.2068965517241379,4540000
0.8820416839931227,0.0345345345345345,0.1139464619055866,0.05,0.09375,0.0952380952380952,0.019047619047619,False,False,False,True,0,0,0,0,0.125,0.7241379310344828,15000000
0.8911268957702703,0.0585585585585585,0.0630448588418682,0.0,0.09375,0.0952380952380952,0.019047619047619,True,False,False,False,0,0,0,0,0.125,0.1379310344827586,5300000
0.8839297370578265,0.033033033033033,0.0671246848719281,0.0,0.09375,0.0952380952380952,0.019047619047619,False,False,False,True,0,0,0,0,0.125,0.6551724137931035,10200000
0.9048157542840158,0.042042042042042,0.0194176625675961,0.0,0.09375,0.0952380952380952,0.019047619047619,False,False,True,False,0,0,0,0,0.125,0.0,493000
0.9042504507604008,0.024024024024024,0.019783307353309,0.0,0.03125,0.0476190476190476,0.0095238095238095,False,False,True,False,0,0,0,0,0.125,0.2413793103448275,4500000
0.8596974750407185,0.0195195195195195,0.0328310528645382,0.05,0.0625,0.0476190476190476,0.0095238095238095,False,False,True,False,0,0,0,0,0.125,0.3103448275862069,6700000
0.9538132318561452,0.0045045045045045,0.0758039374170082,0.05,0.0625,0.0952380952380952,0.0095238095238095,False,False,True,False,0,0,0,0,0.125,0.1724137931034483,14850000
0.8883294612802217,0.036036036036036,0.0940861767026538,0.05,0.125,0.0952380952380952,0.019047619047619,False,False,False,True,0,0,0,0,0.125,0.4482758620689654,12500000
0.8902072324159462,0.0585585585585585,0.0697419317591363,0.0,0.09375,0.0952380952380952,0.019047619047619,False,False,True,False,0,0,0,0,0.125,0.3103448275862069,12000000
0.973141725417122,0.0015015015015015,0.0258068240863691,0.0,0.09375,0.0952380952380952,0.019047619047619,False,False,True,False,0,0,0,0,0.125,0.1034482758620689,4000000
0.9048157542840158,0.042042042042042,0.0675288185824529,0.05,0.0625,0.0476190476190476,0.0095238095238095,True,False,False,False,0,0,0,0,0.125,0.1034482758620689,7500000
0.8820416839931227,0.036036036036036,0.1118295710409329,0.05,0.09375,0.0952380952380952,0.019047619047619,False,False,False,True,0,0,0,0,0.125,0.7241379310344828,16700000
0.8767671618506654,0.039039039039039,0.080557319631276,0.0,0.09375,0.0476190476190476,0.0285714285714285,False,False,False,True,0,0,0,0,0.125,0.3793103448275862,7000000
0.8831576046630119,0.027027027027027,0.0979735581086542,0.05,0.09375,0.0952380952380952,0.019047619047619,False,False,False,True,0,0,0,0,0.125,0.4137931034482758,15500000
0.8707946179458474,0.039039039039039,0.0601581894809768,0.0,0.0625,0.0952380952380952,0.019047619047619,False,False,False,True,0,0,0,0,0.125,0.3793103448275862,9000000
0.8845818312682923,0.039039039039039,0.0303677616765775,0.0,0.0,0.0,0.0,False,False,False,True,0,0,0,0,0.125,0.3793103448275862,4350000
0.8820416839931227,0.0345345345345345,0.0679521967553836,0.0,0.09375,0.0952380952380952,0.019047619047619,False,False,False,True,0,0,0,0,0.125,0.7241379310344828,8600000
0.8267951265013096,0.0,0.073860246714008,0.05,0.09375,0.0952380952380952,0.019047619047619,False,False,True,False,0,0,0,0,0.125,0.1724137931034483,8080000
0.9017182055552836,0.042042042042042,0.0227854434886361,0.0,0.0,0.0,0.0,False,False,True,False,0,0,0,0,0.125,0.2068965517241379,2600000
0.8942958663591014,0.0435435435435435,0.0273271366164386,0.0,0.03125,0.0476190476190476,0.0095238095238095,False,False,True,False,0,0,0,0,0.125,0.2068965517241379,2500000
0.8793807070689184,0.027027027027027,0.1100783249619921,0.0,0.125,0.0952380952380952,0.019047619047619,False,False,False,True,0,0,0,0,0.125,0.4482758620689654,15800000
0.8361626266627411,0.042042042042042,0.0673941073456113,0.0,0.09375,0.0952380952380952,0.019047619047619,False,False,True,False,0,0,0,0,0.125,0.2068965517241379,7580000
0.841963075111579,0.003003003003003,0.0510940476877778,0.0,0.09375,0.0952380952380952,0.0095238095238095,False,False,True,False,0,0,0,0,0.125,0.2758620689655172,5300000
0.8935274792955568,0.0,0.0919500413755941,0.0,0.15625,0.0952380952380952,0.0285714285714285,False,True,False,False,1,1,1,1,0.375,0.0689655172413793,20100000
0.8432093358957218,0.0,0.0659507726651656,0.05,0.09375,0.0476190476190476,0.019047619047619,False,False,True,False,0,0,0,0,0.125,0.1379310344827586,8900000
0.8883246483339065,0.045045045045045,0.0643727267478783,0.0,0.09375,0.0952380952380952,0.019047619047619,False,False,True,False,0,0,0,0,0.125,0.1379310344827586,6800000
0.9588150557934512,0.0405405405405405,0.0543656062967881,0.0,0.09375,0.0952380952380952,0.019047619047619,True,False,False,False,0,0,0,0,0.125,0.1379310344827586,12000000
0.8556741026587815,0.0,0.0587918326501549,0.0,0.15625,0.1904761904761904,0.0380952380952381,False,True,False,False,1,1,1,1,0.25,0.0344827586206896,8000000
0.8517483790357119,0.0585585585585585,0.0610049458268383,0.0,0.125,0.0952380952380952,0.019047619047619,False,True,False,False,1,1,1,1,0.25,0.0344827586206896,8550000
0.9452417415308504,0.039039039039039,0.0884667936801185,0.05,0.0625,0.0952380952380952,0.019047619047619,False,False,False,True,0,0,0,0,0.125,0.6551724137931035,20500000
0.8854709047294591,0.0,0.0451282643419356,0.0,0.0625,0.0952380952380952,0.0095238095238095,False,False,True,False,0,0,0,0,0.125,0.2758620689655172,4500000
0.8088326833934047,0.0,0.0549429401689663,0.05,0.0625,0.0476190476190476,0.0095238095238095,False,False,True,False,0,0,0,0,0.125,0.3103448275862069,5500000
0.8831576046630119,0.0255255255255255,0.0937397763793468,0.05,0.09375,0.0952380952380952,0.019047619047619,False,False,False,True,0,0,0,0,0.125,0.4137931034482758,14300000
0.8839297370578265,0.033033033033033,0.0413948386351827,0.0,0.0625,0.0952380952380952,0.0095238095238095,False,False,False,True,0,0,0,0,0.125,0.6551724137931035,7600000
0.8159726423340032,0.0195195195195195,0.0592536997478975,0.0,0.09375,0.0952380952380952,0.019047619047619,False,False,False,True,0,0,0,0,0.125,0.4482758620689654,6500000
0.8107938322686152,0.0255255255255255,0.0567904085599368,0.05,0.0625,0.0952380952380952,0.0095238095238095,False,False,True,False,0,0,0,0,0.125,0.1379310344827586,4700000
0.8970041717999777,0.021021021021021,0.0222465985412697,0.0,0.03125,0.0476190476190476,0.0095238095238095,False,False,True,False,0,0,0,0,0.125,0.2758620689655172,5680000
0.8853826704822154,0.0435435435435435,0.0593884109847391,0.0,0.09375,0.0952380952380952,0.019047619047619,False,False,True,False,0,0,0,0,0.125,0.1724137931034483,8100000
0.8676629108846612,0.042042042042042,0.0389892808344398,0.0,0.0625,0.0952380952380952,0.0095238095238095,False,False,True,False,0,0,0,0,0.125,0.2758620689655172,6200000
0.8813667737582023,0.045045045045045,0.0726286011200277,0.05,0.09375,0.0952380952380952,0.019047619047619,False,False,True,False,0,0,0,0,0.125,0.1379310344827586,11500000
0.888309994727166,0.0525525525525525,0.0578873429170756,0.0,0.09375,0.0952380952380952,0.019047619047619,True,False,False,False,0,0,0,0,0.125,0.1379310344827586,5880000
0.8732600447084167,0.0,0.0644304601350961,0.05,0.0625,0.0952380952380952,0.0095238095238095,False,False,True,False,0,0,0,0,0.125,0.2068965517241379,14600000
0.8531516679103106,0.0405405405405405,0.0607162788907491,0.0,0.09375,0.0952380952380952,0.019047619047619,False,False,True,False,0,0,0,0,0.125,0.2068965517241379,6700000
0.8094239761437052,0.042042042042042,0.0612166349133036,0.0,0.09375,0.0952380952380952,0.019047619047619,False,False,True,False,0,0,0,0,0.125,0.1379310344827586,5700000
0.8409117214374646,0.0,0.1069029886650116,0.0,0.125,0.1428571428571428,0.0476190476190476,False,True,False,False,1,1,1,1,0.375,0.0689655172413793,17000000
0.8752125417884713,0.045045045045045,0.0596770779208282,0.0,0.09375,0.0476190476190476,0.0285714285714285,False,False,True,False,0,0,0,0,0.125,0.1379310344827586,10650000
0.9931302905364704,0.033033033033033,0.0926428420222081,0.05,0.09375,0.0952380952380952,0.019047619047619,False,False,False,True,0,0,0,0,0.125,0.4482758620689654,17880000
0.9099146307885064,0.042042042042042,0.0775166945711371,0.05,0.09375,0.0952380952380952,0.0095238095238095,False,False,True,False,0,0,0,0,0.125,0.1379310344827586,10800000
0.8783303941422673,0.024024024024024,0.0207840193984181,0.0,0.0,0.0,0.0,False,False,True,False,0,0,0,0,0.125,0.1379310344827586,3000000
0.8748402723724382,0.0555555555555555,0.0573292535073032,0.0,0.09375,0.0952380952380952,0.019047619047619,True,False,False,False,0,0,0,0,0.125,0.1379310344827586,7900000
0.8770292373015423,0.039039039039039,0.0294825164059042,0.0,0.03125,0.0476190476190476,0.0095238095238095,False,False,True,False,0,0,0,0,0.125,0.1379310344827586,4000000
0.8099840576604436,0.003003003003003,0.0421261282066085,0.0,0.0625,0.0476190476190476,0.0095238095238095,False,False,False,True,0,0,0,0,0.125,0.4482758620689654,6050000
0.8827304214912886,0.0,0.099051248003387,0.05,0.09375,0.0952380952380952,0.019047619047619,False,False,False,True,0,0,0,0,0.125,0.3448275862068965,19870000
0.90568517342723,0.0345345345345345,0.0853491907703558,0.05,0.09375,0.0952380952380952,0.019047619047619,False,False,False,True,0,0,0,0,0.125,0.3793103448275862,11500000
0.9122778055283618,0.036036036036036,0.0807882531801474,0.05,0.125,0.0952380952380952,0.019047619047619,False,False,False,True,0,0,0,0,0.125,0.3793103448275862,14500000
0.8524890670175864,0.018018018018018,0.0874660816350095,0.05,0.09375,0.0952380952380952,0.019047619047619,False,False,False,True,0,0,0,0,0.125,0.4827586206896552,12800000
0.8504080620708976,0.0075075075075075,0.1511075188114619,0.0,0.1875,0.0952380952380952,0.0666666666666666,False,True,False,False,1,1,1,1,0.5,0.1034482758620689,20500000
0.924075949910616,0.0,0.1075765448492196,0.0,0.125,0.0952380952380952,0.019047619047619,False,True,False,False,1,1,1,1,0.375,0.0689655172413793,10500000
0.9512825458386088,0.0,0.0903527509959009,0.0,0.125,0.0952380952380952,0.019047619047619,True,False,False,False,0,0,0,0,0.125,0.1379310344827586,11500000
0.9019639097998606,0.0345345345345345,0.0860612358793757,0.05,0.09375,0.0952380952380952,0.019047619047619,True,False,False,False,0,0,0,0,0.125,0.1379310344827586,5000000
0.8111475145371116,0.0,0.0710120662779285,0.05,0.09375,0.0952380952380952,0.019047619047619,False,False,True,False,0,0,0,0,0.125,0.1724137931034483,7810000
0.8888195454003665,0.0375375375375375,0.1008024940823278,0.05,0.0625,0.0952380952380952,0.019047619047619,False,False,False,True,0,0,0,0,0.125,0.3793103448275862,11000000
0.977067635462248,0.006006006006006,0.0518253372592036,0.05,0.09375,0.0952380952380952,0.019047619047619,False,False,True,False,0,0,0,0,0.125,0.2068965517241379,14800000
0.8753281819410006,0.0375375375375375,0.0875623039470392,0.0,0.09375,0.0952380952380952,0.019047619047619,False,False,True,False,0,0,0,0,0.125,0.1379310344827586,9350000
0.8747292785186858,0.045045045045045,0.0494967573080845,0.0,0.09375,0.0952380952380952,0.019047619047619,False,False,False,True,0,0,0,0,0.125,0.5172413793103449,3200000
0.8102670182693998,0.0,0.0610434347516502,0.0,0.09375,0.0952380952380952,0.0095238095238095,False,False,False,True,0,0,0,0,0.125,0.4482758620689654,8300000
0.9122030640631068,0.0495495495495495,0.0873698593229798,0.0,0.125,0.0952380952380952,0.019047619047619,True,False,False,False,0,0,0,0,0.125,0.1379310344827586,13800000
0.8909372381886556,0.0,0.0338702538344591,0.0,0.03125,0.0476190476190476,0.0095238095238095,False,False,True,False,0,0,0,0,0.125,0.2068965517241379,3980000
0.8580875026225385,0.066066066066066,0.0430691068644997,0.0,0.15625,0.0952380952380952,0.0285714285714285,False,True,False,False,1,1,1,1,0.25,0.0344827586206896,5000000
0.8088326833934047,0.0,0.0347554991051324,0.0,0.03125,0.0476190476190476,0.0095238095238095,False,False,True,False,0,0,0,0,0.125,0.3103448275862069,4500000
0.8398624916481481,0.0105105105105105,0.0958181783191886,0.05,0.09375,0.0952380952380952,0.019047619047619,False,False,False,True,0,0,0,0,0.125,0.4827586206896552,15800000
0.9014549383001054,0.0465465465465465,0.0493812905336489,0.0,0.0625,0.0952380952380952,0.0095238095238095,False,False,False,True,0,0,0,0,0.125,0.5172413793103449,7100000
0.9235114293191486,0.009009009009009,0.0306949175374785,0.0,0.03125,0.0476190476190476,0.0095238095238095,False,False,False,True,0,0,0,0,0.125,0.3448275862068965,5010000
0.9970942964035884,0.033033033033033,0.0180128168119623,0.0,0.0,0.0,0.0,False,False,True,False,0,0,0,0,0.125,0.1379310344827586,2500000
0.8568520113537943,0.0405405405405405,0.0871774146989203,0.05,0.125,0.0476190476190476,0.019047619047619,False,False,True,False,0,0,0,0,0.125,0.2068965517241379,6500000
0.9682903255784368,0.039039039039039,0.0307911398495083,0.05,0.03125,0.0476190476190476,0.0095238095238095,False,False,True,False,0,0,0,0,0.125,0.2068965517241379,6080000
0.9019639097998606,0.0345345345345345,0.0467255547216288,0.0,0.0625,0.0952380952380952,0.0095238095238095,False,False,True,False,0,0,0,0,0.125,0.3103448275862069,5840000
0.8159726423340032,0.021021021021021,0.0904104843831187,0.05,0.09375,0.0952380952380952,0.019047619047619,False,False,False,True,0,0,0,0,0.125,0.4482758620689654,11250000
0.9122589539398972,0.0615615615615615,0.15178107499567,0.0,0.3125,0.0952380952380952,0.0952380952380952,False,False,True,False,0,0,0,0,0.125,0.3103448275862069,13800000
0.8715122705323779,0.0285285285285285,0.0250755345149433,0.0,0.03125,0.0476190476190476,0.0095238095238095,False,False,False,True,0,0,0,0,0.125,0.3793103448275862,3300000
0.8683278087383712,0.066066066066066,0.0915074187402574,0.0,0.15625,0.1428571428571428,0.0476190476190476,False,True,False,False,1,1,1,1,0.5,0.1034482758620689,18000000
0.8471414436213536,0.0615615615615615,0.0797682966726324,0.0,0.1875,0.0952380952380952,0.0285714285714285,False,True,False,False,1,1,1,1,0.375,0.0689655172413793,9500000
0.7893422526948086,0.0,0.0563670303870061,0.0,0.0625,0.0476190476190476,0.0095238095238095,False,False,False,True,0,0,0,0,0.125,0.3448275862068965,4500000
0.9051536563877676,0.0345345345345345,0.1422743105671343,0.0,0.21875,0.0952380952380952,0.0380952380952381,False,True,False,False,1,1,1,1,0.5,0.1034482758620689,16380000
0.9791071127447708,0.0195195195195195,0.0197448184284972,0.0,0.03125,0.0476190476190476,0.0095238095238095,False,False,False,True,0,0,0,0,0.125,0.4137931034482758,5600000
0.8959951535986193,0.0165165165165165,0.1058830321574966,0.1,0.09375,0.0952380952380952,0.019047619047619,False,False,False,True,0,0,0,0,0.125,0.4137931034482758,18900000
0.8841410003319652,0.0255255255255255,0.0293670496314685,0.0,0.03125,0.0476190476190476,0.0095238095238095,False,False,True,False,0,0,0,0,0.125,0.1034482758620689,3400000
0.7811682958297013,0.0045045045045045,0.0722052229470969,0.05,0.09375,0.0952380952380952,0.019047619047619,False,False,True,False,0,0,0,0,0.125,0.2413793103448275,8000000
0.8294280839102726,0.042042042042042,0.0624867694320959,0.05,0.09375,0.0952380952380952,0.019047619047619,True,False,False,False,0,0,0,0,0.125,0.1379310344827586,5000000
0.8274647010346996,0.0435435435435435,0.0573677424321151,0.0,0.125,0.0952380952380952,0.019047619047619,True,False,False,False,0,0,0,0,0.125,0.1379310344827586,8550000
0.8533716827270439,0.069069069069069,0.0315031849585281,0.0,0.1875,0.1428571428571428,0.0285714285714285,False,True,False,False,1,1,1,1,0.25,0.0344827586206896,10800000
0.8472355542583614,0.009009009009009,0.0870811923868906,0.05,0.09375,0.0952380952380952,0.019047619047619,False,False,False,True,0,0,0,0,0.125,0.3448275862068965,15100000
0.8001819537104495,0.0075075075075075,0.0799799857590978,0.05,0.0625,0.0952380952380952,0.019047619047619,False,False,True,False,0,0,0,0,0.125,0.3103448275862069,9800000
0.8697091223502582,0.045045045045045,0.0468602659584704,0.0,0.0625,0.0476190476190476,0.0095238095238095,True,False,False,False,0,0,0,0,0.125,0.1379310344827586,6500000
0.8988096475460452,0.0405405405405405,0.0841945230259992,0.05,0.0625,0.0952380952380952,0.0095238095238095,False,False,True,False,0,0,0,0,0.125,0.1379310344827586,12200000
0.882238838844188,0.009009009009009,0.0997825375748128,0.05,0.09375,0.0952380952380952,0.019047619047619,False,False,False,True,0,0,0,0,0.125,0.3448275862068965,18800000
0.8773624697873004,0.0,0.0607932567403729,0.0,0.21875,0.1428571428571428,0.0285714285714285,False,True,False,False,1,1,1,1,0.25,0.0344827586206896,10200000
0.8663372842086119,0.024024024024024,0.0788253180147412,0.05,0.0625,0.0952380952380952,0.019047619047619,False,False,False,True,0,0,0,0,0.125,0.4482758620689654,12300000
0.8914311619002433,0.006006006006006,0.051344225699055,0.0,0.09375,0.0952380952380952,0.019047619047619,False,False,True,False,0,0,0,0,0.125,0.3103448275862069,17000000
0.884173380174758,0.0,0.0555395185035506,0.05,0.0,0.0,0.0,False,False,True,False,0,0,0,0,0.125,0.3103448275862069,11200000
0.8005054173520989,0.0,0.0556357408155803,0.05,0.03125,0.0476190476190476,0.0095238095238095,False,False,True,False,0,0,0,0,0.125,0.2413793103448275,13000000
0.8710938023878043,0.036036036036036,0.0239401112329927,0.0,0.03125,0.0476190476190476,0.0095238095238095,False,False,False,True,0,0,0,0,0.125,0.4482758620689654,2500000
0.8425860164424535,0.0,0.1139464619055866,0.0,0.15625,0.0952380952380952,0.0380952380952381,False,True,False,False,1,1,1,1,0.5,0.1034482758620689,15580000
0.8951104797655489,0.0435435435435435,0.0457440871389257,0.05,0.03125,0.0476190476190476,0.0095238095238095,False,False,True,False,0,0,0,0,0.125,0.2758620689655172,4900000
0.9003253073150574,0.0105105105105105,0.0251332679021611,0.0,0.03125,0.0476190476190476,0.0095238095238095,False,False,False,True,0,0,0,0,0.125,0.3793103448275862,5250000
0.8345162132671646,0.0435435435435435,0.0915266632026634,0.0,0.125,0.0952380952380952,0.0285714285714285,False,True,False,False,1,1,1,1,0.375,0.0689655172413793,10000000
0.8939585345655416,0.039039039039039,0.0745915362854338,0.05,0.09375,0.0476190476190476,0.019047619047619,False,False,True,False,0,0,0,0,0.125,0.2068965517241379,7100000
0.9143985332873968,0.045045045045045,0.1082885899582395,0.0,0.15625,0.0952380952380952,0.0285714285714285,False,True,False,False,1,1,1,1,0.375,0.0689655172413793,15300000
0.7677079637488475,0.0,0.0714546889132652,0.05,0.09375,0.0952380952380952,0.019047619047619,False,False,True,False,0,0,0,0,0.125,0.1379310344827586,7720000
0.8551099529481974,0.0195195195195195,0.1068260108153878,0.0,0.09375,0.0952380952380952,0.019047619047619,False,False,False,True,0,0,0,0,0.125,0.4482758620689654,13000000
0.8472355542583614,0.0105105105105105,0.0888901718530492,0.05,0.09375,0.0952380952380952,0.019047619047619,False,False,True,False,0,0,0,0,0.125,0.3103448275862069,16000000
0.8645479792449748,0.0555555555555555,0.0250947789773492,0.0,0.0625,0.0476190476190476,0.019047619047619,False,True,False,False,1,1,1,1,0.375,0.0689655172413793,5550000
0.8882604629158095,0.06006006006006,0.0501318245674807,0.0,0.09375,0.0952380952380952,0.019047619047619,True,False,False,False,0,0,0,0,0.125,0.1379310344827586,9990000
0.841957592758007,0.027027027027027,0.1004945826838327,0.05,0.09375,0.0952380952380952,0.019047619047619,False,False,True,False,0,0,0,0,0.125,0.2068965517241379,11280000
0.8921247642677201,0.0375375375375375,0.063121836691492,0.0,0.09375,0.0952380952380952,0.019047619047619,True,False,False,False,0,0,0,0,0.125,0.1379310344827586,6600000
0.9796554715672698,0.0615615615615615,0.0576371649057983,0.0,0.125,0.0952380952380952,0.019047619047619,False,True,False,False,1,1,1,1,0.25,0.0344827586206896,16760000
0.8578802901943163,0.0675675675675675,0.0864268806650886,0.0,0.09375,0.0952380952380952,0.0285714285714285,False,True,False,False,1,1,1,1,0.25,0.0344827586206896,10500000
0.8872901483930491,0.036036036036036,0.0861574581914054,0.05,0.125,0.0952380952380952,0.019047619047619,False,False,True,False,0,0,0,0,0.125,0.2068965517241379,13200000
0.8995673870936116,0.0375375375375375,0.0854839020071974,0.05,0.09375,0.0952380952380952,0.019047619047619,False,False,False,True,0,0,0,0,0.125,0.6551724137931035,9900000
0.8153355370811255,0.0675675675675675,0.1159671304582106,0.0,0.09375,0.0952380952380952,0.0380952380952381,False,True,False,False,1,1,1,1,0.25,0.0344827586206896,11000000
0.8807933763123685,0.039039039039039,0.0178203721879029,0.0,0.03125,0.0476190476190476,0.0095238095238095,False,False,True,False,0,0,0,0,0.125,0.2068965517241379,2350000
0.828565141127001,0.0405405405405405,0.0534418721013028,0.0,0.09375,0.0952380952380952,0.0095238095238095,False,False,True,False,0,0,0,0,0.125,0.2758620689655172,6900000
0.9758787583762398,0.039039039039039,0.0810191867290187,0.0,0.0625,0.0476190476190476,0.0095238095238095,False,False,True,False,0,0,0,0,0.125,0.2068965517241379,13750000
0.7937747817665581,0.0,0.0510555587629659,0.05,0.09375,0.0952380952380952,0.019047619047619,False,False,True,False,0,0,0,0,0.125,0.1379310344827586,7800000
0.9614570565717032,0.0465465465465465,0.019802551815715,0.0,0.03125,0.0476190476190476,0.0095238095238095,True,False,False,False,0,0,0,0,0.125,0.1034482758620689,2400000
0.874022993412467,0.0015015015015015,0.0448973307930642,0.0,0.03125,0.0476190476190476,0.0095238095238095,False,False,False,True,0,0,0,0,0.125,0.3793103448275862,8500000
0.9051945409387372,0.0465465465465465,0.1620191289956315,0.0,0.15625,0.1428571428571428,0.0095238095238095,True,False,False,False,0,0,0,0,0.125,0.2068965517241379,24000000
0.8827304214912886,0.0,0.0552508515674614,0.05,0.0625,0.0952380952380952,0.019047619047619,False,False,False,True,0,0,0,0,0.125,0.3448275862068965,9940000
0.9013404816813876,0.042042042042042,0.0539614725862633,0.05,0.09375,0.0952380952380952,0.019047619047619,False,False,True,False,0,0,0,0,0.125,0.1379310344827586,6980000
0.9773906041536692,0.0135135135135135,0.0764582491388103,0.05,0.0625,0.0952380952380952,0.0095238095238095,False,False,False,True,0,0,0,0,0.125,0.4482758620689654,20200000
0.9826743404223066,0.012012012012012,0.0516136481727382,0.05,0.09375,0.0952380952380952,0.019047619047619,False,False,True,False,0,0,0,0,0.125,0.2758620689655172,16450000
0.8536972329584955,0.015015015015015,0.0993399149394761,0.1,0.09375,0.0952380952380952,0.019047619047619,False,False,False,True,0,0,0,0,0.125,0.4827586206896552,16250000
0.8951885225025364,0.0015015015015015,0.0370263456690337,0.05,0.0625,0.0476190476190476,0.0095238095238095,False,False,True,False,0,0,0,0,0.125,0.1379310344827586,12800000
0.8267951265013096,0.0015015015015015,0.073860246714008,0.05,0.09375,0.0952380952380952,0.019047619047619,False,False,True,False,0,0,0,0,0.125,0.1724137931034483,10060000
0.8752125417884713,0.0465465465465465,0.0189557954698535,0.0,0.03125,0.0476190476190476,0.0095238095238095,False,False,True,False,0,0,0,0,0.125,0.1379310344827586,3800000
0.9032720278141256,0.0,0.0677597521313242,0.0,0.0,0.0,0.0,False,False,True,False,0,0,0,0,0.125,0.2068965517241379,20880000
0.8088326833934047,0.0,0.0402209264284202,0.0,0.0625,0.0476190476190476,0.0095238095238095,False,False,True,False,0,0,0,0,0.125,0.3103448275862069,4150000
0.8088326833934047,0.0,0.0696072205222947,0.05,0.0625,0.0476190476190476,0.0095238095238095,False,False,True,False,0,0,0,0,0.125,0.3103448275862069,5400000
0.8088326833934047,0.0,0.0696072205222947,0.05,0.0625,0.0476190476190476,0.0095238095238095,False,False,True,False,0,0,0,0,0.125,0.3103448275862069,5000000
0.8435483832513455,0.0105105105105105,0.1029771183341993,0.05,0.09375,0.0952380952380952,0.019047619047619,False,False,True,False,0,0,0,0,0.125,0.2413793103448275,15500000
0.8921457432776947,0.0,0.0546735176952831,0.05,0.0625,0.0476190476190476,0.0095238095238095,False,False,True,False,0,0,0,0,0.125,0.2068965517241379,7300000
0.8480662335563807,0.0045045045045045,0.0940476877778419,0.05,0.09375,0.0952380952380952,0.019047619047619,False,False,True,False,0,0,0,0,0.125,0.3103448275862069,15500000
0.9012825259700604,0.0345345345345345,0.0930662201951388,0.05,0.09375,0.0952380952380952,0.019047619047619,False,False,True,False,0,0,0,0,0.125,0.1724137931034483,13000000
0.8095692922526041,0.006006006006006,0.0781132729057213,0.05,0.09375,0.0952380952380952,0.019047619047619,False,False,True,False,0,0,0,0,0.125,0.3103448275862069,11670000
0.8728709088445044,0.0195195195195195,0.0420106614321728,0.05,0.0625,0.0476190476190476,0.0095238095238095,False,False,True,False,0,0,0,0,0.125,0.3103448275862069,6880000
0.8841410003319652,0.024024024024024,0.0465138656351634,0.05,0.03125,0.0476190476190476,0.0095238095238095,False,False,True,False,0,0,0,0,0.125,0.1034482758620689,4300000
0.8550127307143214,0.039039039039039,0.0949906664357331,0.05,0.09375,0.0952380952380952,0.019047619047619,False,False,False,True,0,0,0,0,0.125,0.6551724137931035,9410000
0.8696571272201936,0.0225225225225225,0.0220156649923984,0.0,0.03125,0.0476190476190476,0.0095238095238095,False,False,True,False,0,0,0,0,0.125,0.2068965517241379,3300000
0.8073875768778009,0.0,0.0798452745222562,0.05,0.09375,0.0952380952380952,0.019047619047619,False,False,False,True,0,0,0,0,0.125,0.4482758620689654,8280000
0.8959951535986193,0.015015015015015,0.1256663395108057,0.1,0.09375,0.0952380952380952,0.019047619047619,False,False,False,True,0,0,0,0,0.125,0.4137931034482758,19160000
0.8841410003319652,0.0255255255255255,0.0293670496314685,0.0,0.03125,0.0476190476190476,0.0095238095238095,False,False,True,False,0,0,0,0,0.125,0.1034482758620689,3350000
0.991621047525598,0.042042042042042,0.0637184150260762,0.0,0.0,0.0,0.0,False,False,False,True,0,0,0,0,0.125,0.3793103448275862,6600000
0.8710938023878043,0.0375375375375375,0.1332294132363412,0.05,0.09375,0.0952380952380952,0.019047619047619,False,False,False,True,0,0,0,0,0.25,0.4482758620689654,15400000
0.9791071127447708,0.0195195195195195,0.0353135885149048,0.05,0.0,0.0,0.0,False,False,False,True,0,0,0,0,0.125,0.4137931034482758,6870000
0.7677079637488475,0.0,0.0705886881049977,0.05,0.09375,0.0952380952380952,0.019047619047619,False,False,True,False,0,0,0,0,0.125,0.1379310344827586,8000000
0.9735756316792674,0.033033033033033,0.0917575967515347,0.05,0.09375,0.0952380952380952,0.019047619047619,False,False,True,False,0,0,0,0,0.125,0.2758620689655172,18360000
0.8296271102825585,0.042042042042042,0.0613321016877393,0.0,0.09375,0.0952380952380952,0.019047619047619,False,False,True,False,0,0,0,0,0.125,0.2068965517241379,6350000
0.8769131177991198,0.0585585585585585,0.0494775128456786,0.0,0.09375,0.0952380952380952,0.019047619047619,False,True,False,False,1,1,1,1,0.25,0.0344827586206896,6800000
0.9731799335194466,0.0225225225225225,0.1149086850258837,0.1,0.125,0.0952380952380952,0.019047619047619,False,False,False,True,0,0,0,0,0.125,0.4137931034482758,23700000
0.7759655843483699,0.0075075075075075,0.1217019802551815,0.0,0.125,0.0952380952380952,0.0380952380952381,False,True,False,False,1,1,1,1,0.5,0.1034482758620689,15210000
0.938048857791074,0.0555555555555555,0.0441852856840444,0.0,0.09375,0.0952380952380952,0.019047619047619,True,False,False,False,0,0,0,0,0.125,0.1379310344827586,9900000
0.8910775641273858,0.0435435435435435,0.0179550834247445,0.0,0.03125,0.0476190476190476,0.0095238095238095,False,False,True,False,0,0,0,0,0.125,0.2758620689655172,2620000
0.984656218561156,0.039039039039039,0.0670284625598983,0.0,0.09375,0.0952380952380952,0.019047619047619,False,False,False,True,0,0,0,0,0.125,0.5172413793103449,11800000
0.877907246213681,0.0,0.0724169120335623,0.05,0.09375,0.0952380952380952,0.019047619047619,False,False,True,False,0,0,0,0,0.125,0.2413793103448275,9790000
0.9832404116156964,0.039039039039039,0.0648730827704328,0.05,0.09375,0.0952380952380952,0.019047619047619,False,False,False,True,0,0,0,0,0.125,0.5862068965517242,12900000
0.8823323884377601,0.0,0.0837519003906625,0.05,0.0,0.0,0.0,False,False,True,False,0,0,0,0,0.125,0.1724137931034483,15630000
0.8985252825592056,0.0435435435435435,0.062101880183977,0.0,0.09375,0.0952380952380952,0.019047619047619,False,False,True,False,0,0,0,0,0.125,0.1379310344827586,8000000
0.875993196956955,0.045045045045045,0.0818082096876623,0.0,0.0,0.0,0.0,False,False,False,True,0,0,0,0,0.125,0.3793103448275862,7200000
0.9008131788806965,0.042042042042042,0.0626792140561553,0.0,0.09375,0.0952380952380952,0.019047619047619,False,False,True,False,0,0,0,0,0.125,0.2068965517241379,7850000
0.8670239900790762,0.0,0.0407597713757866,0.0,0.03125,0.0476190476190476,0.0095238095238095,False,True,False,False,1,1,1,1,0.25,0.0344827586206896,8480000
0.8751017793421738,0.048048048048048,0.0709543328907107,0.0,0.09375,0.0952380952380952,0.019047619047619,False,False,True,False,0,0,0,0,0.125,0.2068965517241379,5150000
0.8477656262707001,0.0225225225225225,0.0662009506764428,0.05,0.09375,0.0952380952380952,0.019047619047619,False,False,True,False,0,0,0,0,0.125,0.1379310344827586,8407000
0.8760831244879626,0.0195195195195195,0.0335046090487462,0.05,0.03125,0.0476190476190476,0.0095238095238095,False,False,False,True,0,0,0,0,0.125,0.3448275862068965,4900000
0.8519234612847413,0.0405405405405405,0.0909493293304851,0.05,0.125,0.0952380952380952,0.019047619047619,False,False,True,False,0,0,0,0,0.125,0.3103448275862069,9480000
0.8499160160754684,0.036036036036036,0.0185131728345168,0.0,0.03125,0.0476190476190476,0.0095238095238095,False,False,True,False,0,0,0,0,0.125,0.3103448275862069,1200000
0.8839297370578265,0.0315315315315315,0.1104247252852991,0.05,0.09375,0.0952380952380952,0.019047619047619,False,False,False,True,0,0,0,0,0.125,0.6551724137931035,14600000
0.9854099023881986,0.0255255255255255,0.0918345746011585,0.0,0.0,0.0,0.0,False,True,False,False,1,1,1,1,0.5,0.1034482758620689,24200000
0.8995673870936116,0.0375375375375375,0.075207359082424,0.05,0.09375,0.0952380952380952,0.019047619047619,False,False,False,True,0,0,0,0,0.125,0.6551724137931035,12350000
0.8062813381933438,0.027027027027027,0.1299193657025191,0.05,0.125,0.0952380952380952,0.0380952380952381,False,True,False,False,1,1,1,1,0.375,0.0689655172413793,8800000
0.8698882827864907,0.0405405405405405,0.0774974501087312,0.0,0.125,0.0476190476190476,0.019047619047619,False,False,True,False,0,0,0,0,0.125,0.1379310344827586,7350000
0.9019639097998606,0.0345345345345345,0.0732251794546119,0.05,0.09375,0.0952380952380952,0.019047619047619,False,False,True,False,0,0,0,0,0.125,0.3103448275862069,5800000
0.8049917203339021,0.003003003003003,0.0666050843869676,0.0,0.0625,0.0476190476190476,0.0380952380952381,False,True,False,False,1,1,1,1,0.5,0.1034482758620689,11640000
0.9942997234088295,0.0135135135135135,0.0754382926312953,0.05,0.0,0.0,0.0,False,False,True,False,0,0,0,0,0.125,0.2068965517241379,11800000
0.8793676041130425,0.006006006006006,0.0779785616688797,0.05,0.0625,0.0952380952380952,0.0095238095238095,False,False,False,True,0,0,0,0,0.125,0.896551724137931,20000000
0.9826743404223066,0.012012012012012,0.0616977464734522,0.05,0.03125,0.0952380952380952,0.019047619047619,False,False,True,False,0,0,0,0,0.125,0.2758620689655172,15200000
0.8124832686323487,0.0,0.0852144795335142,0.05,0.09375,0.0952380952380952,0.019047619047619,False,False,False,True,0,0,0,0,0.125,0.3793103448275862,7620000
0.8769508439014828,0.0585585585585585,0.0494775128456786,0.0,0.125,0.0952380952380952,0.0380952380952381,False,True,False,False,1,1,1,1,0.25,0.0344827586206896,6100000
0.8702543945537116,0.009009009009009,0.1485864942362834,0.1,0.09375,0.0952380952380952,0.019047619047619,False,False,True,False,0,0,0,0,0.125,0.3103448275862069,22000000
0.8064223604054348,0.0,0.0761888266651271,0.05,0.0625,0.0952380952380952,0.0095238095238095,False,False,False,True,0,0,0,0,0.125,0.4827586206896552,10600000
0.9232278855811558,0.0,0.0788253180147412,0.0,0.125,0.0952380952380952,0.019047619047619,False,False,True,False,0,0,0,0,0.125,0.2068965517241379,11000000
0.98965840544372,0.045045045045045,0.0415295498720243,0.05,0.0625,0.0476190476190476,0.0095238095238095,False,False,True,False,0,0,0,0,0.125,0.1379310344827586,7000000
0.8472355542583614,0.009009009009009,0.0888901718530492,0.05,0.09375,0.0952380952380952,0.019047619047619,False,False,True,False,0,0,0,0,0.125,0.3103448275862069,16200000
0.8756136155286356,0.0225225225225225,0.0144910801916748,0.0,0.03125,0.0476190476190476,0.0095238095238095,False,False,True,False,0,0,0,0,0.125,0.1379310344827586,2250000
0.9015536548029672,0.0,0.0229971325751015,0.0,0.03125,0.0476190476190476,0.0095238095238095,False,False,False,True,0,0,0,0,0.125,0.3793103448275862,3380000
0.9286848342514986,0.06006006006006,0.0591767218982737,0.0,0.09375,0.0952380952380952,0.019047619047619,False,False,True,False,0,0,0,0,0.125,0.1379310344827586,4800000
0.9773516269621324,0.0195195195195195,0.0883513269056828,0.05,0.09375,0.0952380952380952,0.019047619047619,False,False,False,True,0,0,0,0,0.125,0.4482758620689654,22920000
0.8948093373591632,0.039039039039039,0.0788445624771471,0.05,0.09375,0.0952380952380952,0.019047619047619,False,False,True,False,0,0,0,0,0.125,0.2068965517241379,7500000
0.7687607851081282,0.021021021021021,0.1861901737774955,0.0,0.125,0.1428571428571428,0.0380952380952381,False,True,False,False,1,1,1,1,0.5,0.1034482758620689,13880000
0.9047404840545424,0.0465465465465465,0.095356311221446,0.1,0.09375,0.0952380952380952,0.019047619047619,False,False,True,False,0,0,0,0,0.125,0.2068965517241379,12000000
0.9017182055552836,0.0435435435435435,0.0574639647441448,0.0,0.0625,0.0476190476190476,0.0095238095238095,True,False,False,False,0,0,0,0,0.125,0.1379310344827586,3900000
0.8205031725038907,0.0,0.0586763658757192,0.0,0.21875,0.0952380952380952,0.019047619047619,False,True,False,False,1,1,1,1,0.25,0.0344827586206896,3500000
0.9236626146163188,0.045045045045045,0.0152223697631006,0.0,0.0,0.0,0.0,False,False,True,False,0,0,0,0,0.125,0.2068965517241379,3300000
0.9141096847461938,0.036036036036036,0.0734946019282951,0.05,0.09375,0.0952380952380952,0.019047619047619,False,False,True,False,0,0,0,0,0.125,0.2413793103448275,13000000
0.798634516160007,0.009009009009009,0.1570925466197101,0.0,0.15625,0.1428571428571428,0.0571428571428571,False,True,False,False,1,1,1,1,0.5,0.1034482758620689,19880000
0.8808572773390608,0.066066066066066,0.0834247445297615,0.0,0.1875,0.0952380952380952,0.0380952380952381,False,True,False,False,1,1,1,1,0.25,0.0344827586206896,23500000
0.7857522446129224,0.0,0.0349286992667859,0.0,0.125,0.0952380952380952,0.019047619047619,False,True,False,False,1,1,1,1,0.125,0.0,6800000
0.8132494833908481,0.009009009009009,0.0911802628793564,0.05,0.09375,0.0952380952380952,0.019047619047619,False,False,False,True,0,0,0,0,0.125,0.4827586206896552,11200000
0.884173380174758,0.0,0.0553278294170852,0.05,0.0,0.0,0.0,False,False,True,False,0,0,0,0,0.125,0.3103448275862069,10980000
0.9713499751145208,0.0015015015015015,0.0641033042741951,0.05,0.0625,0.0952380952380952,0.0095238095238095,False,False,False,True,0,0,0,0,0.125,0.7931034482758621,16700000
0.8524890670175864,0.015015015015015,0.1751630968188903,0.1,0.125,0.0952380952380952,0.0380952380952381,False,True,False,False,1,1,1,1,0.5,0.1034482758620689,18000000
0.9228693336803246,0.0,0.0435117294998364,0.0,0.0625,0.0476190476190476,0.0285714285714285,False,True,False,False,1,1,1,1,0.25,0.0344827586206896,12000000
0.7677079637488475,0.0,0.0715316667628889,0.05,0.09375,0.0952380952380952,0.019047619047619,False,False,True,False,0,0,0,0,0.125,0.1379310344827586,7300000
0.792497310193994,0.0375375375375375,0.1304389661874795,0.0,0.125,0.0952380952380952,0.0285714285714285,False,True,False,False,1,1,1,1,0.625,0.1379310344827586,8360000
0.8894008528123152,0.0555555555555555,0.0583299655524122,0.0,0.125,0.0952380952380952,0.0285714285714285,False,True,False,False,1,1,1,1,0.25,0.0344827586206896,2740280
0.8814894595094529,0.0675675675675675,0.0397783037930835,0.0,0.125,0.0952380952380952,0.0285714285714285,False,True,False,False,1,1,1,1,0.25,0.0344827586206896,18300000
0.9001507223483713,0.0,0.070511710255374,0.0,0.09375,0.0952380952380952,0.019047619047619,False,False,True,False,0,0,0,0,0.125,0.1379310344827586,9580000
0.9075358856792376,0.0285285285285285,0.0828089217327713,0.0,0.09375,0.0952380952380952,0.019047619047619,False,False,False,True,0,0,0,0,0.125,0.4137931034482758,11500000
0.8779306000466534,0.036036036036036,0.0198410407405269,0.0,0.09375,0.0952380952380952,0.019047619047619,False,False,False,True,0,0,0,0,0.125,0.3793103448275862,1880000
0.8072795168585571,0.057057057057057,0.0433770182629948,0.0,0.09375,0.0476190476190476,0.0095238095238095,True,False,False,False,0,0,0,0,0.125,0.1379310344827586,2000000
0.8549800996800059,0.036036036036036,0.0461482208494505,0.0,0.0625,0.0952380952380952,0.019047619047619,True,False,False,False,0,0,0,0,0.125,0.1034482758620689,5800000
0.8823323884377601,0.0,0.0867347920635837,0.05,0.0,0.0,0.0,False,False,True,False,0,0,0,0,0.125,0.1724137931034483,11580000
0.8952818472187118,0.0405405405405405,0.0596963223832342,0.0,0.0,0.0,0.0,False,False,False,True,0,0,0,0,0.125,0.3793103448275862,3600000
0.8100223071496657,0.0,0.0719358004734137,0.05,0.0625,0.0952380952380952,0.0095238095238095,False,False,False,True,0,0,0,0,0.125,0.3793103448275862,11280000
0.8744166029861162,0.0195195195195195,0.1307083886611627,0.05,0.125,0.0952380952380952,0.019047619047619,False,False,False,True,0,0,0,0,0.125,0.8620689655172414,19000000
0.9713499751145208,0.0015015015015015,0.0622943248080364,0.05,0.0625,0.0952380952380952,0.0095238095238095,False,False,False,True,0,0,0,0,0.125,0.7931034482758621,17300000
0.9017182055552836,0.0405405405405405,0.0182245058984277,0.0,0.0,0.0,0.0,False,False,True,False,0,0,0,0,0.125,0.2068965517241379,1160000
0.9759162109865542,0.042042042042042,0.066123972826819,0.0,0.09375,0.0476190476190476,0.019047619047619,False,False,True,False,0,0,0,0,0.125,0.1379310344827586,13000000
0.8696571272201936,0.021021021021021,0.0220156649923984,0.0,0.03125,0.0476190476190476,0.0095238095238095,False,False,True,False,0,0,0,0,0.125,0.2068965517241379,2200000
0.9034353451070558,0.042042042042042,0.0585608991012836,0.0,0.09375,0.0952380952380952,0.019047619047619,True,False,False,False,0,0,0,0,0.125,0.1379310344827586,3120000
0.8711155125741641,0.009009009009009,0.0935088428304755,0.05,0.0,0.0,0.0,False,False,False,True,0,0,0,0,0.125,0.3448275862068965,11750000
0.906383934802932,0.0,0.0253449569886265,0.0,0.03125,0.0476190476190476,0.0095238095238095,False,False,False,True,0,0,0,0,0.125,0.3793103448275862,4000000
0.9125991784463564,0.036036036036036,0.0431268402517175,0.05,0.03125,0.0476190476190476,0.0095238095238095,False,False,True,False,0,0,0,0,0.125,0.2758620689655172,5500000
0.9015536548029672,0.0,0.0856571021688509,0.0,0.0625,0.0952380952380952,0.0095238095238095,False,False,False,True,0,0,0,0,0.125,0.3793103448275862,7280000
0.8816687678781818,0.0,0.0625060138945018,0.0,0.15625,0.1428571428571428,0.019047619047619,False,True,False,False,1,1,1,1,0.25,0.0344827586206896,11600000
0.9050298818450244,0.0645645645645645,0.0377576352404595,0.0,0.09375,0.0952380952380952,0.019047619047619,True,False,False,False,0,0,0,0,0.125,0.1034482758620689,8800000
0.8679905520567957,0.042042042042042,0.0633527702403633,0.0,0.09375,0.0476190476190476,0.019047619047619,False,False,True,False,0,0,0,0,0.125,0.1379310344827586,6042150
0.9759167790402898,0.0195195195195195,0.0634682370147989,0.1,0.125,0.0952380952380952,0.019047619047619,False,False,False,True,0,0,0,0,0.125,0.4827586206896552,10000000
0.9015536548029672,0.0,0.0210726863345072,0.0,0.03125,0.0476190476190476,0.0095238095238095,False,False,False,True,0,0,0,0,0.125,0.3793103448275862,3000000
0.8880827441392398,0.0,0.0492080903719954,0.0,0.09375,0.0952380952380952,0.0095238095238095,True,False,False,False,0,0,0,0,0.125,0.1379310344827586,4880000
0.9621000459553954,0.0165165165165165,0.0708773550410869,0.05,0.0625,0.0952380952380952,0.0095238095238095,False,False,False,True,0,0,0,0,0.125,0.3793103448275862,14900000
0.8499160160754684,0.036036036036036,0.0185131728345168,0.0,0.03125,0.0476190476190476,0.0095238095238095,False,False,True,False,0,0,0,0,0.125,0.3103448275862069,2000000
0.9675174813824584,0.009009009009009,0.076208071127533,0.05,0.0625,0.0952380952380952,0.0095238095238095,False,False,False,True,0,0,0,0,0.125,0.7241379310344828,19200000
0.8801954909388314,0.0,0.0474568442930546,0.0,0.09375,0.0952380952380952,0.0095238095238095,True,False,False,False,0,0,0,0,0.125,0.1379310344827586,5500000
0.8880827441392398,0.0,0.045667109289302,0.0,0.0625,0.0952380952380952,0.0095238095238095,True,False,False,False,0,0,0,0,0.125,0.1379310344827586,4380000
0.8476325828502524,0.0,0.064449704597502,0.05,0.09375,0.0952380952380952,0.019047619047619,False,False,True,False,0,0,0,0,0.125,0.1379310344827586,11200000
0.8831576046630119,0.0255255255255255,0.0937397763793468,0.05,0.09375,0.0952380952380952,0.019047619047619,False,False,False,True,0,0,0,0,0.125,0.4137931034482758,14900000
0.8725218424358445,0.0405405405405405,0.0689721532628986,0.05,0.09375,0.0952380952380952,0.019047619047619,False,False,True,False,0,0,0,0,0.125,0.2068965517241379,7400000
0.8687935935462576,0.0105105105105105,0.035236610665281,0.0,0.03125,0.0476190476190476,0.019047619047619,False,False,True,False,0,0,0,0,0.125,0.2068965517241379,5350000
0.8807224143527606,0.0345345345345345,0.0852529684583261,0.05,0.09375,0.0952380952380952,0.019047619047619,False,False,True,False,0,0,0,0,0.125,0.2068965517241379,10600000
0.7937747817665581,0.0,0.0499586244058272,0.05,0.09375,0.0952380952380952,0.019047619047619,False,False,True,False,0,0,0,0,0.125,0.1379310344827586,5900000
0.8627500038438711,0.0495495495495495,0.0912187518041683,0.0,0.21875,0.1428571428571428,0.0476190476190476,False,True,False,False,1,1,1,1,0.375,0.0689655172413793,9300000
0.8839276621108354,0.003003003003003,0.0686449974019975,0.0,0.09375,0.0952380952380952,0.019047619047619,False,False,True,False,0,0,0,0,0.125,0.1379310344827586,9200000
0.8827881586003059,0.0,0.0477262667667378,0.0,0.0625,0.0476190476190476,0.0095238095238095,False,True,False,False,1,1,1,1,0.25,0.0344827586206896,9000000
0.9675174813824584,0.009009009009009,0.0606585455035313,0.05,0.03125,0.0952380952380952,0.0095238095238095,False,False,False,True,0,0,0,0,0.125,0.7241379310344828,14200000
0.9856753574393338,0.03003003003003,0.0308296287743201,0.0,0.0,0.0,0.0,True,False,False,False,0,0,0,0,0.125,0.1034482758620689,4500000
0.9061535033017662,0.0225225225225225,0.1327867906010045,0.0,0.125,0.0952380952380952,0.0285714285714285,False,True,False,False,1,1,1,1,0.5,0.1034482758620689,4730000
0.7670477154055391,0.0,0.0673171294959875,0.05,0.09375,0.0952380952380952,0.019047619047619,False,False,True,False,0,0,0,0,0.125,0.1379310344827586,8200000
0.8823323884377601,0.0,0.0867347920635837,0.05,0.0,0.0,0.0,False,False,True,False,0,0,0,0,0.125,0.1724137931034483,15650000
0.8741714458942624,0.0,0.0985124030560206,0.0,0.15625,0.0952380952380952,0.019047619047619,False,True,False,False,1,1,1,1,0.25,0.0344827586206896,16650000
0.9528500793539934,0.0,0.0434924850374304,0.0,0.09375,0.0952380952380952,0.019047619047619,True,False,False,False,0,0,0,0,0.125,0.1034482758620689,8600000
0.951754911856483,0.015015015015015,0.1120605045898042,0.05,0.09375,0.0952380952380952,0.019047619047619,False,False,False,True,0,0,0,0,0.125,0.4137931034482758,20000000
0.8795083656932263,0.06006006006006,0.0448011084810345,0.0,0.125,0.0476190476190476,0.0095238095238095,True,False,False,False,0,0,0,0,0.125,0.1379310344827586,4680000
0.8823323884377601,0.0,0.1014568058041298,0.05,0.0,0.0,0.0,False,False,True,False,0,0,0,0,0.125,0.1724137931034483,18900000
0.8398624916481481,0.0105105105105105,0.0958181783191886,0.05,0.09375,0.0952380952380952,0.019047619047619,False,False,False,True,0,0,0,0,0.125,0.4827586206896552,14900000
0.8768250512441682,0.0,0.0513249812366491,0.0,0.15625,0.0952380952380952,0.0476190476190476,False,True,False,False,1,1,1,1,0.375,0.0689655172413793,12800000
0.8687935935462576,0.009009009009009,0.0696264649847006,0.05,0.09375,0.0952380952380952,0.019047619047619,False,False,True,False,0,0,0,0,0.125,0.2068965517241379,10600000
0.8754898430806293,0.036036036036036,0.0509016030637184,0.0,0.09375,0.0952380952380952,0.019047619047619,True,False,False,False,0,0,0,0,0.125,0.1379310344827586,5550000
0.9676291556563684,0.006006006006006,0.0599465003945114,0.05,0.0625,0.0952380952380952,0.019047619047619,False,False,True,False,0,0,0,0,0.125,0.2413793103448275,7750000
0.894565550130693,0.0735735735735735,0.0419144391201431,0.0,0.0,0.0,0.0,False,True,False,False,1,1,1,1,0.25,0.0344827586206896,15000000
0.8105074090333062,0.024024024024024,0.1077305005484671,0.0,0.125,0.0952380952380952,0.0285714285714285,False,True,False,False,1,1,1,1,0.5,0.1034482758620689,10800000
0.7689179802823958,0.0015015015015015,0.0927390643342378,0.0,0.1875,0.0952380952380952,0.0285714285714285,False,True,False,False,1,1,1,1,0.5,0.1034482758620689,10160000
0.8823323884377601,0.0,0.0867347920635837,0.05,0.0,0.0,0.0,False,False,True,False,0,0,0,0,0.125,0.1724137931034483,15630000
0.8823323884377601,0.0,0.1014568058041298,0.05,0.0,0.0,0.0,False,False,True,False,0,0,0,0,0.125,0.1724137931034483,19100000
0.9042883508554668,0.045045045045045,0.0267498027442603,0.0,0.0625,0.0952380952380952,0.019047619047619,False,False,True,False,0,0,0,0,0.125,0.2068965517241379,3300000
0.9038219711472948,0.0525525525525525,0.0526143602178473,0.0,0.0625,0.0952380952380952,0.019047619047619,True,False,False,False,0,0,0,0,0.125,0.1379310344827586,6700000
0.8728709088445044,0.0195195195195195,0.0291746050074091,0.0,0.09375,0.0952380952380952,0.019047619047619,False,False,True,False,0,0,0,0,0.125,0.3103448275862069,5500000
0.8147049202728454,0.0195195195195195,0.1283028308604199,0.0,0.15625,0.0952380952380952,0.0285714285714285,False,True,False,False,1,1,1,1,0.5,0.1034482758620689,9800000
0.8005054173520989,0.0,0.0548274733945307,0.05,0.0625,0.0952380952380952,0.019047619047619,False,False,True,False,0,0,0,0,0.125,0.2413793103448275,6790600
0.8710481115851678,0.0195195195195195,0.0209379750976656,0.0,0.03125,0.0476190476190476,0.0095238095238095,False,False,True,False,0,0,0,0,0.125,0.3103448275862069,3350000
0.8603199461933002,0.0225225225225225,0.0652579720185516,0.05,0.0625,0.0952380952380952,0.0095238095238095,False,False,False,True,0,0,0,0,0.125,0.4137931034482758,13000000
0.8756136155286356,0.024024024024024,0.0144910801916748,0.0,0.0,0.0,0.0,False,False,True,False,0,0,0,0,0.125,0.1379310344827586,2600000
0.8078445888955912,0.0165165165165165,0.0968573792891095,0.05,0.09375,0.0952380952380952,0.019047619047619,False,False,False,True,0,0,0,0,0.125,0.4137931034482758,8630000
0.893033667526197,0.0,0.0170121047668533,0.0,0.03125,0.0476190476190476,0.0095238095238095,False,False,True,False,0,0,0,0,0.125,0.2068965517241379,2260000
0.8838278606053223,0.0435435435435435,0.0602159228681946,0.0,0.09375,0.0952380952380952,0.019047619047619,False,False,True,False,0,0,0,0,0.125,0.2758620689655172,6680000
0.8725218424358445,0.042042042042042,0.0662971729884725,0.05,0.09375,0.0952380952380952,0.019047619047619,False,False,True,False,0,0,0,0,0.125,0.2068965517241379,8550000
0.9948844751420438,0.033033033033033,0.1143505956161114,0.0,0.125,0.0952380952380952,0.0476190476190476,False,True,False,False,1,1,1,1,0.5,0.1034482758620689,18500000
0.8879886448150955,0.036036036036036,0.0624675249696899,0.0,0.09375,0.0952380952380952,0.019047619047619,False,False,True,False,0,0,0,0,0.125,0.2413793103448275,7800000
0.8953165505182312,0.0,0.0547504955449069,0.0,0.09375,0.0952380952380952,0.019047619047619,True,False,False,False,0,0,0,0,0.125,0.1034482758620689,4450000
0.9621000459553954,0.0165165165165165,0.0692993091237996,0.05,0.0625,0.0952380952380952,0.0095238095238095,False,False,False,True,0,0,0,0,0.125,0.3793103448275862,15280000
0.7677079637488475,0.0,0.0705886881049977,0.05,0.09375,0.0952380952380952,0.019047619047619,False,False,True,False,0,0,0,0,0.125,0.1379310344827586,7400000
0.9000591698198264,0.0615615615615615,0.0446856417065989,0.0,0.0,0.0,0.0,True,False,False,False,0,0,0,0,0.125,0.1379310344827586,6150000
0.8521107159320707,0.0195195195195195,0.0914496853530396,0.05,0.09375,0.0952380952380952,0.019047619047619,False,False,False,True,0,0,0,0,0.125,0.4827586206896552,14500000
0.8098732767329011,0.006006006006006,0.0619286800223235,0.05,0.0625,0.0476190476190476,0.0095238095238095,False,False,False,True,0,0,0,0,0.125,0.4827586206896552,9300000
0.8603199461933002,0.024024024024024,0.0873891037853857,0.05,0.09375,0.0952380952380952,0.019047619047619,False,False,False,True,0,0,0,0,0.125,0.4137931034482758,16200000
0.8946586437712654,0.0225225225225225,0.0981082693454958,0.05,0.09375,0.0952380952380952,0.019047619047619,False,False,False,True,0,0,0,0,0.125,0.9310344827586208,21000000
0.884173380174758,0.0,0.0645459269095317,0.05,0.0625,0.0952380952380952,0.0095238095238095,False,False,True,False,0,0,0,0,0.125,0.3103448275862069,11280000
0.8665043730622131,0.054054054054054,0.0612166349133036,0.0,0.09375,0.0952380952380952,0.019047619047619,False,True,False,False,1,1,1,1,0.25,0.0344827586206896,5000000
0.8098732767329011,0.006006006006006,0.0619286800223235,0.05,0.0625,0.0952380952380952,0.0095238095238095,False,False,False,True,0,0,0,0,0.125,0.4827586206896552,8700000
0.872023288476953,0.039039039039039,0.0200527298269922,0.0,0.0,0.0,0.0,False,False,True,False,0,0,0,0,0.125,0.1724137931034483,2400000
0.8864297639625249,0.0225225225225225,0.1624617516309681,0.05,0.15625,0.0952380952380952,0.0285714285714285,False,False,False,True,0,0,0,0,0.125,0.4482758620689654,17600000
0.7672779529634397,0.066066066066066,0.0451475088043415,0.0,0.125,0.1428571428571428,0.0380952380952381,False,True,False,False,1,1,1,1,0.125,0.0,14380000
0.899308955580409,0.0675675675675675,0.0755152704809191,0.0,0.1875,0.1904761904761904,0.0380952380952381,False,True,False,False,1,1,1,1,0.25,0.0344827586206896,21700000
0.9928860918103624,0.045045045045045,0.09533706675904,0.05,0.09375,0.0952380952380952,0.019047619047619,False,False,False,True,0,0,0,0,0.125,0.3793103448275862,12800000
0.7927237568638361,0.0375375375375375,0.1246078940784789,0.0,0.125,0.1428571428571428,0.0285714285714285,False,True,False,False,1,1,1,1,0.5,0.1034482758620689,7500000
0.9177579473036132,0.063063063063063,0.0780747839809094,0.0,0.15625,0.1428571428571428,0.019047619047619,False,True,False,False,1,1,1,1,0.25,0.0344827586206896,16800000
0.8732600447084167,0.0,0.0984354252063968,0.1,0.09375,0.0952380952380952,0.019047619047619,False,False,True,False,0,0,0,0,0.125,0.3103448275862069,17550000
0.838653261283298,0.024024024024024,0.1061332101687739,0.05,0.1875,0.0952380952380952,0.0285714285714285,False,False,True,False,0,0,0,0,0.125,0.3103448275862069,13650000
0.8525633298148136,0.042042042042042,0.0593884109847391,0.05,0.09375,0.0476190476190476,0.0285714285714285,False,False,False,True,0,0,0,0,0.125,0.3448275862068965,7000000
0.893823606278545,0.0465465465465465,0.0896022169620691,0.05,0.125,0.0952380952380952,0.019047619047619,False,False,True,False,0,0,0,0,0.125,0.1724137931034483,12000000
0.8777790617409948,0.06006006006006,0.1021880953755556,0.0,0.0,0.0,0.0,True,False,False,False,0,0,0,0,0.125,0.1379310344827586,8200000
0.9675174813824584,0.009009009009009,0.076208071127533,0.05,0.0625,0.0952380952380952,0.0095238095238095,False,False,False,True,0,0,0,0,0.125,0.7241379310344828,19500000
0.9054588938280972,0.0045045045045045,0.0899101283605642,0.05,0.09375,0.0952380952380952,0.019047619047619,False,False,False,True,0,0,0,0,0.125,0.4482758620689654,15600000
0.8638373670480632,0.0345345345345345,0.1284182976348555,0.0,0.15625,0.0952380952380952,0.0285714285714285,False,True,False,False,1,1,1,1,0.375,0.0689655172413793,16500000
0.8596974750407185,0.021021021021021,0.0299058945788349,0.0,0.0625,0.0476190476190476,0.0095238095238095,False,False,True,False,0,0,0,0,0.125,0.3103448275862069,6400000
0.901081328535696,0.024024024024024,0.0237861555337451,0.0,0.03125,0.0476190476190476,0.0095238095238095,False,False,True,False,0,0,0,0,0.125,0.3103448275862069,3350000
0.8839297370578265,0.033033033033033,0.0671246848719281,0.0,0.09375,0.0952380952380952,0.019047619047619,False,False,False,True,0,0,0,0,0.125,0.6551724137931035,9800000
0.8827615249826124,0.036036036036036,0.0864461251274945,0.0,0.09375,0.0952380952380952,0.019047619047619,False,False,True,False,0,0,0,0,0.125,0.2068965517241379,11800000
0.8563978574510998,0.045045045045045,0.0742836248869387,0.0,0.09375,0.0952380952380952,0.019047619047619,False,False,True,False,0,0,0,0,0.125,0.2413793103448275,8200000
0.8432931747375676,0.0,0.0502472913419163,0.0,0.0,0.0,0.0,False,True,False,False,1,1,1,1,0.25,0.0344827586206896,5900000
0.880079341932344,0.0,0.09870484768008,0.0,0.1875,0.0952380952380952,0.0285714285714285,False,True,False,False,1,1,1,1,0.375,0.0689655172413793,13800000
0.9736541770705855,0.0,0.0021938687142774,0.0,0.09375,0.0952380952380952,0.019047619047619,False,True,False,False,1,1,1,1,0.125,0.0,9500000
0.9391250001991692,0.0375375375375375,0.0821353655485633,0.0,0.09375,0.0952380952380952,0.019047619047619,False,False,False,True,0,0,0,0,0.125,0.4827586206896552,15300000
0.7909269689338032,0.0405405405405405,0.0603506341050362,0.0,0.09375,0.0952380952380952,0.019047619047619,False,False,False,True,0,0,0,0,0.125,0.3448275862068965,4750000
0.8756411733758114,0.036036036036036,0.0356599888382118,0.05,0.09375,0.0952380952380952,0.019047619047619,False,False,True,False,0,0,0,0,0.125,0.1724137931034483,5500000
0.900888357030027,0.0,0.0733791351538594,0.05,0.09375,0.0952380952380952,0.019047619047619,False,False,True,False,0,0,0,0,0.125,0.2413793103448275,10000000
0.8810385619395902,0.0,0.0935473317552874,0.05,0.09375,0.0952380952380952,0.019047619047619,False,False,True,False,0,0,0,0,0.125,0.3103448275862069,16200000
0.8499160160754684,0.0345345345345345,0.0146835248157342,0.0,0.03125,0.0476190476190476,0.0095238095238095,True,False,False,False,0,0,0,0,0.125,0.1034482758620689,700000
0.8521107159320707,0.0225225225225225,0.0506706695148471,0.0,0.0625,0.0476190476190476,0.0095238095238095,False,False,False,True,0,0,0,0,0.125,0.4827586206896552,9000000
0.8742381838899576,0.0315315315315315,0.0314839404961222,0.05,0.03125,0.0476190476190476,0.0095238095238095,False,False,False,True,0,0,0,0,0.125,0.4482758620689654,4280000
0.9179654832069276,0.0,0.0735908242403248,0.0,0.125,0.0952380952380952,0.0285714285714285,False,True,False,False,1,1,1,1,0.25,0.0344827586206896,12100000
0.8711328225048192,0.0105105105105105,0.1371937724919654,0.1,0.09375,0.0952380952380952,0.019047619047619,False,False,True,False,0,0,0,0,0.125,0.3103448275862069,21900000
0.8781963847377483,0.0015015015015015,0.0460327540750149,0.0,0.03125,0.0476190476190476,0.0095238095238095,False,False,True,False,0,0,0,0,0.125,0.2068965517241379,7750000
0.8710681567905283,0.0405405405405405,0.0546542732328772,0.0,0.09375,0.0952380952380952,0.0095238095238095,False,False,True,False,0,0,0,0,0.125,0.1379310344827586,6800000
0.8976602551267661,0.063063063063063,0.0443777303081038,0.0,0.0,0.0,0.0,True,False,False,False,0,0,0,0,0.125,0.1034482758620689,6600000
0.838653261283298,0.0255255255255255,0.0877162596462867,0.05,0.09375,0.0952380952380952,0.019047619047619,False,False,True,False,0,0,0,0,0.125,0.3103448275862069,15250000
0.9832404116156964,0.036036036036036,0.0648730827704328,0.05,0.09375,0.0952380952380952,0.019047619047619,False,False,False,True,0,0,0,0,0.125,0.5862068965517242,11000000
0.9773516269621324,0.0195195195195195,0.0887747050786136,0.05,0.09375,0.0952380952380952,0.019047619047619,False,False,False,True,0,0,0,0,0.125,0.4482758620689654,21180000
0.9044550642773856,0.036036036036036,0.1018609395146546,0.0,0.1875,0.0952380952380952,0.0285714285714285,False,True,False,False,1,1,1,1,0.5,0.1034482758620689,11000000
0.8800941096038173,0.003003003003003,0.0764197602139984,0.05,0.03125,0.0952380952380952,0.019047619047619,False,False,True,False,0,0,0,0,0.125,0.2068965517241379,14500000
0.8879886448150955,0.036036036036036,0.0681253969170371,0.05,0.09375,0.0952380952380952,0.019047619047619,False,False,True,False,0,0,0,0,0.125,0.2413793103448275,9360000
0.951754911856483,0.015015015015015,0.1120605045898042,0.05,0.09375,0.0952380952380952,0.019047619047619,False,False,False,True,0,0,0,0,0.125,0.4482758620689654,22000000
0.8717205563034156,0.0195195195195195,0.0280391817254585,0.05,0.03125,0.0476190476190476,0.0095238095238095,False,False,True,False,0,0,0,0,0.125,0.3103448275862069,4460000
0.9013404816813876,0.0405405405405405,0.0355252776013702,0.0,0.0625,0.0952380952380952,0.019047619047619,False,False,True,False,0,0,0,0,0.125,0.1379310344827586,4500000
0.8088326833934047,0.0,0.067490329657641,0.05,0.0625,0.0476190476190476,0.0095238095238095,False,False,True,False,0,0,0,0,0.125,0.3103448275862069,5540000
0.9713499751145208,0.0015015015015015,0.0475530666050843,0.0,0.0625,0.0952380952380952,0.0095238095238095,False,False,False,True,0,0,0,0,0.125,0.7931034482758621,15630000
0.8711246592175144,0.042042042042042,0.0597348113080461,0.0,0.09375,0.0952380952380952,0.019047619047619,False,False,True,False,0,0,0,0,0.125,0.2068965517241379,7500000
0.9158624184951804,0.048048048048048,0.0509016030637184,0.0,0.09375,0.0952380952380952,0.019047619047619,True,False,False,False,0,0,0,0,0.125,0.1379310344827586,4000000
0.8383506038034056,0.0375375375375375,0.0475723110674903,0.0,0.0625,0.0952380952380952,0.0095238095238095,False,False,False,True,0,0,0,0,0.125,0.5172413793103449,6500000
0.8643961707628591,0.0435435435435435,0.029867405654023,0.0,0.03125,0.0476190476190476,0.0095238095238095,False,False,True,False,0,0,0,0,0.125,0.1379310344827586,3150000
0.9017182055552836,0.042042042042042,0.0572137867328676,0.0,0.0625,0.0952380952380952,0.019047619047619,True,False,False,False,0,0,0,0,0.125,0.1379310344827586,3500000
0.9034353451070558,0.0435435435435435,0.0545965398456594,0.0,0.09375,0.0952380952380952,0.0095238095238095,True,False,False,False,0,0,0,0,0.125,0.1379310344827586,5800000
0.8483957729165184,0.015015015015015,0.0914304408906337,0.05,0.0625,0.0952380952380952,0.019047619047619,False,False,True,False,0,0,0,0,0.125,0.3103448275862069,15000000
0.8779306000466534,0.0375375375375375,0.0205145969247349,0.0,0.0,0.0,0.0,False,False,False,True,0,0,0,0,0.125,0.3793103448275862,2680000
0.9001507223483713,0.0,0.070511710255374,0.0,0.09375,0.0952380952380952,0.019047619047619,False,False,True,False,0,0,0,0,0.125,0.1379310344827586,9980000
0.884173380174758,0.0,0.1014760502665357,0.05,0.09375,0.0952380952380952,0.019047619047619,False,False,True,False,0,0,0,0,0.125,0.3103448275862069,20200000
0.8623747106561837,0.0405405405405405,0.0235937109096857,0.0,0.0,0.0,0.0,False,False,True,False,0,0,0,0,0.125,0.2068965517241379,2277000
0.878277066373073,0.033033033033033,0.1208167349845082,0.0,0.125,0.0952380952380952,0.0285714285714285,False,True,False,False,1,1,1,1,0.375,0.0689655172413793,13000000
0.8300572587558293,0.0,0.1156014856724977,0.0,0.125,0.0952380952380952,0.0285714285714285,False,True,False,False,1,1,1,1,0.375,0.0689655172413793,21250000
0.8005054173520989,0.0,0.0567519196351249,0.05,0.0625,0.0952380952380952,0.019047619047619,False,False,True,False,0,0,0,0,0.125,0.2413793103448275,7590000
0.8978138724881148,0.054054054054054,0.0495160017704905,0.0,0.09375,0.0952380952380952,0.019047619047619,True,False,False,False,0,0,0,0,0.125,0.1379310344827586,12000000
0.8504448778540166,0.036036036036036,0.0173200161653484,0.0,0.03125,0.0476190476190476,0.0095238095238095,True,False,False,False,0,0,0,0,0.125,0.1379310344827586,980000
0.812058719891894,0.0285285285285285,0.1305544329619152,0.0,0.125,0.0952380952380952,0.0285714285714285,False,True,False,False,1,1,1,1,0.5,0.1034482758620689,12900000
0.8666298250342663,0.0,0.062448280507284,0.0,0.125,0.1428571428571428,0.019047619047619,False,True,False,False,1,1,1,1,0.25,0.0344827586206896,12500000
0.8544787194438754,0.0705705705705705,0.0578873429170756,0.0,0.125,0.0952380952380952,0.019047619047619,False,True,False,False,1,1,1,1,0.25,0.0344827586206896,7500000
0.9621000459553954,0.015015015015015,0.0829821218944248,0.05,0.09375,0.0952380952380952,0.019047619047619,False,False,False,True,0,0,0,0,0.125,0.3793103448275862,19580000
0.874462535780026,0.0525525525525525,0.0529800050035602,0.0,0.09375,0.0952380952380952,0.019047619047619,True,False,False,False,0,0,0,0,0.125,0.1379310344827586,5800000
0.8693483662761992,0.039039039039039,0.0784596732290283,0.0,0.09375,0.0952380952380952,0.019047619047619,False,False,True,False,0,0,0,0,0.125,0.2068965517241379,8820000
0.81049387085082,0.021021021021021,0.0164925042818928,0.0,0.0,0.0,0.0,False,False,True,False,0,0,0,0,0.125,0.1724137931034483,1300000
0.9763505820168064,0.0555555555555555,0.0199565075149625,0.0,0.09375,0.0952380952380952,0.019047619047619,True,False,False,False,0,0,0,0,0.125,0.1379310344827586,1550000
0.807300953726724,0.0285285285285285,0.1033427631199122,0.0,0.125,0.0952380952380952,0.0285714285714285,False,True,False,False,1,1,1,1,0.5,0.1034482758620689,10850000
0.8603164222344333,0.042042042042042,0.0505552027404114,0.0,0.09375,0.0952380952380952,0.019047619047619,False,False,True,False,0,0,0,0,0.125,0.2413793103448275,8500000
0.8499160160754684,0.0375375375375375,0.0183207282104574,0.0,0.03125,0.0476190476190476,0.0095238095238095,True,False,False,False,0,0,0,0,0.125,0.1034482758620689,800000
0.9024160790785912,0.042042042042042,0.0702037988568789,0.05,0.09375,0.0952380952380952,0.019047619047619,True,False,False,False,0,0,0,0,0.125,0.1379310344827586,6400000
0.838544519777713,0.0135135135135135,0.1362123049092623,0.0,0.125,0.0952380952380952,0.0380952380952381,False,True,False,False,1,1,1,1,0.5,0.1034482758620689,16800000
0.9913005806328954,0.042042042042042,0.028847449146508,0.0,0.09375,0.0952380952380952,0.019047619047619,False,False,True,False,0,0,0,0,0.125,0.1724137931034483,4850000
0.9411450017059336,0.0,0.0499008910186093,0.0,0.09375,0.0952380952380952,0.0285714285714285,True,False,False,False,0,0,0,0,0.125,0.1379310344827586,13800000
0.9832404116156964,0.036036036036036,0.0648730827704328,0.05,0.09375,0.0952380952380952,0.019047619047619,False,False,False,True,0,0,0,0,0.125,0.5862068965517242,9270000
0.8005054173520989,0.0,0.0368916344321921,0.05,0.03125,0.0476190476190476,0.0095238095238095,False,False,True,False,0,0,0,0,0.125,0.2413793103448275,5000000
0.8866502363728159,0.0375375375375375,0.1453149356272732,0.0,0.125,0.0952380952380952,0.019047619047619,False,True,False,False,1,1,1,1,0.375,0.0689655172413793,19500000
0.7741210415725277,0.021021021021021,0.1374247060408367,0.0,0.125,0.0952380952380952,0.0380952380952381,False,True,False,False,1,1,1,1,0.5,0.1034482758620689,18600000
0.8717205563034156,0.0195195195195195,0.0251140234397552,0.05,0.03125,0.0476190476190476,0.0095238095238095,False,False,True,False,0,0,0,0,0.125,0.3103448275862069,4300000
0.9588150557934512,0.039039039039039,0.0655273944922348,0.0,0.09375,0.0476190476190476,0.0095238095238095,True,False,False,False,0,0,0,0,0.125,0.1379310344827586,11000000
0.91344991112706,0.045045045045045,0.0451667532667474,0.0,0.09375,0.0952380952380952,0.019047619047619,False,False,True,False,0,0,0,0,0.125,0.2068965517241379,6800000
0.91679554926759,0.0375375375375375,0.1041125416161499,0.0,0.125,0.1428571428571428,0.019047619047619,False,True,False,False,1,1,1,1,0.375,0.0689655172413793,16000000
0.8437276112740903,0.06006006006006,0.0502472913419163,0.0,0.0,0.0,0.0,False,True,False,False,1,1,1,1,0.25,0.0344827586206896,6420000
0.8534820924107294,0.0,0.0696841983719184,0.05,0.09375,0.0952380952380952,0.019047619047619,False,False,True,False,0,0,0,0,0.125,0.1379310344827586,8300000
0.8426769749781897,0.015015015015015,0.1177953543867752,0.0,0.15625,0.0952380952380952,0.0380952380952381,False,True,False,False,1,1,1,1,0.25,0.0344827586206896,22500000
0.9947520741734764,0.0255255255255255,0.0178396166503088,0.0,0.03125,0.0476190476190476,0.0095238095238095,False,False,True,False,0,0,0,0,0.125,0.1724137931034483,4280000
0.9075829373512648,0.0,0.0329272751765679,0.0,0.125,0.1428571428571428,0.019047619047619,False,True,False,False,1,1,1,1,0.125,0.0,3600000
0.9019639097998606,0.036036036036036,0.0886015049169601,0.05,0.09375,0.0952380952380952,0.019047619047619,True,False,False,False,0,0,0,0,0.125,0.1379310344827586,4000000
0.8733447934461083,0.003003003003003,0.0243827338683293,0.0,0.03125,0.0476190476190476,0.0095238095238095,False,False,True,False,0,0,0,0,0.125,0.3103448275862069,5050000
0.8133515023886844,0.027027027027027,0.1003406269845851,0.0,0.125,0.0952380952380952,0.0285714285714285,False,True,False,False,1,1,1,1,0.5,0.1034482758620689,12880000
0.7891656558023499,0.0,0.125242961337875,0.0,0.09375,0.0952380952380952,0.0380952380952381,False,True,False,False,1,1,1,1,0.5,0.1034482758620689,15200000
0.8824740509899982,0.036036036036036,0.0761310932779092,0.05,0.09375,0.0952380952380952,0.019047619047619,False,False,True,False,0,0,0,0,0.125,0.2068965517241379,7000000
0.8814546687061693,0.0,0.0783826953794045,0.05,0.09375,0.0952380952380952,0.019047619047619,False,False,False,True,0,0,0,0,0.125,0.4827586206896552,17750000
0.8524890670175864,0.018018018018018,0.1016300059657833,0.1,0.09375,0.0952380952380952,0.019047619047619,False,False,False,True,0,0,0,0,0.125,0.4827586206896552,15500000
0.8124832686323487,0.0,0.084945057059831,0.05,0.09375,0.0952380952380952,0.019047619047619,False,False,False,True,0,0,0,0,0.125,0.3793103448275862,10500000
0.8603199461933002,0.0225225225225225,0.1000134711236841,0.1,0.09375,0.0952380952380952,0.019047619047619,False,False,False,True,0,0,0,0,0.125,0.4137931034482758,17060000
0.9019639097998606,0.0375375375375375,0.089640705886881,0.05,0.125,0.0952380952380952,0.019047619047619,False,False,True,False,0,0,0,0,0.125,0.3103448275862069,8400000
0.891031815226853,0.045045045045045,0.0153955699247541,0.0,0.03125,0.0476190476190476,0.0095238095238095,False,False,True,False,0,0,0,0,0.125,0.2068965517241379,2050000
0.8951104797655489,0.0405405405405405,0.0575986759809864,0.05,0.0625,0.0476190476190476,0.0095238095238095,False,False,True,False,0,0,0,0,0.125,0.2758620689655172,5600000
0.8132362407735343,0.039039039039039,0.0709350884283047,0.05,0.09375,0.0952380952380952,0.019047619047619,False,False,True,False,0,0,0,0,0.125,0.1724137931034483,7500000
0.8665564403684414,0.039039039039039,0.0728787791313049,0.0,0.09375,0.0952380952380952,0.019047619047619,True,False,False,False,0,0,0,0,0.125,0.1379310344827586,2750000
0.900707258170172,0.0,0.0926813309470199,0.0,0.15625,0.1428571428571428,0.0285714285714285,True,False,False,False,0,0,0,0,0.125,0.1379310344827586,11200000
0.8942178093984126,0.042042042042042,0.2583376633373747,0.0,0.125,0.1428571428571428,0.0380952380952381,False,True,False,False,1,1,1,1,0.5,0.1034482758620689,23450000
0.836861415632967,0.0075075075075075,0.162519485018186,0.0,0.125,0.0952380952380952,0.0476190476190476,False,True,False,False,1,1,1,1,0.625,0.1379310344827586,18500000
0.8853826704822154,0.0435435435435435,0.0672016627215518,0.05,0.09375,0.0952380952380952,0.019047619047619,False,False,True,False,0,0,0,0,0.125,0.1724137931034483,10650000
0.8076673164748627,0.0,0.1712179820256721,0.0,0.1875,0.0952380952380952,0.0571428571428571,False,True,False,False,1,1,1,1,0.5,0.1034482758620689,21000000
0.8820416839931227,0.036036036036036,0.0686642418644035,0.0,0.09375,0.0952380952380952,0.019047619047619,False,False,False,True,0,0,0,0,0.125,0.6896551724137931,9550000
0.8611747499928697,0.0525525525525525,0.0688951754132748,0.0,0.15625,0.0952380952380952,0.0285714285714285,False,True,False,False,1,1,1,1,0.25,0.0344827586206896,11380000
0.8125892201503859,0.024024024024024,0.0805380751688701,0.0,0.09375,0.0952380952380952,0.019047619047619,False,False,True,False,0,0,0,0,0.125,0.1724137931034483,7500000
0.874940987098114,0.0,0.0518253372592036,0.0,0.09375,0.0952380952380952,0.0095238095238095,False,True,False,False,1,1,1,1,0.25,0.0344827586206896,6300000
0.963194687004659,0.0135135135135135,0.061081923676462,0.05,0.03125,0.0476190476190476,0.0095238095238095,False,False,False,True,0,0,0,0,0.125,0.4482758620689654,16000000
0.9928861790818644,0.045045045045045,0.038257991263014,0.0,0.0625,0.0952380952380952,0.0095238095238095,False,False,True,False,0,0,0,0,0.125,0.1724137931034483,5860000
0.9913556692139878,0.033033033033033,0.1286684756461328,0.0,0.0,0.0,0.0,False,True,False,False,1,1,1,1,0.5,0.1034482758620689,25300000
0.9700084845921424,0.048048048048048,0.1044781864018628,0.0,0.09375,0.0952380952380952,0.019047619047619,False,False,True,False,0,0,0,0,0.125,0.1724137931034483,10500000
0.9003253073150574,0.012012012012012,0.0242095337066759,0.0,0.03125,0.0476190476190476,0.0095238095238095,False,False,False,True,0,0,0,0,0.125,0.3793103448275862,6000000
0.906832749741028,0.0225225225225225,0.0693955314358293,0.05,0.09375,0.0952380952380952,0.019047619047619,False,False,True,False,0,0,0,0,0.125,0.2068965517241379,10100000
0.9775603874273316,0.0165165165165165,0.098358447356773,0.05,0.09375,0.0952380952380952,0.019047619047619,False,False,False,True,0,0,0,0,0.125,0.4827586206896552,23900000
0.8767520787384058,0.003003003003003,0.061447568462175,0.05,0.0625,0.0952380952380952,0.0095238095238095,False,False,True,False,0,0,0,0,0.125,0.3103448275862069,12800000
0.8641937588213295,0.0255255255255255,0.0898523949733464,0.05,0.09375,0.0952380952380952,0.019047619047619,False,False,True,False,0,0,0,0,0.125,0.3103448275862069,7380000
0.9391250001991692,0.0345345345345345,0.0808074976425533,0.05,0.09375,0.0952380952380952,0.019047619047619,False,False,False,True,0,0,0,0,0.125,0.4827586206896552,14200000
0.8137272869160768,0.0405405405405405,0.0518253372592036,0.0,0.0625,0.0952380952380952,0.019047619047619,True,False,False,False,0,0,0,0,0.125,0.1379310344827586,4075000
0.9001507223483713,0.0,0.0585993880260954,0.0,0.09375,0.0952380952380952,0.019047619047619,False,False,True,False,0,0,0,0,0.125,0.1379310344827586,9880000
0.9162783267827592,0.0165165165165165,0.0930277312703269,0.05,0.125,0.0952380952380952,0.019047619047619,False,False,False,True,0,0,0,0,0.125,0.4482758620689654,20800000
0.9720093370829376,0.0555555555555555,0.0635837037892346,0.0,0.15625,0.0952380952380952,0.0285714285714285,False,True,False,False,1,1,1,1,0.25,0.0344827586206896,18000000
0.8413345208290082,0.009009009009009,0.0935473317552874,0.05,0.09375,0.0952380952380952,0.019047619047619,False,False,False,True,0,0,0,0,0.125,0.4137931034482758,13800000
0.817458833697998,0.003003003003003,0.0743990916613744,0.05,0.0625,0.0476190476190476,0.0095238095238095,False,False,True,False,0,0,0,0,0.125,0.2413793103448275,9350000
0.8504448778540166,0.036036036036036,0.0197255739660912,0.0,0.0,0.0,0.0,True,False,False,False,0,0,0,0,0.125,0.1379310344827586,850000
0.8951104797655489,0.0435435435435435,0.0288282046841021,0.05,0.03125,0.0476190476190476,0.0095238095238095,False,False,True,False,0,0,0,0,0.125,0.2758620689655172,5700000
0.8791554919226883,0.0345345345345345,0.10003271558609,0.0,0.09375,0.0952380952380952,0.019047619047619,False,False,True,False,0,0,0,0,0.125,0.3103448275862069,13000000
0.938048857791074,0.0,0.0441852856840444,0.0,0.0,0.0,0.0,True,False,False,False,0,0,0,0,0.125,0.1379310344827586,9660000
0.8774321059575243,0.0405405405405405,0.0732636683794238,0.05,0.09375,0.0952380952380952,0.019047619047619,False,False,True,False,0,0,0,0,0.125,0.2413793103448275,10200000
0.8709467324336231,0.006006006006006,0.0736678020899486,0.05,0.09375,0.0952380952380952,0.019047619047619,False,False,False,True,0,0,0,0,0.125,0.3448275862068965,9280000
0.8753982155284632,0.036036036036036,0.1268979851047861,0.05,0.125,0.0952380952380952,0.019047619047619,False,False,False,True,0,0,0,0,0.125,0.6206896551724138,16680000
0.9146163361583604,0.0675675675675675,0.0547697400073129,0.0,0.09375,0.0952380952380952,0.019047619047619,True,False,False,False,0,0,0,0,0.125,0.1034482758620689,6500000
0.901967705925216,0.0015015015015015,0.0611396570636799,0.05,0.0625,0.0952380952380952,0.019047619047619,False,False,False,True,0,0,0,0,0.125,0.3448275862068965,14400000
0.8764639159409171,0.0375375375375375,0.1059600100071204,0.05,0.09375,0.0952380952380952,0.019047619047619,False,False,True,False,0,0,0,0,0.125,0.2413793103448275,14750000
0.8912583637173555,0.0,0.0442430190712622,0.0,0.0625,0.0952380952380952,0.0095238095238095,False,False,True,False,0,0,0,0,0.125,0.2068965517241379,5800000
0.8472355542583614,0.009009009009009,0.0873313703981679,0.05,0.09375,0.0952380952380952,0.019047619047619,False,False,False,True,0,0,0,0,0.125,0.3448275862068965,14650000
0.8603199461933002,0.024024024024024,0.0854261686199795,0.05,0.09375,0.0952380952380952,0.019047619047619,False,False,False,True,0,0,0,0,0.125,0.4137931034482758,16500000
0.871759922400031,0.036036036036036,0.1025344956988626,0.05,0.125,0.0952380952380952,0.019047619047619,False,False,False,True,0,0,0,0,0.25,0.7931034482758621,12500000
0.8551400369753708,0.072072072072072,0.1003021380597733,0.0,0.09375,0.0952380952380952,0.0285714285714285,False,True,False,False,1,1,1,1,0.375,0.0689655172413793,9900000
0.8820416839931227,0.036036036036036,0.0679521967553836,0.0,0.09375,0.0952380952380952,0.019047619047619,False,False,False,True,0,0,0,0,0.125,0.6896551724137931,9000000
0.9330644729093364,0.036036036036036,0.0821353655485633,0.0,0.09375,0.0952380952380952,0.019047619047619,False,False,False,True,0,0,0,0,0.125,0.3793103448275862,13680000
0.9587207033422088,0.036036036036036,0.0422608394434501,0.05,0.03125,0.0952380952380952,0.0095238095238095,False,False,True,False,0,0,0,0,0.125,0.3103448275862069,8300000
0.8989341795427492,0.0465465465465465,0.08461790119893,0.0,0.09375,0.0952380952380952,0.0285714285714285,True,False,False,False,0,0,0,0,0.125,0.1379310344827586,5900000
0.848311967045845,0.0045045045045045,0.0759194041914439,0.05,0.09375,0.0952380952380952,0.019047619047619,False,False,True,False,0,0,0,0,0.125,0.2068965517241379,11980000
0.817458833697998,0.0045045045045045,0.0757077151049785,0.05,0.0625,0.0952380952380952,0.0095238095238095,False,False,True,False,0,0,0,0,0.125,0.2413793103448275,9900000
0.8952239429120254,0.063063063063063,0.0546157843080653,0.0,0.125,0.0952380952380952,0.019047619047619,False,False,True,False,0,0,0,0,0.125,0.2068965517241379,6520000
0.8724385336720104,0.0495495495495495,0.0612551238381155,0.0,0.09375,0.0952380952380952,0.019047619047619,True,False,False,False,0,0,0,0,0.125,0.1379310344827586,6100000
0.8099840576604436,0.003003003003003,0.0776321613455728,0.05,0.09375,0.0952380952380952,0.019047619047619,False,False,False,True,0,0,0,0,0.125,0.4482758620689654,11000000
0.881466826262681,0.012012012012012,0.0264226468833593,0.0,0.03125,0.0476190476190476,0.0095238095238095,False,False,True,False,0,0,0,0,0.125,0.3103448275862069,4338000
0.9713499751145208,0.0015015015015015,0.0635452148644227,0.05,0.0625,0.0952380952380952,0.0095238095238095,False,False,False,True,0,0,0,0,0.125,0.7931034482758621,16200000
0.8100223071496657,0.0,0.0718010892365721,0.05,0.09375,0.0952380952380952,0.019047619047619,False,False,False,True,0,0,0,0,0.125,0.3793103448275862,9610000
0.8994017525535583,0.039039039039039,0.0183399726728633,0.0,0.0,0.0,0.0,False,False,False,True,0,0,0,0,0.125,0.3793103448275862,3400000
0.8837306244068088,0.0,0.1006677828454862,0.0,0.09375,0.0952380952380952,0.019047619047619,False,True,False,False,1,1,1,1,0.25,0.0344827586206896,12500000
0.920489437688076,0.003003003003003,0.032561630390855,0.05,0.0625,0.0952380952380952,0.0095238095238095,False,False,False,True,0,0,0,0,0.125,0.4827586206896552,8500000
0.8823323884377601,0.0,0.0867347920635837,0.05,0.0,0.0,0.0,False,False,True,False,0,0,0,0,0.125,0.1724137931034483,15100000
0.9791071127447708,0.0195195195195195,0.021149664184131,0.0,0.03125,0.0476190476190476,0.0095238095238095,False,False,False,True,0,0,0,0,0.125,0.4137931034482758,5430000
0.8702377670610986,0.045045045045045,0.0773242499470777,0.05,0.09375,0.0952380952380952,0.019047619047619,False,False,True,False,0,0,0,0,0.125,0.1379310344827586,10400000
0.8918045390011287,0.039039039039039,0.0712237553643938,0.05,0.09375,0.0952380952380952,0.019047619047619,False,False,True,False,0,0,0,0,0.125,0.1379310344827586,10470000
0.8504448778540166,0.0375375375375375,0.0170698381540711,0.0,0.03125,0.0476190476190476,0.0095238095238095,True,False,False,False,0,0,0,0,0.125,0.1379310344827586,1010000
0.8398624916481481,0.012012012012012,0.094336354713931,0.05,0.09375,0.0952380952380952,0.019047619047619,False,False,False,True,0,0,0,0,0.125,0.4827586206896552,15300000
0.8801954909388314,0.0,0.0562130746877585,0.0,0.09375,0.0952380952380952,0.019047619047619,True,False,False,False,0,0,0,0,0.125,0.1379310344827586,7200000
0.8959961514046313,0.0405405405405405,0.058426187864442,0.0,0.09375,0.0952380952380952,0.019047619047619,False,False,True,False,0,0,0,0,0.125,0.1724137931034483,7920000
0.81049387085082,0.021021021021021,0.0153378365375363,0.0,0.0,0.0,0.0,False,False,True,False,0,0,0,0,0.125,0.1724137931034483,1120000
0.8793034166846496,0.0,0.0767469160748994,0.05,0.0625,0.0952380952380952,0.0095238095238095,False,False,False,True,0,0,0,0,0.125,0.7586206896551725,14780000
0.8839297370578265,0.033033033033033,0.0625445028193137,0.05,0.03125,0.0476190476190476,0.0095238095238095,False,False,False,True,0,0,0,0,0.125,0.7241379310344828,9800000
0.8399208213674854,0.0,0.0594653888343629,0.05,0.0625,0.0952380952380952,0.019047619047619,False,False,False,True,0,0,0,0,0.125,0.4482758620689654,4420000
0.8800959531064905,0.054054054054054,0.0724361564959682,0.0,0.125,0.0952380952380952,0.019047619047619,False,True,False,False,1,1,1,1,0.25,0.0344827586206896,16080000
0.8617100554662329,0.0375375375375375,0.0723206897215326,0.05,0.09375,0.0952380952380952,0.019047619047619,False,False,True,False,0,0,0,0,0.125,0.2068965517241379,7600000
0.8075307442336737,0.042042042042042,0.0620056578719473,0.0,0.09375,0.0952380952380952,0.019047619047619,False,False,False,True,0,0,0,0,0.125,0.3793103448275862,6200000
0.869667784112039,0.021021021021021,0.1375016838904605,0.0,0.125,0.0952380952380952,0.0285714285714285,False,True,False,False,1,1,1,1,0.5,0.1034482758620689,17880000
0.7572179470921867,0.0135135135135135,0.0847526124357716,0.0,0.09375,0.1428571428571428,0.0285714285714285,False,True,False,False,1,1,1,1,0.25,0.0344827586206896,14500000
0.8922669074216003,0.0,0.0619864134095414,0.0,0.15625,0.0952380952380952,0.0285714285714285,False,True,False,False,1,1,1,1,0.375,0.0689655172413793,12000000
0.8687891752939834,0.0465465465465465,0.020476107999923,0.0,0.03125,0.0476190476190476,0.0095238095238095,False,False,True,False,0,0,0,0,0.125,0.1379310344827586,2500000
0.869100910743299,0.0345345345345345,0.0190905067066951,0.0,0.03125,0.0476190476190476,0.0095238095238095,False,False,False,True,0,0,0,0,0.125,0.4482758620689654,2440000
0.8001799146235271,0.036036036036036,0.2593768643072955,0.0,0.0,0.0,0.0,False,True,False,False,1,1,1,1,0.625,0.1379310344827586,22880000
0.8839297370578265,0.0315315315315315,0.0889479052402671,0.05,0.09375,0.0952380952380952,0.019047619047619,False,False,False,True,0,0,0,0,0.125,0.6896551724137931,13200000
0.9162783267827592,0.0165165165165165,0.0981852471951196,0.05,0.125,0.0952380952380952,0.019047619047619,False,False,False,True,0,0,0,0,0.125,0.4482758620689654,22500000
0.9236626146163188,0.045045045045045,0.0152223697631006,0.0,0.0,0.0,0.0,False,False,True,False,0,0,0,0,0.125,0.2068965517241379,3700000
0.8499160160754684,0.036036036036036,0.0183207282104574,0.0,0.09375,0.0952380952380952,0.019047619047619,True,False,False,False,0,0,0,0,0.125,0.1034482758620689,1000000
0.9001507223483713,0.0,0.0707041548794334,0.0,0.09375,0.0952380952380952,0.019047619047619,False,False,True,False,0,0,0,0,0.125,0.1379310344827586,9980000
0.8099840576604436,0.0045045045045045,0.0607355233531551,0.05,0.0625,0.0952380952380952,0.0095238095238095,False,False,False,True,0,0,0,0,0.125,0.4482758620689654,7800000
0.8476325828502524,0.0,0.0410099493870638,0.05,0.0625,0.0952380952380952,0.019047619047619,False,False,True,False,0,0,0,0,0.125,0.1379310344827586,11000000
0.881466826262681,0.0135135135135135,0.0262109577968939,0.05,0.03125,0.0476190476190476,0.0095238095238095,False,False,True,False,0,0,0,0,0.125,0.3103448275862069,5450000
0.8504448778540166,0.036036036036036,0.0197255739660912,0.0,0.0,0.0,0.0,True,False,False,False,0,0,0,0,0.125,0.1379310344827586,950000
0.775494799815192,0.0735735735735735,0.1352500817889652,0.0,0.1875,0.1428571428571428,0.0380952380952381,False,True,False,False,1,1,1,1,0.25,0.0344827586206896,13600000
0.8284566749983071,0.015015015015015,0.089987106210188,0.05,0.09375,0.0952380952380952,0.019047619047619,False,False,False,True,0,0,0,0,0.125,0.3448275862068965,14500000
0.8630775238034687,0.0,0.0704539768681561,0.0,0.125,0.0952380952380952,0.019047619047619,False,True,False,False,1,1,1,1,0.25,0.0344827586206896,16000000
0.9618360092282215,0.0405405405405405,0.062775436368185,0.05,0.0625,0.0952380952380952,0.0095238095238095,False,False,True,False,0,0,0,0,0.125,0.2413793103448275,12880000
0.9015536548029672,0.0,0.0213421088081904,0.0,0.09375,0.0952380952380952,0.019047619047619,False,False,False,True,0,0,0,0,0.125,0.3793103448275862,2700000
0.8429069636612496,0.0,0.1553605450031753,0.0,0.125,0.0952380952380952,0.0380952380952381,False,True,False,False,1,1,1,1,0.5,0.1034482758620689,21150000
0.8054290804761308,0.0,0.068837442026057,0.0,0.125,0.0952380952380952,0.019047619047619,False,False,True,False,0,0,0,0,0.125,0.2068965517241379,6100000
0.9713499751145208,0.0015015015015015,0.0629871254546504,0.05,0.0625,0.0952380952380952,0.0095238095238095,False,False,False,True,0,0,0,0,0.125,0.7931034482758621,16880000
0.906121386647385,0.0225225225225225,0.0257298462367453,0.05,0.03125,0.0476190476190476,0.0095238095238095,False,False,True,False,0,0,0,0,0.125,0.2413793103448275,4500000
0.8089543511684951,0.0015015015015015,0.0947982218116736,0.05,0.09375,0.0952380952380952,0.019047619047619,False,False,False,True,0,0,0,0,0.125,0.4827586206896552,10360000
0.9452417415308504,0.039039039039039,0.0535573388757385,0.05,0.09375,0.0476190476190476,0.019047619047619,False,False,False,True,0,0,0,0,0.125,0.6896551724137931,8330000
0.8676629108846612,0.042042042042042,0.0596385889960163,0.05,0.0625,0.0952380952380952,0.019047619047619,False,False,True,False,0,0,0,0,0.125,0.2758620689655172,7150000
0.892521033470075,0.042042042042042,0.0746685141350576,0.05,0.09375,0.0952380952380952,0.019047619047619,False,False,True,False,0,0,0,0,0.125,0.2758620689655172,10850000
0.7702291620268227,0.042042042042042,0.0609472124396205,0.0,0.09375,0.0952380952380952,0.019047619047619,True,False,False,False,0,0,0,0,0.125,0.1034482758620689,3210000
0.8779306000466534,0.036036036036036,0.0198795296653387,0.0,0.03125,0.0476190476190476,0.0095238095238095,False,False,False,True,0,0,0,0,0.125,0.3793103448275862,1650000
0.9520382687477138,0.0,0.0434924850374304,0.0,0.125,0.0952380952380952,0.0095238095238095,True,False,False,False,0,0,0,0,0.125,0.1034482758620689,8850000
0.8983575056364828,0.0645645645645645,0.0649693050824625,0.0,0.0625,0.0952380952380952,0.019047619047619,False,True,False,False,1,1,1,1,0.25,0.0344827586206896,16000000
0.8456120797870881,0.0255255255255255,0.1714681600369493,0.0,0.125,0.1428571428571428,0.0380952380952381,False,True,False,False,1,1,1,1,0.625,0.1379310344827586,21000000
0.9021913414025846,0.0465465465465465,0.0846756345861478,0.05,0.09375,0.0952380952380952,0.019047619047619,False,False,True,False,0,0,0,0,0.125,0.1379310344827586,12100000
0.8831576046630119,0.024024024024024,0.0937397763793468,0.0,0.09375,0.0952380952380952,0.019047619047619,False,False,False,True,0,0,0,0,0.125,0.4137931034482758,12600000
0.81049387085082,0.021021021021021,0.0168196601427939,0.0,0.03125,0.0476190476190476,0.0095238095238095,False,False,True,False,0,0,0,0,0.125,0.1724137931034483,1500000
0.882474529336065,0.0045045045045045,0.1059407655447145,0.1,0.09375,0.0952380952380952,0.019047619047619,False,False,True,False,0,0,0,0,0.125,0.3103448275862069,18000000
0.8267951265013096,0.0,0.0707426438042453,0.05,0.09375,0.0952380952380952,0.019047619047619,False,False,True,False,0,0,0,0,0.125,0.1724137931034483,8240000
0.9013404816813876,0.039039039039039,0.039258703308123,0.0,0.09375,0.0952380952380952,0.0285714285714285,False,False,True,False,0,0,0,0,0.125,0.1379310344827586,4200000
0.883971802318996,0.0345345345345345,0.1007447606951099,0.0,0.0,0.0,0.0,False,False,False,True,0,0,0,0,0.125,0.3793103448275862,9950000
0.8710938023878043,0.0375375375375375,0.03021380597733,0.05,0.0,0.0,0.0,False,False,False,True,0,0,0,0,0.125,0.4482758620689654,3800000
0.8132494833908481,0.0105105105105105,0.0839058560899101,0.05,0.09375,0.0952380952380952,0.019047619047619,False,False,False,True,0,0,0,0,0.125,0.4827586206896552,11450000
0.8125919310869278,0.021021021021021,0.1052864538229124,0.0,0.09375,0.1428571428571428,0.0380952380952381,False,True,False,False,1,1,1,1,0.5,0.1034482758620689,14800000
0.8848589625159207,0.039039039039039,0.0268267805938841,0.0,0.03125,0.0476190476190476,0.0095238095238095,False,False,False,True,0,0,0,0,0.125,0.3793103448275862,5380000
0.9765198199180531,0.045045045045045,0.0414718164848064,0.0,0.0625,0.0952380952380952,0.0095238095238095,False,False,True,False,0,0,0,0,0.125,0.1379310344827586,6500000
0.9416925529190792,0.0435435435435435,0.0281738929623001,0.0,0.03125,0.0476190476190476,0.0095238095238095,False,False,True,False,0,0,0,0,0.125,0.2068965517241379,3750000
0.9019639097998606,0.036036036036036,0.0609857013644323,0.05,0.0625,0.0952380952380952,0.0095238095238095,False,False,True,False,0,0,0,0,0.125,0.3103448275862069,4500000
0.9048157542840158,0.042042042042042,0.0693377980486115,0.05,0.0625,0.0952380952380952,0.0095238095238095,False,False,False,True,0,0,0,0,0.125,0.5172413793103449,8000000
0.8965439585410877,0.018018018018018,0.0279044704886168,0.05,0.03125,0.0476190476190476,0.0095238095238095,False,False,True,False,0,0,0,0,0.125,0.2068965517241379,4900000
0.8817111170601208,0.0315315315315315,0.1595558378076708,0.0,0.15625,0.1428571428571428,0.0285714285714285,False,True,False,False,1,1,1,1,0.375,0.0689655172413793,21880000
0.81049387085082,0.021021021021021,0.0168196601427939,0.0,0.0,0.0,0.0,False,False,True,False,0,0,0,0,0.125,0.1724137931034483,1300000
0.8783303941422673,0.024024024024024,0.0223235763908935,0.0,0.03125,0.0476190476190476,0.0095238095238095,False,False,True,False,0,0,0,0,0.125,0.1379310344827586,4580000
0.8350484799468916,0.0375375375375375,0.0773819833342955,0.05,0.09375,0.0952380952380952,0.019047619047619,False,False,True,False,0,0,0,0,0.125,0.2413793103448275,5000000
0.8107756165715614,0.0,0.0438388853607374,0.0,0.0625,0.0952380952380952,0.0095238095238095,False,False,True,False,0,0,0,0,0.125,0.1379310344827586,5350000
0.807921562306575,0.0585585585585585,0.046321421011104,0.0,0.09375,0.0952380952380952,0.0095238095238095,True,False,False,False,0,0,0,0,0.125,0.1034482758620689,3200000
0.9050025542289576,0.036036036036036,0.1265515847814791,0.0,0.1875,0.1428571428571428,0.0285714285714285,False,True,False,False,1,1,1,1,0.5,0.1034482758620689,13000000
0.889314697016971,0.0225225225225225,0.2656505590516329,0.0,0.09375,0.0952380952380952,0.019047619047619,False,True,False,False,1,1,1,1,0.375,0.0689655172413793,23320000
0.8820416839931227,0.0345345345345345,0.0953178222966341,0.05,0.09375,0.0952380952380952,0.019047619047619,False,False,False,True,0,0,0,0,0.125,0.7241379310344828,12000000
0.884173380174758,0.0,0.0916998633643169,0.05,0.09375,0.0952380952380952,0.019047619047619,False,False,True,False,0,0,0,0,0.125,0.3103448275862069,19420000
0.8648143769630394,0.06006006006006,0.0511902699998075,0.0,0.1875,0.0476190476190476,0.0571428571428571,True,False,False,False,0,0,0,0,0.125,0.1379310344827586,8300000
0.8816492340501156,0.021021021021021,0.0432807959509651,0.05,0.0625,0.0476190476190476,0.0095238095238095,False,False,True,False,0,0,0,0,0.125,0.3103448275862069,9850000
0.906383934802932,0.0,0.0277505147893693,0.0,0.0,0.0,0.0,False,False,False,True,0,0,0,0,0.125,0.3793103448275862,3000000
0.8989891017046148,0.0465465465465465,0.0205723303119527,0.0,0.0,0.0,0.0,False,False,True,False,0,0,0,0,0.125,0.2068965517241379,2750000
0.838864006591308,0.0405405405405405,0.0576756538306102,0.0,0.09375,0.0952380952380952,0.019047619047619,False,False,True,False,0,0,0,0,0.125,0.2068965517241379,5800000
0.8159550919169476,0.0105105105105105,0.065796816965918,0.05,0.09375,0.0952380952380952,0.019047619047619,False,False,True,False,0,0,0,0,0.125,0.1379310344827586,8000000
0.8562079228489949,0.0375375375375375,0.0908915959432673,0.05,0.125,0.0952380952380952,0.019047619047619,False,False,False,True,0,0,0,0,0.125,0.4137931034482758,13000000
0.9017182055552836,0.042042042042042,0.0230163770375074,0.0,0.0,0.0,0.0,False,False,True,False,0,0,0,0,0.125,0.2068965517241379,2750000
0.9769560643318584,0.018018018018018,0.0927583087966437,0.05,0.09375,0.0952380952380952,0.019047619047619,False,False,False,True,0,0,0,0,0.125,0.4827586206896552,6500000
0.8684321757984321,0.0,0.0700690876200373,0.0,0.125,0.0952380952380952,0.0285714285714285,False,True,False,False,1,1,1,1,0.25,0.0344827586206896,24200000
0.9686690586835311,0.003003003003003,0.0975694243981294,0.05,0.09375,0.0952380952380952,0.019047619047619,False,False,False,True,0,0,0,0,0.125,0.9655172413793104,23500000
0.9055154726211754,0.0045045045045045,0.0505552027404114,0.0,0.0625,0.0952380952380952,0.0095238095238095,False,False,False,True,0,0,0,0,0.125,0.3448275862068965,10000000
0.8681971263718253,0.0405405405405405,0.0672401516463637,0.0,0.09375,0.0952380952380952,0.019047619047619,False,False,False,True,0,0,0,0,0.125,0.3793103448275862,7600000
0.8383506038034056,0.039039039039039,0.060100456093759,0.0,0.09375,0.0952380952380952,0.019047619047619,False,False,False,True,0,0,0,0,0.125,0.5172413793103449,8300000
0.887185210539684,0.021021021021021,0.035583010988588,0.05,0.03125,0.0476190476190476,0.0095238095238095,False,False,True,False,0,0,0,0,0.125,0.3103448275862069,7100000
0.984656218561156,0.039039039039039,0.0771510497854242,0.0,0.09375,0.0952380952380952,0.019047619047619,False,False,False,True,0,0,0,0,0.125,0.5172413793103449,11800000
0.8618550815351398,0.0405405405405405,0.0706464214922156,0.05,0.09375,0.0952380952380952,0.019047619047619,False,False,True,False,0,0,0,0,0.125,0.1379310344827586,4300000
0.8185213498922792,0.0,0.070838866116275,0.05,0.09375,0.0952380952380952,0.019047619047619,False,False,True,False,0,0,0,0,0.125,0.1379310344827586,11300000
0.8098732767329011,0.0045045045045045,0.0619286800223235,0.05,0.0625,0.0952380952380952,0.0095238095238095,False,False,False,True,0,0,0,0,0.125,0.4827586206896552,8450000
0.8676629108846612,0.0405405405405405,0.0398745261051132,0.0,0.03125,0.0476190476190476,0.0095238095238095,False,False,True,False,0,0,0,0,0.125,0.2758620689655172,4400000
0.8085382663738017,0.009009009009009,0.0471296884321536,0.0,0.0625,0.0952380952380952,0.019047619047619,False,False,True,False,0,0,0,0,0.125,0.1379310344827586,5150000
0.8267951265013096,0.0,0.073860246714008,0.05,0.09375,0.0952380952380952,0.019047619047619,False,False,True,False,0,0,0,0,0.125,0.1724137931034483,8040000
0.9313654947046645,0.0,0.0676057964320766,0.0,0.09375,0.0952380952380952,0.019047619047619,False,False,False,True,0,0,0,0,0.125,0.3793103448275862,5500000
0.8848589625159207,0.039039039039039,0.0566749417855012,0.0,0.0625,0.0476190476190476,0.0095238095238095,False,False,False,True,0,0,0,0,0.125,0.3793103448275862,7300000
0.9060063320001176,0.0,0.0484575563381636,0.0,0.0625,0.0476190476190476,0.0095238095238095,False,False,True,False,0,0,0,0,0.125,0.1379310344827586,4800000
0.8056295769107464,0.003003003003003,0.0832322999057021,0.05,0.0625,0.0952380952380952,0.0095238095238095,False,False,False,True,0,0,0,0,0.125,0.4827586206896552,9480000
0.987335125700696,0.0315315315315315,0.0810576756538306,0.0,0.15625,0.0476190476190476,0.0476190476190476,False,False,True,False,0,0,0,0,0.125,0.1379310344827586,9000000
0.8284566749983071,0.0135135135135135,0.0830013663568308,0.05,0.09375,0.0952380952380952,0.019047619047619,False,False,False,True,0,0,0,0,0.125,0.3448275862068965,12850000
0.8858367585060876,0.048048048048048,0.0875623039470392,0.0,0.125,0.1428571428571428,0.0285714285714285,False,True,False,False,1,1,1,1,0.25,0.0344827586206896,16000000
0.8812746972495802,0.0,0.0608894790524026,0.05,0.09375,0.0952380952380952,0.019047619047619,False,False,False,True,0,0,0,0,0.125,0.3448275862068965,8500000
0.8603199461933002,0.024024024024024,0.0506514250524411,0.0,0.0625,0.0952380952380952,0.0095238095238095,False,False,False,True,0,0,0,0,0.125,0.4137931034482758,10500000
0.8521107159320707,0.0195195195195195,0.0962992898793372,0.05,0.09375,0.0952380952380952,0.019047619047619,False,False,False,True,0,0,0,0,0.125,0.4827586206896552,13200000
0.8793034166846496,0.0,0.07655447145084,0.05,0.0625,0.0952380952380952,0.0095238095238095,False,False,False,True,0,0,0,0,0.125,0.7586206896551725,14690000
0.8521823897277727,0.066066066066066,0.0835787002290091,0.0,0.09375,0.0952380952380952,0.019047619047619,False,True,False,False,1,1,1,1,0.25,0.0344827586206896,9400000
0.9063138886838544,0.0645645645645645,0.0469372438080942,0.0,0.09375,0.0952380952380952,0.0095238095238095,True,False,False,False,0,0,0,0,0.125,0.1034482758620689,6100000
0.8838647872463525,0.045045045045045,0.0208225083232299,0.0,0.0,0.0,0.0,False,False,True,False,0,0,0,0,0.125,0.1724137931034483,1300000
0.8655801572349731,0.0405405405405405,0.0896599503492869,0.05,0.125,0.0952380952380952,0.019047619047619,False,False,True,False,0,0,0,0,0.125,0.2068965517241379,13450000
0.8733907012787938,0.039039039039039,0.0748032253718992,0.05,0.09375,0.0952380952380952,0.0095238095238095,False,False,True,False,0,0,0,0,0.125,0.1379310344827586,10300000
0.8990175608398374,0.042042042042042,0.1219714027288647,0.05,0.125,0.0952380952380952,0.019047619047619,False,False,True,False,0,0,0,0,0.125,0.2413793103448275,15800000
0.886332142607273,0.0,0.0676635298192945,0.05,0.09375,0.0952380952380952,0.019047619047619,False,False,True,False,0,0,0,0,0.125,0.1379310344827586,16850000
0.9024160790785912,0.042042042042042,0.0702037988568789,0.05,0.09375,0.0476190476190476,0.019047619047619,True,False,False,False,0,0,0,0,0.125,0.1379310344827586,4800000
0.8461911840040841,0.06006006006006,0.0582914766276004,0.0,0.125,0.0952380952380952,0.019047619047619,False,True,False,False,1,1,1,1,0.25,0.0344827586206896,5500000
0.9235114293191486,0.0105105105105105,0.0300021168908646,0.0,0.03125,0.0476190476190476,0.0095238095238095,False,False,False,True,0,0,0,0,0.125,0.3448275862068965,6230000
0.9913005806328954,0.0405405405405405,0.0576948982930161,0.0,0.09375,0.0952380952380952,0.019047619047619,False,False,True,False,0,0,0,0,0.125,0.1724137931034483,9700000
0.8750281092431749,0.0,0.0389123029848161,0.0,0.0625,0.0952380952380952,0.019047619047619,False,False,True,False,0,0,0,0,0.125,0.2068965517241379,7380000
0.8626843504959254,0.006006006006006,0.0350826549660335,0.0,0.0625,0.0476190476190476,0.0095238095238095,False,False,True,False,0,0,0,0,0.125,0.1379310344827586,7500000
0.8933365013416505,0.048048048048048,0.0648538383080268,0.0,0.09375,0.0952380952380952,0.019047619047619,True,False,False,False,0,0,0,0,0.125,0.1379310344827586,6246000
0.8362890756223464,0.0585585585585585,0.0666628177741854,0.0,0.09375,0.0952380952380952,0.0095238095238095,False,True,False,False,1,1,1,1,0.25,0.0344827586206896,3300000
0.919847773963312,0.0015015015015015,0.0668745068606508,0.05,0.0625,0.0952380952380952,0.0095238095238095,False,False,False,True,0,0,0,0,0.125,0.4827586206896552,14100000
0.7937747817665581,0.0,0.0493043126840251,0.05,0.09375,0.0952380952380952,0.019047619047619,False,False,True,False,0,0,0,0,0.125,0.1379310344827586,6000000
0.9162783267827592,0.015015015015015,0.0855608798568212,0.05,0.09375,0.0952380952380952,0.019047619047619,False,False,False,True,0,0,0,0,0.125,0.4482758620689654,17280000
0.8841410003319652,0.0255255255255255,0.0293670496314685,0.0,0.03125,0.0476190476190476,0.0095238095238095,False,False,True,False,0,0,0,0,0.125,0.1034482758620689,3200000
0.9735756316792674,0.036036036036036,0.0917575967515347,0.05,0.125,0.0952380952380952,0.019047619047619,False,False,True,False,0,0,0,0,0.125,0.2758620689655172,19210000
0.7963505159507918,0.024024024024024,0.0139522352443084,0.0,0.03125,0.0476190476190476,0.0095238095238095,False,False,True,False,0,0,0,0,0.125,0.1379310344827586,1700000
0.8779306000466534,0.036036036036036,0.0205145969247349,0.0,0.0,0.0,0.0,False,False,False,True,0,0,0,0,0.125,0.3793103448275862,1880000
0.8558903905345687,0.0,0.0978965802590304,0.05,0.09375,0.0952380952380952,0.019047619047619,False,False,True,False,0,0,0,0,0.125,0.2068965517241379,16000000
0.930780137631274,0.0405405405405405,0.0424340396051036,0.0,0.0625,0.0476190476190476,0.0095238095238095,False,False,False,True,0,0,0,0,0.125,0.6206896551724138,7150000
0.884173380174758,0.0,0.1014760502665357,0.05,0.09375,0.0952380952380952,0.019047619047619,False,False,True,False,0,0,0,0,0.125,0.3103448275862069,18750000
0.7937747817665581,0.0,0.0496314685449261,0.05,0.09375,0.0952380952380952,0.019047619047619,False,False,True,False,0,0,0,0,0.125,0.1379310344827586,6600000
0.960665419795646,0.009009009009009,0.0760541154282855,0.05,0.0625,0.0952380952380952,0.0095238095238095,False,False,True,False,0,0,0,0,0.125,0.3103448275862069,15700000
0.7645812924161248,0.0,0.0640070819621653,0.05,0.09375,0.0952380952380952,0.019047619047619,False,False,True,False,0,0,0,0,0.125,0.1379310344827586,6350000
0.9416925529190792,0.0435435435435435,0.0219194426803687,0.0,0.03125,0.0476190476190476,0.0095238095238095,False,False,True,False,0,0,0,0,0.125,0.2068965517241379,2710000
0.9253616257925046,0.009009009009009,0.0321959856051421,0.05,0.09375,0.0952380952380952,0.019047619047619,False,False,False,True,0,0,0,0,0.125,0.3793103448275862,4500000
0.9587207033422088,0.0345345345345345,0.0573292535073032,0.05,0.09375,0.0952380952380952,0.019047619047619,False,False,True,False,0,0,0,0,0.125,0.3103448275862069,9580000
0.8762714767592286,0.0405405405405405,0.0403556376652618,0.0,0.0625,0.0952380952380952,0.0095238095238095,True,False,False,False,0,0,0,0,0.125,0.1379310344827586,4500000
0.9024160790785912,0.042042042042042,0.0702037988568789,0.05,0.09375,0.0952380952380952,0.019047619047619,False,False,True,False,0,0,0,0,0.125,0.1379310344827586,6200000
0.9166940437328606,0.0105105105105105,0.1106364143717645,0.1,0.15625,0.0952380952380952,0.0285714285714285,False,False,False,True,0,0,0,0,0.125,0.4827586206896552,22300000
0.8774360142255659,0.027027027027027,0.1103477474356753,0.05,0.09375,0.0952380952380952,0.019047619047619,False,False,False,True,0,0,0,0,0.125,0.4137931034482758,18000000
0.8962071447714663,0.0405405405405405,0.0877739930335046,0.0,0.09375,0.0952380952380952,0.0095238095238095,False,False,False,True,0,0,0,0,0.125,0.3793103448275862,10150000
0.8952818472187118,0.0405405405405405,0.0473798664434309,0.0,0.0625,0.0952380952380952,0.0095238095238095,False,False,False,True,0,0,0,0,0.125,0.3793103448275862,5700000
0.8828451597775597,0.0495495495495495,0.0283470931239535,0.0,0.0625,0.0952380952380952,0.019047619047619,False,False,False,True,0,0,0,0,0.125,0.3793103448275862,3550000
0.866784746479226,0.012012012012012,0.0534418721013028,0.05,0.0625,0.0952380952380952,0.019047619047619,False,False,True,False,0,0,0,0,0.125,0.2758620689655172,9650000
0.9873563257563944,0.0435435435435435,0.0567519196351249,0.0,0.09375,0.0952380952380952,0.019047619047619,False,False,True,False,0,0,0,0,0.125,0.2068965517241379,9500000
0.901436422755694,0.072072072072072,0.054731251082501,0.0,0.0625,0.0476190476190476,0.0095238095238095,False,True,False,False,1,1,1,1,0.25,0.0344827586206896,14480000
0.8398624916481481,0.012012012012012,0.0955872447703173,0.05,0.09375,0.0952380952380952,0.019047619047619,False,False,False,True,0,0,0,0,0.125,0.4827586206896552,15600000
0.8616274629181646,0.06006006006006,0.105421165059754,0.0,0.0625,0.0476190476190476,0.019047619047619,False,True,False,False,1,1,1,1,0.25,0.0344827586206896,15650000
0.8947900115809091,0.036036036036036,0.1797432788715047,0.1,0.1875,0.0952380952380952,0.0380952380952381,False,False,False,True,0,0,0,0,0.125,0.4137931034482758,18000000
0.9764081639740994,0.0495495495495495,0.0722437118719088,0.0,0.125,0.1428571428571428,0.019047619047619,False,True,False,False,1,1,1,1,0.25,0.0344827586206896,23800000
0.8831751370469476,0.039039039039039,0.0714739333756711,0.0,0.125,0.0952380952380952,0.019047619047619,False,False,False,True,0,0,0,0,0.125,0.4827586206896552,11450000
0.8383506038034056,0.0375375375375375,0.097684891172565,0.05,0.125,0.0952380952380952,0.019047619047619,False,False,False,True,0,0,0,0,0.125,0.5172413793103449,9700000
0.936576116527732,0.0315315315315315,0.0818274541500683,0.0,0.09375,0.0952380952380952,0.0095238095238095,False,False,False,True,0,0,0,0,0.125,0.3793103448275862,15000000
0.8137819579295069,0.0,0.0883320824432769,0.05,0.09375,0.0952380952380952,0.019047619047619,False,False,False,True,0,0,0,0,0.125,0.4827586206896552,9150000
0.8827615249826124,0.036036036036036,0.0864461251274945,0.0,0.09375,0.0476190476190476,0.019047619047619,False,False,True,False,0,0,0,0,0.125,0.2068965517241379,10250000
0.9034353451070558,0.042042042042042,0.0585608991012836,0.0,0.0625,0.0952380952380952,0.0095238095238095,True,False,False,False,0,0,0,0,0.125,0.1379310344827586,4500000
0.884173380174758,0.0,0.0642765044358485,0.05,0.0625,0.0952380952380952,0.0095238095238095,False,False,True,False,0,0,0,0,0.125,0.3103448275862069,13000000
0.9773146578769456,0.0195195195195195,0.0296557165675576,0.0,0.03125,0.0476190476190476,0.0095238095238095,False,False,False,True,0,0,0,0,0.125,0.4137931034482758,7090000
0.8079317308271357,0.0,0.1068260108153878,0.0,0.0,0.0,0.0,False,True,False,False,1,1,1,1,0.375,0.0689655172413793,8000000
0.8603199461933002,0.0225225225225225,0.0683370860035024,0.0,0.09375,0.0952380952380952,0.019047619047619,False,False,False,True,0,0,0,0,0.125,0.4137931034482758,13580000
0.9689508599497004,0.0375375375375375,0.0769393606989588,0.0,0.09375,0.0952380952380952,0.019047619047619,False,False,True,False,0,0,0,0,0.125,0.2068965517241379,7800000
0.884737473329352,0.0,0.0271154475299732,0.0,0.03125,0.0476190476190476,0.0095238095238095,True,False,False,False,0,0,0,0,0.125,0.1379310344827586,6600000
0.899458496525881,0.0,0.0501895579546985,0.05,0.03125,0.0476190476190476,0.0095238095238095,False,False,True,False,0,0,0,0,0.125,0.2068965517241379,13770000
0.9885641650708124,0.063063063063063,0.0439543521351731,0.0,0.0,0.0,0.0,True,False,False,False,0,0,0,0,0.125,0.1379310344827586,6100000
0.8536972329584955,0.012012012012012,0.0810191867290187,0.05,0.09375,0.0952380952380952,0.019047619047619,False,False,False,True,0,0,0,0,0.125,0.4827586206896552,12720000
0.8063535598856788,0.0585585585585585,0.0652772164809576,0.0,0.09375,0.0952380952380952,0.019047619047619,False,True,False,False,1,1,1,1,0.25,0.0344827586206896,5000000
0.8025978236386493,0.0,0.1107133922213882,0.05,0.09375,0.0952380952380952,0.019047619047619,False,False,True,False,0,0,0,0,0.125,0.2758620689655172,12480000
0.8858866167354904,0.057057057057057,0.0555202740411446,0.0,0.09375,0.0952380952380952,0.0095238095238095,True,False,False,False,0,0,0,0,0.125,0.1379310344827586,8360000
0.796010614348944,0.024024024024024,0.1468544926197486,0.0,0.125,0.1428571428571428,0.0285714285714285,False,True,False,False,1,1,1,1,0.5,0.1034482758620689,14680000
0.9003253073150574,0.0105105105105105,0.0290783826953794,0.0,0.0,0.0,0.0,False,False,False,True,0,0,0,0,0.125,0.3793103448275862,5800000
0.8088326833934047,0.0,0.0347554991051324,0.0,0.03125,0.0476190476190476,0.0095238095238095,False,False,True,False,0,0,0,0,0.125,0.3103448275862069,4550000
0.9587207033422088,0.0375375375375375,0.0411446606239054,0.0,0.09375,0.0952380952380952,0.019047619047619,False,False,True,False,0,0,0,0,0.125,0.3103448275862069,7700000
0.882624527915226,0.0,0.0768431383869291,0.0,0.09375,0.0952380952380952,0.019047619047619,False,False,True,False,0,0,0,0,0.125,0.1379310344827586,5850000
0.7937747817665581,0.0,0.0549429401689663,0.05,0.09375,0.0952380952380952,0.019047619047619,False,False,True,False,0,0,0,0,0.125,0.1379310344827586,10100000
0.8697451659382693,0.009009009009009,0.1016684948905952,0.05,0.09375,0.0952380952380952,0.019047619047619,False,False,False,True,0,0,0,0,0.125,0.4827586206896552,12880000
0.9759558202456162,0.0,0.0517868483343917,0.0,0.0625,0.0952380952380952,0.019047619047619,False,False,True,False,0,0,0,0,0.125,0.1379310344827586,6700000
0.8783303941422673,0.0225225225225225,0.0178781055751207,0.0,0.0,0.0,0.0,True,False,False,False,0,0,0,0,0.125,0.1379310344827586,2200000
0.9471106241592224,0.036036036036036,0.0182629948232396,0.0,0.0,0.0,0.0,False,False,True,False,0,0,0,0,0.125,0.1379310344827586,2535000
0.8918513102174757,0.0,0.0531532051652137,0.0,0.09375,0.0952380952380952,0.019047619047619,False,False,True,False,0,0,0,0,0.125,0.2068965517241379,7650000
0.9856753574393338,0.03003003003003,0.0315994072705579,0.0,0.0,0.0,0.0,True,False,False,False,0,0,0,0,0.125,0.1034482758620689,4200000
0.8729355338805647,0.036036036036036,0.016088370571368,0.0,0.03125,0.0476190476190476,0.0095238095238095,False,False,False,True,0,0,0,0,0.125,0.5517241379310345,2300000
0.9258176900515878,0.039039039039039,0.1101745472740219,0.0,0.125,0.0952380952380952,0.0285714285714285,False,True,False,False,1,1,1,1,0.375,0.0689655172413793,18000000
0.834633708368699,0.0,0.105767565383061,0.05,0.09375,0.0952380952380952,0.019047619047619,False,False,False,True,0,0,0,0,0.125,0.4827586206896552,14000000
0.8856651422630364,0.0,0.0723399341839385,0.05,0.0625,0.0952380952380952,0.0095238095238095,False,False,False,True,0,0,0,0,0.125,0.4482758620689654,15200000
0.9019639097998606,0.036036036036036,0.088639993841772,0.05,0.125,0.0476190476190476,0.019047619047619,False,False,True,False,0,0,0,0,0.125,0.3103448275862069,9500000
0.828565141127001,0.042042042042042,0.0588880549621846,0.0,0.09375,0.0952380952380952,0.019047619047619,False,False,True,False,0,0,0,0,0.125,0.2758620689655172,5300000
0.8067659096173543,0.0,0.1135038392702499,0.0,0.09375,0.1428571428571428,0.0285714285714285,False,True,False,False,1,1,1,1,0.5,0.1034482758620689,13000000
0.8048250844877316,0.021021021021021,0.0612936127629274,0.05,0.0625,0.0476190476190476,0.0095238095238095,False,False,False,True,0,0,0,0,0.125,0.4137931034482758,6750000
0.8435483832513455,0.0105105105105105,0.0521332486576987,0.05,0.09375,0.0952380952380952,0.019047619047619,False,False,True,False,0,0,0,0,0.125,0.2413793103448275,5500000
0.9017182055552836,0.042042042042042,0.0575024536689567,0.0,0.09375,0.0476190476190476,0.0095238095238095,True,False,False,False,0,0,0,0,0.125,0.1379310344827586,3800000
0.978919875635853,0.042042042042042,0.0963955121913669,0.05,0.09375,0.0952380952380952,0.019047619047619,False,False,True,False,0,0,0,0,0.125,0.2068965517241379,20200000
0.9618360092282215,0.039039039039039,0.0878509708831283,0.05,0.09375,0.0952380952380952,0.019047619047619,False,False,True,False,0,0,0,0,0.125,0.2413793103448275,14600000
0.7670477154055391,0.0,0.0676827742817004,0.05,0.09375,0.0952380952380952,0.019047619047619,False,False,True,False,0,0,0,0,0.125,0.1379310344827586,8000000
0.8088326833934047,0.0,0.0534611165637087,0.05,0.0625,0.0476190476190476,0.0095238095238095,False,False,True,False,0,0,0,0,0.125,0.3103448275862069,4990000
0.8691168532452025,0.0525525525525525,0.0515366703231145,0.0,0.09375,0.0952380952380952,0.019047619047619,True,False,False,False,0,0,0,0,0.125,0.1379310344827586,3400000
0.9775603874273316,0.0165165165165165,0.0998017820372187,0.05,0.09375,0.0952380952380952,0.019047619047619,False,False,False,True,0,0,0,0,0.125,0.6551724137931035,24050000
0.9587207033422088,0.0375375375375375,0.0333314088870927,0.0,0.0625,0.0952380952380952,0.0095238095238095,False,False,True,False,0,0,0,0,0.125,0.3103448275862069,7800000
0.8952818472187118,0.042042042042042,0.0596963223832342,0.0,0.0625,0.0476190476190476,0.0095238095238095,False,False,False,True,0,0,0,0,0.125,0.3793103448275862,5400000
0.8088326833934047,0.0,0.0669899736350865,0.05,0.0625,0.0476190476190476,0.0095238095238095,False,False,True,False,0,0,0,0,0.125,0.3103448275862069,6050000
0.8917001421836801,0.0525525525525525,0.0592536997478975,0.0,0.09375,0.0952380952380952,0.019047619047619,True,False,False,False,0,0,0,0,0.125,0.1379310344827586,4100000
0.8747592683729977,0.0195195195195195,0.020803263860824,0.0,0.03125,0.0476190476190476,0.0095238095238095,False,False,False,True,0,0,0,0,0.125,0.3448275862068965,3990000
0.9791071127447708,0.0195195195195195,0.0348517214171622,0.05,0.03125,0.0476190476190476,0.0095238095238095,False,False,False,True,0,0,0,0,0.125,0.4137931034482758,8500000
0.8100223071496657,0.0,0.076535226988434,0.05,0.0625,0.0952380952380952,0.0095238095238095,False,False,False,True,0,0,0,0,0.125,0.3793103448275862,11100000
0.8800941096038173,0.0045045045045045,0.0750341589207705,0.05,0.0625,0.0952380952380952,0.0095238095238095,False,False,True,False,0,0,0,0,0.125,0.2068965517241379,13500000
0.9712163136301796,0.0345345345345345,0.0865038585147123,0.05,0.09375,0.0952380952380952,0.019047619047619,False,False,True,False,0,0,0,0,0.125,0.2413793103448275,12300000
0.8499160160754684,0.0345345345345345,0.0183207282104574,0.0,0.0,0.0,0.0,True,False,False,False,0,0,0,0,0.125,0.1034482758620689,700000
0.8797940385105676,0.042042042042042,0.0648345938456209,0.0,0.09375,0.0952380952380952,0.019047619047619,True,False,False,False,0,0,0,0,0.125,0.1379310344827586,8300000
0.8454307294411763,0.0105105105105105,0.0663549063756903,0.05,0.0625,0.0952380952380952,0.0095238095238095,False,False,False,True,0,0,0,0,0.125,0.3793103448275862,10420000
0.7987838304224795,0.042042042042042,0.0653349498681754,0.05,0.09375,0.0952380952380952,0.0095238095238095,False,False,True,False,0,0,0,0,0.125,0.2068965517241379,6100000
0.828565141127001,0.039039039039039,0.0586378769509073,0.0,0.125,0.1428571428571428,0.0380952380952381,False,False,True,False,0,0,0,0,0.125,0.2758620689655172,5220000
0.9017182055552836,0.0405405405405405,0.0227854434886361,0.0,0.03125,0.0476190476190476,0.0095238095238095,False,False,True,False,0,0,0,0,0.125,0.2068965517241379,1560000
0.8856651422630364,0.0,0.0746877585974635,0.05,0.0,0.0,0.0,False,False,False,True,0,0,0,0,0.125,0.4482758620689654,13200000
0.8970041717999777,0.0195195195195195,0.0219001982179627,0.0,0.03125,0.0476190476190476,0.0095238095238095,False,False,True,False,0,0,0,0,0.125,0.2758620689655172,5200000
0.7606317247807795,0.0,0.0685295306275619,0.0,0.09375,0.0952380952380952,0.019047619047619,False,True,False,False,1,1,1,1,0.25,0.0344827586206896,3300000
0.8881589193485127,0.051051051051051,0.0583107210900063,0.0,0.09375,0.0952380952380952,0.019047619047619,True,False,False,False,0,0,0,0,0.125,0.1379310344827586,5500000
0.930780137631274,0.0405405405405405,0.0570213421088081,0.0,0.0625,0.0952380952380952,0.0095238095238095,False,False,False,True,0,0,0,0,0.125,0.6206896551724138,11000000
0.8120205825065625,0.0075075075075075,0.0852529684583261,0.05,0.0625,0.0952380952380952,0.019047619047619,False,False,False,True,0,0,0,0,0.125,0.4482758620689654,8700000
0.9780697518105796,0.039039039039039,0.0602736562554125,0.0,0.09375,0.0952380952380952,0.019047619047619,False,False,True,False,0,0,0,0,0.125,0.2068965517241379,8000000
0.8413345208290082,0.0105105105105105,0.0930854646575447,0.05,0.09375,0.0952380952380952,0.019047619047619,False,False,False,True,0,0,0,0,0.125,0.4137931034482758,15000000
0.8581347622340445,0.039039039039039,0.147066181706214,0.0,0.125,0.1428571428571428,0.0380952380952381,False,True,False,False,1,1,1,1,0.375,0.0689655172413793,16000000
0.8779655749186759,0.0285285285285285,0.1026499624732983,0.05,0.09375,0.0952380952380952,0.019047619047619,False,False,False,True,0,0,0,0,0.125,0.3448275862068965,15750000
0.869282446318266,0.009009009009009,0.1119257933529626,0.05,0.09375,0.0952380952380952,0.019047619047619,False,False,False,True,0,0,0,0,0.125,0.4827586206896552,23500000
0.8352609755298204,0.0,0.0944903104131786,0.0,0.125,0.0952380952380952,0.0285714285714285,False,True,False,False,1,1,1,1,0.25,0.0344827586206896,12650000
0.984656218561156,0.0375375375375375,0.0827319438831476,0.0,0.125,0.0952380952380952,0.019047619047619,False,False,False,True,0,0,0,0,0.125,0.5172413793103449,12620000
0.8132494833908481,0.009009009009009,0.1009372053191694,0.05,0.125,0.0952380952380952,0.019047619047619,False,False,False,True,0,0,0,0,0.125,0.4827586206896552,11500000
0.9166940437328606,0.012012012012012,0.1185458884206069,0.1,0.125,0.0952380952380952,0.019047619047619,False,False,False,True,0,0,0,0,0.125,0.4827586206896552,22000000
0.8504448778540166,0.036036036036036,0.0170698381540711,0.0,0.03125,0.0476190476190476,0.0095238095238095,True,False,False,False,0,0,0,0,0.125,0.1379310344827586,700000
0.9411450017059336,0.0,0.0564247637742239,0.0,0.125,0.0952380952380952,0.019047619047619,True,False,False,False,0,0,0,0,0.125,0.1379310344827586,8580000
0.8505655510824681,0.009009009009009,0.0921617304620595,0.05,0.09375,0.0952380952380952,0.019047619047619,False,False,False,True,0,0,0,0,0.125,0.4137931034482758,16300000
0.8891978802232359,0.0615615615615615,0.0600619671689471,0.0,0.09375,0.0952380952380952,0.019047619047619,True,False,False,False,0,0,0,0,0.125,0.1379310344827586,6770000
0.8731579763438049,0.0,0.0337162981352115,0.0,0.03125,0.0476190476190476,0.0095238095238095,False,False,True,False,0,0,0,0,0.125,0.1724137931034483,4300000
0.938048857791074,0.0,0.0441852856840444,0.0,0.15625,0.0476190476190476,0.019047619047619,True,False,False,False,0,0,0,0,0.125,0.1379310344827586,9950000
0.874022993412467,0.0015015015015015,0.0920847526124357,0.05,0.0625,0.0952380952380952,0.019047619047619,False,False,False,True,0,0,0,0,0.125,0.3793103448275862,9740000
0.8779306000466534,0.036036036036036,0.0205145969247349,0.0,0.03125,0.0476190476190476,0.0095238095238095,False,False,False,True,0,0,0,0,0.125,0.3793103448275862,2200000
0.7737291860761388,0.009009009009009,0.1026884513981101,0.0,0.09375,0.1428571428571428,0.0285714285714285,False,True,False,False,1,1,1,1,0.5,0.1034482758620689,12500000
0.8648076464296253,0.042042042042042,0.0529030271539364,0.05,0.0625,0.0952380952380952,0.0095238095238095,False,False,True,False,0,0,0,0,0.125,0.1724137931034483,7250000
0.9814472759726698,0.048048048048048,0.0829051440448011,0.0,0.09375,0.0952380952380952,0.019047619047619,False,True,False,False,1,1,1,1,0.25,0.0344827586206896,8940000
0.8575676404750823,0.0435435435435435,0.0763042934395627,0.05,0.09375,0.0952380952380952,0.019047619047619,False,False,True,False,0,0,0,0,0.125,0.1379310344827586,8500000
0.8504448778540166,0.0,0.0170698381540711,0.0,0.03125,0.0476190476190476,0.0095238095238095,True,False,False,False,0,0,0,0,0.125,0.1379310344827586,1170000
0.8849908172000198,0.0765765765765765,0.0150684140638531,0.0,0.09375,0.0952380952380952,0.019047619047619,False,True,False,False,1,1,1,1,0.25,0.0344827586206896,1800000
0.8699318505002793,0.039039039039039,0.0769970940861766,0.0,0.09375,0.0952380952380952,0.019047619047619,False,False,False,True,0,0,0,0,0.125,0.3793103448275862,10750000
0.8841410003319652,0.024024024024024,0.046321421011104,0.0,0.03125,0.0476190476190476,0.0095238095238095,False,False,True,False,0,0,0,0,0.125,0.1034482758620689,2800000
0.8951104797655489,0.0405405405405405,0.0394896368569944,0.0,0.0625,0.0952380952380952,0.0095238095238095,False,False,True,False,0,0,0,0,0.125,0.2758620689655172,5000000
0.884173380174758,0.0,0.7360429536400901,0.05,0.09375,0.0952380952380952,0.019047619047619,False,False,True,False,0,0,0,0,0.125,0.3103448275862069,18680000
0.8839297370578265,0.0315315315315315,0.0675480630448588,0.0,0.09375,0.0952380952380952,0.019047619047619,False,False,False,True,0,0,0,0,0.125,0.6551724137931035,5000000
0.9617224200988232,0.015015015015015,0.0961068452552777,0.05,0.09375,0.0952380952380952,0.019047619047619,False,False,False,True,0,0,0,0,0.125,0.4827586206896552,23100000
0.8132494833908481,0.009009009009009,0.0911802628793564,0.05,0.09375,0.0952380952380952,0.019047619047619,False,False,False,True,0,0,0,0,0.125,0.4827586206896552,12500000
0.9731799335194466,0.024024024024024,0.0840790562515636,0.05,0.09375,0.0952380952380952,0.019047619047619,False,False,False,True,0,0,0,0,0.125,0.4137931034482758,17750000
0.9588150557934512,0.039039039039039,0.0829436329696129,0.05,0.09375,0.0952380952380952,0.019047619047619,True,False,False,False,0,0,0,0,0.125,0.1379310344827586,13050000
0.8816492340501156,0.021021021021021,0.051344225699055,0.05,0.0625,0.0476190476190476,0.0095238095238095,False,False,True,False,0,0,0,0,0.125,0.3103448275862069,9180000
0.9675174813824584,0.009009009009009,0.1040548082289321,0.05,0.09375,0.0952380952380952,0.019047619047619,False,False,False,True,0,0,0,0,0.125,0.7241379310344828,20500000
0.9048157542840158,0.042042042042042,0.061774724323076,0.05,0.0625,0.0476190476190476,0.0095238095238095,False,False,False,True,0,0,0,0,0.125,0.4482758620689654,6800000
0.882474529336065,0.0045045045045045,0.0866770586763658,0.05,0.09375,0.0952380952380952,0.019047619047619,False,False,True,False,0,0,0,0,0.125,0.3103448275862069,17250000
0.7909269689338032,0.039039039039039,0.060081211631353,0.0,0.09375,0.0952380952380952,0.0095238095238095,False,False,False,True,0,0,0,0,0.125,0.3448275862068965,2650000
0.7910972383840829,0.042042042042042,0.0894675057252275,0.0,0.09375,0.0952380952380952,0.019047619047619,True,False,False,False,0,0,0,0,0.25,0.1379310344827586,6600000
0.8621927172595747,0.051051051051051,0.0598310336200758,0.0,0.125,0.0952380952380952,0.019047619047619,False,False,True,False,0,0,0,0,0.125,0.1379310344827586,8880000
0.869254975713261,0.042042042042042,0.0571560533456497,0.0,0.09375,0.0952380952380952,0.019047619047619,False,False,True,False,0,0,0,0,0.125,0.2068965517241379,5100000
0.9681033488145374,0.012012012012012,0.1104247252852991,0.05,0.09375,0.0476190476190476,0.019047619047619,False,False,False,True,0,0,0,0,0.125,0.9310344827586208,21000000
0.9003253073150574,0.012012012012012,0.025845313011181,0.0,0.03125,0.0476190476190476,0.0095238095238095,False,False,False,True,0,0,0,0,0.125,0.3793103448275862,5800000
0.8875032602368549,0.0,0.0545388064584415,0.0,0.0625,0.0476190476190476,0.0095238095238095,True,False,False,False,0,0,0,0,0.125,0.1379310344827586,6200000
0.8810385619395902,0.0,0.0881396378192175,0.05,0.09375,0.0952380952380952,0.019047619047619,False,False,True,False,0,0,0,0,0.125,0.3103448275862069,17400000
0.9618360092282215,0.0375375375375375,0.0307911398495083,0.0,0.09375,0.0952380952380952,0.019047619047619,False,False,True,False,0,0,0,0,0.125,0.2413793103448275,3000000
0.8958748218069843,0.069069069069069,0.0840790562515636,0.0,0.0625,0.0952380952380952,0.019047619047619,False,True,False,False,1,1,1,1,0.25,0.0344827586206896,21410000
0.9617224200988232,0.015015015015015,0.0348132324923503,0.0,0.03125,0.0476190476190476,0.0095238095238095,False,False,False,True,0,0,0,0,0.125,0.4827586206896552,10300000
0.9618360092282215,0.039039039039039,0.0734176240786713,0.05,0.09375,0.0952380952380952,0.019047619047619,False,False,True,False,0,0,0,0,0.125,0.2068965517241379,13000000
0.8322638228638937,0.042042042042042,0.0729942459057406,0.05,0.09375,0.0952380952380952,0.019047619047619,False,False,True,False,0,0,0,0,0.125,0.1724137931034483,7600000
0.8699050196096607,0.0405405405405405,0.0877355041086927,0.05,0.125,0.0952380952380952,0.019047619047619,False,False,False,True,0,0,0,0,0.125,0.4137931034482758,11200000
0.81049387085082,0.0225225225225225,0.0164925042818928,0.0,0.03125,0.0476190476190476,0.0095238095238095,False,False,True,False,0,0,0,0,0.125,0.1724137931034483,1300000
0.8810385619395902,0.0,0.0881396378192175,0.05,0.09375,0.0952380952380952,0.019047619047619,False,False,True,False,0,0,0,0,0.125,0.3103448275862069,15500000
0.9932633059892452,0.021021021021021,0.0241902892442699,0.05,0.03125,0.0476190476190476,0.0095238095238095,False,False,True,False,0,0,0,0,0.125,0.2068965517241379,6300000
0.8888195454003665,0.0375375375375375,0.0840983007139695,0.05,0.125,0.0952380952380952,0.019047619047619,False,False,False,True,0,0,0,0,0.125,0.3793103448275862,10000000
0.9491496789962072,0.0225225225225225,0.0209764640224775,0.0,0.03125,0.0476190476190476,0.0095238095238095,False,False,True,False,0,0,0,0,0.125,0.1724137931034483,5980000
0.8946586437712654,0.0225225225225225,0.1145237957777649,0.05,0.09375,0.0952380952380952,0.019047619047619,False,False,False,True,0,0,0,0,0.125,0.9310344827586208,23500000
0.8825747203157164,0.0375375375375375,0.0842330119508111,0.05,0.09375,0.0952380952380952,0.019047619047619,False,False,False,True,0,0,0,0,0.125,0.4137931034482758,10000000
0.8159726423340032,0.021021021021021,0.0904104843831187,0.05,0.125,0.0952380952380952,0.019047619047619,False,False,False,True,0,0,0,0,0.125,0.4482758620689654,9300000
0.8949394479647594,0.0,0.0469757327329061,0.0,0.09375,0.0952380952380952,0.019047619047619,True,False,False,False,0,0,0,0,0.125,0.1379310344827586,5000000
0.9104514394221326,0.051051051051051,0.0880049265823759,0.0,0.125,0.1428571428571428,0.0285714285714285,False,True,False,False,1,1,1,1,0.25,0.0344827586206896,15800000
0.951773963095036,0.0,0.0434924850374304,0.0,0.09375,0.0952380952380952,0.0095238095238095,True,False,False,False,0,0,0,0,0.125,0.1034482758620689,5500000
0.8425251444777757,0.009009009009009,0.1140811731424282,0.0,0.15625,0.0476190476190476,0.019047619047619,False,True,False,False,1,1,1,1,0.375,0.0689655172413793,4006500
0.8943911621937843,0.0585585585585585,0.0861189692665935,0.0,0.09375,0.0952380952380952,0.019047619047619,False,True,False,False,1,1,1,1,0.25,0.0344827586206896,21500000
0.9759353049915376,0.057057057057057,0.0596193445336104,0.0,0.0,0.0,0.0,True,False,False,False,0,0,0,0,0.125,0.1379310344827586,8400000
0.8823323884377601,0.0,0.0867155476011777,0.05,0.0,0.0,0.0,False,False,True,False,0,0,0,0,0.125,0.1724137931034483,15870000
0.8144187596352026,0.0,0.0443392413832919,0.0,0.09375,0.0952380952380952,0.019047619047619,False,True,False,False,1,1,1,1,0.125,0.0,8100000
0.8728050560544034,0.045045045045045,0.0586571214133133,0.0,0.1875,0.2857142857142857,0.0571428571428571,False,False,True,False,0,0,0,0,0.125,0.1379310344827586,9500000
0.8663372842086119,0.024024024024024,0.0868117699132074,0.05,0.09375,0.0952380952380952,0.019047619047619,False,False,False,True,0,0,0,0,0.125,0.4482758620689654,16350000
0.8056295769107464,0.003003003003003,0.0832322999057021,0.05,0.0625,0.0952380952380952,0.0095238095238095,False,False,False,True,0,0,0,0,0.125,0.4827586206896552,8320000
0.8710481115851678,0.0195195195195195,0.0246136674172006,0.0,0.03125,0.0476190476190476,0.0095238095238095,False,False,True,False,0,0,0,0,0.125,0.3103448275862069,3500000
0.8545263322841379,0.003003003003003,0.0665665954621557,0.05,0.0625,0.0952380952380952,0.0095238095238095,False,False,False,True,0,0,0,0,0.125,0.3793103448275862,11500000
0.8747592683729977,0.018018018018018,0.0354675442141523,0.0,0.0625,0.0476190476190476,0.0095238095238095,False,False,False,True,0,0,0,0,0.125,0.3448275862068965,6750000
0.8088326833934047,0.0,0.0328502973269441,0.0,0.03125,0.0476190476190476,0.0095238095238095,False,False,True,False,0,0,0,0,0.125,0.3103448275862069,3150000
0.8946586437712654,0.0225225225225225,0.1146007736273887,0.05,0.125,0.0952380952380952,0.019047619047619,False,False,False,True,0,0,0,0,0.125,0.9310344827586208,25500000
0.8841926665993185,0.0405405405405405,0.0951253776725747,0.05,0.09375,0.0952380952380952,0.0285714285714285,True,False,False,False,0,0,0,0,0.375,0.1379310344827586,10600000
0.9313654947046645,0.0,0.0545195619960356,0.0,0.09375,0.0952380952380952,0.0095238095238095,False,False,False,True,0,0,0,0,0.125,0.3793103448275862,8800000
0.8849859493698204,0.0435435435435435,0.0756692261801666,0.05,0.09375,0.0952380952380952,0.019047619047619,False,False,True,False,0,0,0,0,0.125,0.1724137931034483,12000000
0.9260816065556696,0.018018018018018,0.1145815291649827,0.05,0.09375,0.0952380952380952,0.019047619047619,False,False,True,False,0,0,0,0,0.125,0.3103448275862069,18000000
0.872023288476953,0.0375375375375375,0.0201681966014279,0.0,0.03125,0.0476190476190476,0.0095238095238095,False,False,True,False,0,0,0,0,0.125,0.1724137931034483,1550000
0.8796412232119053,0.0015015015015015,0.0639493485749475,0.05,0.09375,0.0952380952380952,0.019047619047619,False,False,True,False,0,0,0,0,0.125,0.3103448275862069,11500000
0.7688140069907661,0.039039039039039,0.1101937917364278,0.0,0.15625,0.0952380952380952,0.0380952380952381,False,True,False,False,1,1,1,1,0.5,0.1034482758620689,8380000
0.8712368941824025,0.0435435435435435,0.0655466389546408,0.0,0.09375,0.0952380952380952,0.019047619047619,False,False,False,True,0,0,0,0,0.125,0.3793103448275862,7000000
0.8596719670164532,0.0,0.062794680830591,0.0,0.09375,0.0952380952380952,0.019047619047619,True,False,False,False,0,0,0,0,0.125,0.1379310344827586,4700000
0.8594657294463843,0.045045045045045,0.0323499413043896,0.0,0.03125,0.0476190476190476,0.0095238095238095,False,False,False,True,0,0,0,0,0.125,0.3793103448275862,4980000
0.8159726423340032,0.021021021021021,0.0660662394396012,0.05,0.09375,0.0952380952380952,0.019047619047619,False,False,False,True,0,0,0,0,0.125,0.4482758620689654,8320000
0.8876261756532244,0.0,0.125897273059677,0.0,0.125,0.0952380952380952,0.0476190476190476,False,True,False,False,1,1,1,1,0.375,0.0689655172413793,21500000
0.8605471628460464,0.021021021021021,0.0279622038758347,0.05,0.03125,0.0476190476190476,0.0095238095238095,False,False,True,False,0,0,0,0,0.125,0.3103448275862069,5200000
0.8786591255880012,0.072072072072072,0.0835402113041972,0.0,0.1875,0.0476190476190476,0.019047619047619,False,True,False,False,1,1,1,1,0.25,0.0344827586206896,8000000
0.8499160160754684,0.036036036036036,0.0183207282104574,0.0,0.03125,0.0476190476190476,0.0095238095238095,True,False,False,False,0,0,0,0,0.125,0.1034482758620689,800000
0.910145106155852,0.027027027027027,0.0852529684583261,0.05,0.09375,0.0952380952380952,0.019047619047619,False,False,False,True,0,0,0,0,0.125,0.3793103448275862,20380000
0.8050060680398303,0.0,0.1490098724092142,0.0,0.15625,0.0952380952380952,0.0571428571428571,False,True,False,False,1,1,1,1,0.5,0.1034482758620689,24400000
0.9003253073150574,0.0105105105105105,0.0252487346765968,0.0,0.03125,0.0476190476190476,0.0095238095238095,False,False,False,True,0,0,0,0,0.125,0.3793103448275862,4700000
0.8857863837150717,0.054054054054054,0.0142024132555857,0.0,0.09375,0.0952380952380952,0.019047619047619,True,False,False,False,0,0,0,0,0.125,0.1379310344827586,2000000
0.8521107159320707,0.021021021021021,0.0962992898793372,0.05,0.09375,0.0952380952380952,0.019047619047619,False,False,False,True,0,0,0,0,0.125,0.4827586206896552,14500000
0.863950562523172,0.036036036036036,0.1285530088716971,0.0,0.125,0.0952380952380952,0.0285714285714285,False,True,False,False,1,1,1,1,0.375,0.0689655172413793,14500000
0.9304949994795207,0.0,0.0621403691087889,0.0,0.09375,0.0952380952380952,0.0285714285714285,False,True,False,False,1,1,1,1,0.25,0.0344827586206896,11100000
0.9162783267827592,0.0165165165165165,0.0864461251274945,0.05,0.09375,0.0952380952380952,0.019047619047619,False,False,False,True,0,0,0,0,0.125,0.4482758620689654,20300000
0.8119632123777194,0.063063063063063,0.0837134114658506,0.0,0.28125,0.1428571428571428,0.0380952380952381,False,True,False,False,1,1,1,1,0.25,0.0344827586206896,5000000
0.8504448778540166,0.036036036036036,0.0170698381540711,0.0,0.0,0.0,0.0,True,False,False,False,0,0,0,0,0.125,0.1379310344827586,880000
0.8605808860027935,0.0375375375375375,0.0774397167215133,0.0,0.125,0.0952380952380952,0.019047619047619,False,False,False,True,0,0,0,0,0.125,0.4137931034482758,12000000
0.8891276592212876,0.0585585585585585,0.0471296884321536,0.0,0.09375,0.0952380952380952,0.019047619047619,True,False,False,False,0,0,0,0,0.125,0.1034482758620689,7500000
0.8658621547271537,0.0,0.0684140638531262,0.0,0.09375,0.0952380952380952,0.019047619047619,True,False,False,False,0,0,0,0,0.125,0.1379310344827586,3700000
0.9040806097412996,0.018018018018018,0.0695687315974828,0.05,0.09375,0.0952380952380952,0.019047619047619,False,False,True,False,0,0,0,0,0.125,0.2758620689655172,13500000
0.8064223604054348,0.0,0.0754575370937012,0.05,0.0625,0.0952380952380952,0.0095238095238095,False,False,False,True,0,0,0,0,0.125,0.4827586206896552,9000000
0.7991621861546321,0.0,0.0344283432442314,0.0,0.03125,0.0476190476190476,0.0095238095238095,False,True,False,False,1,1,1,1,0.125,0.0,6880000
0.8069148097543746,0.0,0.1236841598829936,0.0,0.125,0.0952380952380952,0.0476190476190476,False,True,False,False,1,1,1,1,0.375,0.0689655172413793,13720000
0.9162783267827592,0.015015015015015,0.0891403498643265,0.05,0.09375,0.0952380952380952,0.019047619047619,False,False,False,True,0,0,0,0,0.125,0.4482758620689654,19600000
0.81049387085082,0.021021021021021,0.0168196601427939,0.0,0.03125,0.0476190476190476,0.0095238095238095,False,False,True,False,0,0,0,0,0.125,0.1724137931034483,1480000
0.808380031671561,0.042042042042042,0.0662779285260666,0.0,0.09375,0.0952380952380952,0.019047619047619,False,False,True,False,0,0,0,0,0.125,0.2413793103448275,5880000
0.7811285496244125,0.0,0.1415622654581144,0.0,0.125,0.0952380952380952,0.0380952380952381,False,True,False,False,1,1,1,1,0.5,0.1034482758620689,11700000
0.8645919940016711,0.003003003003003,0.1414275542212728,0.0,0.125,0.1428571428571428,0.0380952380952381,False,True,False,False,1,1,1,1,0.5,0.1034482758620689,23880000
0.8864297639625249,0.021021021021021,0.1624617516309681,0.05,0.09375,0.0952380952380952,0.0285714285714285,False,False,False,True,0,0,0,0,0.125,0.4482758620689654,20800000
0.8802162065837251,0.0225225225225225,0.0273463810788445,0.05,0.03125,0.0476190476190476,0.0095238095238095,False,False,False,True,0,0,0,0,0.125,0.3448275862068965,4100000
0.9330644729093364,0.0345345345345345,0.0817697207628505,0.0,0.09375,0.0952380952380952,0.019047619047619,False,False,False,True,0,0,0,0,0.125,0.3793103448275862,18800000
0.887185210539684,0.0195195195195195,0.0218617092931508,0.0,0.0625,0.0476190476190476,0.0095238095238095,False,False,True,False,0,0,0,0,0.125,0.3103448275862069,5800000
0.9698010057595924,0.039039039039039,0.0530954717779958,0.05,0.15625,0.0952380952380952,0.019047619047619,False,False,False,True,0,0,0,0,0.125,0.4137931034482758,12800000
0.8463866503055044,0.0615615615615615,0.0529030271539364,0.0,0.09375,0.0952380952380952,0.019047619047619,True,False,False,False,0,0,0,0,0.125,0.1379310344827586,3950000
0.8753425091964289,0.0,0.0487847121990647,0.0,0.09375,0.0952380952380952,0.019047619047619,True,False,False,False,0,0,0,0,0.125,0.1379310344827586,6000000
0.8267951265013096,0.0,0.0718973115486018,0.05,0.09375,0.0952380952380952,0.019047619047619,False,False,True,False,0,0,0,0,0.125,0.1724137931034483,9000000
0.9588150557934512,0.039039039039039,0.0675865519696707,0.0,0.0,0.0,0.0,True,False,False,False,0,0,0,0,0.125,0.1379310344827586,6000000
0.8088326833934047,0.0,0.0689913977253045,0.05,0.0625,0.0476190476190476,0.0095238095238095,False,False,True,False,0,0,0,0,0.125,0.3103448275862069,5700000
0.8874373876679442,0.0,0.1237418932702114,0.0,0.125,0.0952380952380952,0.0476190476190476,False,True,False,False,1,1,1,1,0.375,0.0689655172413793,22000000
0.9931302905364704,0.033033033033033,0.0780555395185035,0.05,0.09375,0.0952380952380952,0.019047619047619,False,False,False,True,0,0,0,0,0.125,0.4482758620689654,13000000
0.9491496789962072,0.0225225225225225,0.0354675442141523,0.05,0.03125,0.0476190476190476,0.0095238095238095,False,False,True,False,0,0,0,0,0.125,0.1724137931034483,7580000
0.8524890670175864,0.015015015015015,0.1176221542251217,0.1,0.09375,0.0952380952380952,0.019047619047619,False,False,False,True,0,0,0,0,0.125,0.4827586206896552,15000000
0.8711155125741641,0.009009009009009,0.0735523353155129,0.05,0.09375,0.0476190476190476,0.019047619047619,False,False,False,True,0,0,0,0,0.125,0.3448275862068965,9650000
0.8099313196147477,0.0075075075075075,0.074533802898216,0.05,0.09375,0.0952380952380952,0.019047619047619,False,False,True,False,0,0,0,0,0.125,0.2068965517241379,8600000
0.9213563807977893,0.051051051051051,0.0894097723380097,0.0,0.15625,0.0952380952380952,0.019047619047619,False,True,False,False,1,1,1,1,0.25,0.0344827586206896,11500000
0.8952818472187118,0.042042042042042,0.0596963223832342,0.0,0.0625,0.0476190476190476,0.0095238095238095,False,False,False,True,0,0,0,0,0.125,0.3793103448275862,5700000
0.8967316027834613,0.0495495495495495,0.0844254565748705,0.0,0.125,0.1428571428571428,0.0285714285714285,False,True,False,False,1,1,1,1,0.25,0.0344827586206896,17000000
0.8737841256027252,0.0,0.0576179204433924,0.0,0.125,0.1428571428571428,0.019047619047619,False,True,False,False,1,1,1,1,0.25,0.0344827586206896,8820000
0.8750556560792404,0.0495495495495495,0.0457440871389257,0.0,0.09375,0.0952380952380952,0.0095238095238095,True,False,False,False,0,0,0,0,0.125,0.1379310344827586,4200000
0.9815419052782488,0.012012012012012,0.0603121451802243,0.05,0.0625,0.0952380952380952,0.019047619047619,False,False,True,False,0,0,0,0,0.125,0.2413793103448275,16800000
0.9691788651405772,0.0,0.0651617497065219,0.05,0.0625,0.0952380952380952,0.0095238095238095,False,False,False,True,0,0,0,0,0.125,0.9655172413793104,13000000
0.9065191945619232,0.0405405405405405,0.0212458864961607,0.0,0.03125,0.0476190476190476,0.0095238095238095,False,False,False,True,0,0,0,0,0.125,0.3793103448275862,2820000
0.8902583176489998,0.0585585585585585,0.0417219944960837,0.0,0.09375,0.0952380952380952,0.0095238095238095,True,False,False,False,0,0,0,0,0.125,0.1379310344827586,3750000
0.8094239761437052,0.0435435435435435,0.1053249427477243,0.05,0.1875,0.0952380952380952,0.0285714285714285,False,False,True,False,0,0,0,0,0.25,0.1379310344827586,6200000
0.8361626266627411,0.042042042042042,0.0654889055674229,0.0,0.09375,0.0952380952380952,0.019047619047619,False,False,True,False,0,0,0,0,0.125,0.2068965517241379,7000000
0.9075358856792376,0.0285285285285285,0.0654889055674229,0.0,0.0625,0.0952380952380952,0.019047619047619,False,False,False,True,0,0,0,0,0.125,0.4137931034482758,7500000
0.8883294612802217,0.039039039039039,0.0833477666801378,0.05,0.09375,0.0952380952380952,0.019047619047619,False,False,False,True,0,0,0,0,0.125,0.4482758620689654,12700000
0.8447117232694268,0.0315315315315315,0.0633527702403633,0.05,0.09375,0.0952380952380952,0.019047619047619,False,False,True,False,0,0,0,0,0.125,0.2413793103448275,6450000
0.8427441168517475,0.0,0.0780362950560976,0.0,0.0,0.0,0.0,False,True,False,False,1,1,1,1,0.25,0.0344827586206896,12350000
0.9034353451070558,0.0435435435435435,0.0699921097704135,0.0,0.09375,0.0952380952380952,0.019047619047619,True,False,False,False,0,0,0,0,0.125,0.1379310344827586,4300000
0.8915641666336853,0.0,0.1183149548717356,0.05,0.09375,0.0952380952380952,0.019047619047619,False,False,False,True,0,0,0,0,0.125,0.4137931034482758,20500000
0.9075358856792376,0.027027027027027,0.0300021168908646,0.0,0.03125,0.0476190476190476,0.0095238095238095,False,False,False,True,0,0,0,0,0.125,0.4137931034482758,1800000
0.7677079637488475,0.0,0.0715316667628889,0.05,0.09375,0.0952380952380952,0.019047619047619,False,False,True,False,0,0,0,0,0.125,0.1379310344827586,7580000
0.8665564403684414,0.0375375375375375,0.0553663183418971,0.0,0.09375,0.0952380952380952,0.0095238095238095,True,False,False,False,0,0,0,0,0.125,0.1379310344827586,4500000
0.8061314186337256,0.0225225225225225,0.1170833092777553,0.0,0.15625,0.0952380952380952,0.0285714285714285,False,True,False,False,1,1,1,1,0.5,0.1034482758620689,16000000
0.8919420122913095,0.075075075075075,0.0880626599695937,0.0,0.15625,0.0952380952380952,0.019047619047619,False,False,True,False,0,0,0,0,0.125,0.2413793103448275,15300000
0.8711155125741641,0.009009009009009,0.0661624617516309,0.0,0.0,0.0,0.0,False,False,False,True,0,0,0,0,0.125,0.3448275862068965,10100000
0.8804950654882475,0.03003003003003,0.2202336277736081,0.0,0.15625,0.1428571428571428,0.0380952380952381,False,True,False,False,1,1,1,1,0.5,0.1034482758620689,20000000
0.8793034166846496,0.0,0.1003406269845851,0.05,0.09375,0.0952380952380952,0.019047619047619,False,False,False,True,0,0,0,0,0.125,0.6896551724137931,18500000
0.8056295769107464,0.0045045045045045,0.0829628774320189,0.05,0.0625,0.0952380952380952,0.0095238095238095,False,False,False,True,0,0,0,0,0.125,0.4827586206896552,9000000
0.8064223604054348,0.0,0.1174874429882801,0.1,0.09375,0.0952380952380952,0.019047619047619,False,False,False,True,0,0,0,0,0.125,0.4827586206896552,13950000
0.8593611093150741,0.0405405405405405,0.0751111367703943,0.05,0.09375,0.0952380952380952,0.019047619047619,False,False,True,False,0,0,0,0,0.125,0.1379310344827586,8800000
0.8665631968255525,0.0465465465465465,0.0713969555260473,0.0,0.09375,0.0952380952380952,0.019047619047619,True,False,False,False,0,0,0,0,0.125,0.1379310344827586,4200000
0.7937747817665581,0.0,0.0493043126840251,0.05,0.09375,0.0952380952380952,0.019047619047619,False,False,True,False,0,0,0,0,0.125,0.1379310344827586,5500000
0.8217517755022072,0.0255255255255255,0.134961414852876,0.0,0.125,0.0952380952380952,0.0380952380952381,False,True,False,False,1,1,1,1,0.625,0.1379310344827586,16250000
0.9330644729093364,0.0345345345345345,0.0753805592440775,0.0,0.09375,0.0952380952380952,0.019047619047619,False,False,False,True,0,0,0,0,0.125,0.3793103448275862,13680000
0.92421308958626,0.0225225225225225,0.1135230837326559,0.0,0.125,0.0952380952380952,0.0380952380952381,False,True,False,False,1,1,1,1,0.5,0.1034482758620689,18800000
0.8647966536230172,0.0,0.0282508708119238,0.0,0.09375,0.0952380952380952,0.019047619047619,False,True,False,False,1,1,1,1,0.125,0.0,17500000
0.8839297370578265,0.033033033033033,0.0889479052402671,0.05,0.09375,0.0952380952380952,0.0095238095238095,False,False,False,True,0,0,0,0,0.125,0.6551724137931035,13600000
0.8145594689378299,0.0045045045045045,0.0485152897253815,0.05,0.0625,0.0476190476190476,0.0095238095238095,False,False,True,False,0,0,0,0,0.125,0.1379310344827586,8250000
0.8901912858561332,0.0,0.0129322787367934,0.0,0.09375,0.0952380952380952,0.019047619047619,True,False,False,False,0,0,0,0,0.125,0.1379310344827586,1000000
0.8596974750407185,0.0195195195195195,0.0328310528645382,0.05,0.0625,0.0476190476190476,0.0095238095238095,False,False,True,False,0,0,0,0,0.125,0.3103448275862069,7400000
0.8088326833934047,0.0,0.0347554991051324,0.0,0.03125,0.0476190476190476,0.0095238095238095,False,False,True,False,0,0,0,0,0.125,0.3103448275862069,4060000
0.8983374825695023,0.039039039039039,0.1004368492966149,0.05,0.125,0.1428571428571428,0.019047619047619,False,False,True,False,0,0,0,0,0.125,0.2068965517241379,14300000
0.8752763281196678,0.0465465465465465,0.0279814483382406,0.0,0.03125,0.0476190476190476,0.0095238095238095,False,False,False,True,0,0,0,0,0.125,0.3793103448275862,4380000
0.8769861855952854,0.0,0.0700498431576313,0.0,0.09375,0.0952380952380952,0.019047619047619,True,False,False,False,0,0,0,0,0.125,0.1379310344827586,6150000
0.8793807070689184,0.0255255255255255,0.1100783249619921,0.05,0.125,0.0952380952380952,0.019047619047619,False,False,False,True,0,0,0,0,0.125,0.4482758620689654,16000000
0.9391250001991692,0.036036036036036,0.0808074976425533,0.0,0.125,0.0476190476190476,0.019047619047619,False,False,False,True,0,0,0,0,0.125,0.4827586206896552,14180000
0.802052903029761,0.0465465465465465,0.0472643996689952,0.0,0.09375,0.0952380952380952,0.019047619047619,True,False,False,False,0,0,0,0,0.125,0.1379310344827586,5700000
0.861885290930303,0.03003003003003,0.1208167349845082,0.0,0.125,0.0952380952380952,0.0285714285714285,False,True,False,False,1,1,1,1,0.5,0.1034482758620689,8800000
0.8504080620708976,0.006006006006006,0.1511075188114619,0.0,0.15625,0.0476190476190476,0.0285714285714285,False,True,False,False,1,1,1,1,0.5,0.1034482758620689,18850000
0.7677079637488475,0.0,0.0699536208456016,0.05,0.09375,0.0952380952380952,0.019047619047619,False,False,True,False,0,0,0,0,0.125,0.1379310344827586,7500000
0.8976606908249778,0.036036036036036,0.0838866116275041,0.05,0.09375,0.0952380952380952,0.019047619047619,False,False,False,True,0,0,0,0,0.125,0.3793103448275862,16660000
0.8197149989344439,0.0,0.0995516040259415,0.0,0.15625,0.0952380952380952,0.0285714285714285,False,True,False,False,1,1,1,1,0.25,0.0344827586206896,14000000
0.8137272869160768,0.039039039039039,0.155476011777611,0.0,0.0625,0.0952380952380952,0.019047619047619,True,False,False,False,0,0,0,0,0.125,0.1379310344827586,5430000
0.9003253073150574,0.012012012012012,0.0246521563420125,0.0,0.03125,0.0476190476190476,0.0095238095238095,False,False,False,True,0,0,0,0,0.125,0.3793103448275862,5250000
0.8841410003319652,0.024024024024024,0.0488424455862825,0.05,0.03125,0.0476190476190476,0.0095238095238095,False,False,True,False,0,0,0,0,0.125,0.1034482758620689,3940000
0.9621000459553954,0.015015015015015,0.0708773550410869,0.05,0.0625,0.0952380952380952,0.0095238095238095,False,False,False,True,0,0,0,0,0.125,0.3793103448275862,13600000
0.8398624916481481,0.012012012012012,0.0785366510786521,0.05,0.0625,0.0952380952380952,0.0095238095238095,False,False,False,True,0,0,0,0,0.125,0.4827586206896552,13300000
0.8879886448150955,0.0375375375375375,0.0624675249696899,0.0,0.09375,0.0952380952380952,0.019047619047619,False,False,True,False,0,0,0,0,0.125,0.2413793103448275,8650000
0.9003253073150574,0.009009009009009,0.0287319823720724,0.0,0.03125,0.0476190476190476,0.0095238095238095,False,False,False,True,0,0,0,0,0.125,0.3793103448275862,5150000
0.9932633059892452,0.0225225225225225,0.0207647749360121,0.0,0.03125,0.0476190476190476,0.0095238095238095,False,False,True,False,0,0,0,0,0.125,0.2068965517241379,5500000
0.9408243353366856,0.033033033033033,0.0172430383157246,0.0,0.0,0.0,0.0,False,False,True,False,0,0,0,0,0.125,0.2068965517241379,2500000
0.8524890670175864,0.0165165165165165,0.1060562323191501,0.1,0.09375,0.0952380952380952,0.019047619047619,False,False,False,True,0,0,0,0,0.125,0.4827586206896552,14650000
0.9013404816813876,0.0405405405405405,0.04899640128553,0.0,0.125,0.0952380952380952,0.0285714285714285,False,False,True,False,0,0,0,0,0.125,0.1379310344827586,4300000
0.8779306000466534,0.0375375375375375,0.0166464599811404,0.0,0.0,0.0,0.0,False,False,False,True,0,0,0,0,0.125,0.3793103448275862,2000000
0.8835449562617157,0.048048048048048,0.0630833477666801,0.0,0.09375,0.0952380952380952,0.019047619047619,False,False,True,False,0,0,0,0,0.125,0.2413793103448275,9300000
0.883971802318996,0.033033033033033,0.0857148355560687,0.05,0.09375,0.0952380952380952,0.019047619047619,False,False,False,True,0,0,0,0,0.125,0.3793103448275862,8100000
0.7937747817665581,0.0,0.0545388064584415,0.05,0.09375,0.0952380952380952,0.019047619047619,False,False,True,False,0,0,0,0,0.125,0.1379310344827586,6000000
0.8099897802161138,0.0,0.1428323999769066,0.0,0.15625,0.0952380952380952,0.0285714285714285,False,True,False,False,1,1,1,1,0.375,0.0689655172413793,14200000
0.8857484345331272,0.0195195195195195,0.1135230837326559,0.05,0.09375,0.0952380952380952,0.019047619047619,False,False,False,True,0,0,0,0,0.125,0.6206896551724138,17500000
0.8596974750407185,0.018018018018018,0.0299058945788349,0.0,0.0625,0.0952380952380952,0.0095238095238095,False,False,True,False,0,0,0,0,0.125,0.3103448275862069,5350000
0.8668886409636798,0.063063063063063,0.1268594961799742,0.0,0.15625,0.1428571428571428,0.0380952380952381,False,True,False,False,1,1,1,1,0.5,0.1034482758620689,15480000
0.8603199461933002,0.021021021021021,0.0858687912553162,0.05,0.09375,0.0952380952380952,0.019047619047619,False,False,False,True,0,0,0,0,0.125,0.4137931034482758,14900000
0.9166940437328606,0.0105105105105105,0.0897176837365048,0.05,0.09375,0.0952380952380952,0.019047619047619,False,False,False,True,0,0,0,0,0.125,0.4827586206896552,16800000
0.8688170928915895,0.0465465465465465,0.0674133518080172,0.05,0.09375,0.0952380952380952,0.019047619047619,False,False,False,True,0,0,0,0,0.125,0.3793103448275862,6300000
0.9639875851140688,0.0165165165165165,0.0828089217327713,0.05,0.09375,0.0952380952380952,0.019047619047619,False,False,False,True,0,0,0,0,0.125,0.3793103448275862,21500000
0.8953165505182312,0.0,0.0558859188268575,0.0,0.125,0.0476190476190476,0.0095238095238095,True,False,False,False,0,0,0,0,0.125,0.1379310344827586,3650000
0.8568286950768425,0.0615615615615615,0.060774012277967,0.0,0.09375,0.0952380952380952,0.019047619047619,False,True,False,False,1,1,1,1,0.25,0.0344827586206896,11880000
0.8303265000040199,0.0045045045045045,0.156130323499413,0.0,0.15625,0.1428571428571428,0.0476190476190476,False,True,False,False,1,1,1,1,0.625,0.1379310344827586,21800000
0.8098732767329011,0.006006006006006,0.0624867694320959,0.05,0.0625,0.0476190476190476,0.0095238095238095,False,False,False,True,0,0,0,0,0.125,0.4827586206896552,8880000
0.8413345208290082,0.0105105105105105,0.0804610973192463,0.05,0.09375,0.0952380952380952,0.0095238095238095,False,False,False,True,0,0,0,0,0.125,0.4137931034482758,12700000
0.9416925529190792,0.0465465465465465,0.0199565075149625,0.0,0.03125,0.0476190476190476,0.0095238095238095,False,False,True,False,0,0,0,0,0.125,0.2068965517241379,3460000
0.8806335509342489,0.0465465465465465,0.0596385889960163,0.0,0.09375,0.0952380952380952,0.019047619047619,False,False,True,False,0,0,0,0,0.125,0.1724137931034483,11800000
0.90568517342723,0.033033033033033,0.2283932798337278,0.1,0.09375,0.0952380952380952,0.019047619047619,False,False,False,True,0,0,0,0,0.125,0.3793103448275862,17200000
0.8702828686845407,0.048048048048048,0.0753998037064834,0.0,0.125,0.0952380952380952,0.019047619047619,True,False,False,False,0,0,0,0,0.125,0.1379310344827586,6120000
0.995035180959178,0.0285285285285285,0.0216885091314974,0.0,0.03125,0.0476190476190476,0.0095238095238095,False,False,True,False,0,0,0,0,0.125,0.1724137931034483,2310000
0.98724322093409,0.039039039039039,0.0585993880260954,0.05,0.09375,0.0952380952380952,0.019047619047619,False,False,True,False,0,0,0,0,0.125,0.2758620689655172,11600000
0.8490131733197472,0.0,0.0809806978042068,0.0,0.09375,0.0952380952380952,0.019047619047619,False,True,False,False,1,1,1,1,0.125,0.0,10000000
0.8873741452162562,0.033033033033033,0.0515944037103323,0.0,0.0,0.0,0.0,False,False,True,False,0,0,0,0,0.125,0.2413793103448275,5550000
0.9075358856792376,0.027027027027027,0.0329465196389738,0.0,0.03125,0.0476190476190476,0.0095238095238095,False,False,False,True,0,0,0,0,0.125,0.4137931034482758,4650000
0.8779306000466534,0.0345345345345345,0.0198410407405269,0.0,0.03125,0.0476190476190476,0.0095238095238095,False,False,False,True,0,0,0,0,0.125,0.3793103448275862,1400000
0.881466826262681,0.0135135135135135,0.0264226468833593,0.0,0.0,0.0,0.0,False,False,True,False,0,0,0,0,0.125,0.3103448275862069,4800000
0.8910775641273858,0.045045045045045,0.0800954525335334,0.05,0.0,0.0,0.0,False,False,True,False,0,0,0,0,0.125,0.2758620689655172,7100000
0.8099840576604436,0.003003003003003,0.039951503954737,0.0,0.0625,0.0476190476190476,0.0095238095238095,False,False,False,True,0,0,0,0,0.125,0.4482758620689654,4180000
0.9083149310205556,0.0615615615615615,0.0402594153532321,0.0,0.09375,0.0952380952380952,0.0095238095238095,True,False,False,False,0,0,0,0,0.125,0.1379310344827586,4800000
0.9052566329922058,0.0675675675675675,0.036910878894598,0.0,0.0625,0.0952380952380952,0.019047619047619,True,False,False,False,0,0,0,0,0.125,0.1034482758620689,9500000
0.8902983685532035,0.018018018018018,0.0894097723380097,0.05,0.0625,0.0952380952380952,0.0095238095238095,False,False,False,True,0,0,0,0,0.125,0.4482758620689654,17400000
0.9059495673016328,0.0435435435435435,0.026499624732983,0.0,0.03125,0.0476190476190476,0.0095238095238095,False,False,False,True,0,0,0,0,0.125,0.3793103448275862,2500000
0.9330644729093364,0.036036036036036,0.0378153686276773,0.0,0.09375,0.0952380952380952,0.019047619047619,False,False,False,True,0,0,0,0,0.125,0.3793103448275862,7000000
0.823999268555383,0.0375375375375375,0.1301695437137963,0.0,0.125,0.1428571428571428,0.0285714285714285,False,True,False,False,1,1,1,1,0.375,0.0689655172413793,9500000
0.8088326833934047,0.0,0.0669899736350865,0.05,0.0625,0.0476190476190476,0.0095238095238095,False,False,True,False,0,0,0,0,0.125,0.3103448275862069,5200000
0.8729153307614581,0.054054054054054,0.0515366703231145,0.0,0.0625,0.0952380952380952,0.019047619047619,True,False,False,False,0,0,0,0,0.125,0.1379310344827586,5200000
0.906832749741028,0.0225225225225225,0.0836364336162269,0.05,0.09375,0.0952380952380952,0.019047619047619,False,False,True,False,0,0,0,0,0.125,0.2068965517241379,10880000
0.9713499751145208,0.0015015015015015,0.0887554606162076,0.05,0.09375,0.0952380952380952,0.019047619047619,False,False,False,True,0,0,0,0,0.125,0.7931034482758621,23800000
0.8708161017117675,0.039039039039039,0.118853799819102,0.0,0.125,0.0952380952380952,0.0285714285714285,False,True,False,False,1,1,1,1,0.375,0.0689655172413793,4880000
0.9433916556469626,0.0405405405405405,0.0795181186613551,0.0,0.09375,0.0952380952380952,0.019047619047619,False,False,True,False,0,0,0,0,0.125,0.3103448275862069,15020000
0.8882468872737093,0.0585585585585585,0.0593691665223332,0.0,0.125,0.0952380952380952,0.019047619047619,True,False,False,False,0,0,0,0,0.125,0.1379310344827586,6500000
0.8842684574188979,0.051051051051051,0.0042915151165252,0.0,0.09375,0.0952380952380952,0.019047619047619,False,True,False,False,1,1,1,1,0.25,0.0344827586206896,680000
0.8823323884377601,0.0,0.0867347920635837,0.05,0.0,0.0,0.0,False,False,True,False,0,0,0,0,0.125,0.1724137931034483,16050000
0.8505655510824681,0.009009009009009,0.129284298443123,0.1,0.09375,0.0952380952380952,0.019047619047619,False,False,False,True,0,0,0,0,0.125,0.3793103448275862,19200000
0.8793807070689184,0.0255255255255255,0.0987818255297038,0.05,0.09375,0.0952380952380952,0.019047619047619,False,False,False,True,0,0,0,0,0.125,0.4482758620689654,15650000
0.9008166647845428,0.042042042042042,0.0200142409021804,0.0,0.0,0.0,0.0,False,False,True,False,0,0,0,0,0.125,0.2758620689655172,3650000
0.8437255572068807,0.0,0.0893712834131978,0.0,0.09375,0.0952380952380952,0.019047619047619,False,True,False,False,1,1,1,1,0.25,0.0344827586206896,10000000
0.893033667526197,0.0,0.0142601466428035,0.0,0.0,0.0,0.0,False,False,True,False,0,0,0,0,0.125,0.2068965517241379,2200000
0.7907447111838337,0.0,0.0717818447741662,0.0,0.28125,0.1428571428571428,0.0380952380952381,False,True,False,False,1,1,1,1,0.25,0.0344827586206896,4500000
0.8710938023878043,0.0375375375375375,0.0384311914246675,0.05,0.03125,0.0476190476190476,0.019047619047619,False,False,False,True,0,0,0,0,0.125,0.4482758620689654,4700000
0.8779306000466534,0.0375375375375375,0.0173585050901603,0.0,0.03125,0.0476190476190476,0.0095238095238095,False,False,False,True,0,0,0,0,0.125,0.3793103448275862,2100000
0.914302519087272,0.0315315315315315,0.095683467082347,0.1,0.09375,0.0476190476190476,0.019047619047619,False,False,True,False,0,0,0,0,0.125,0.1379310344827586,12000000
0.883115832426256,0.048048048048048,0.0675095741200469,0.0,0.125,0.0952380952380952,0.019047619047619,True,False,False,False,0,0,0,0,0.125,0.1379310344827586,7960000
0.9698010057595924,0.039039039039039,0.0467832881088466,0.0,0.0625,0.0952380952380952,0.0095238095238095,False,False,False,True,0,0,0,0,0.125,0.4137931034482758,9000000
0.9216794024597164,0.0,0.0589457883494024,0.0,0.09375,0.0952380952380952,0.019047619047619,False,False,True,False,0,0,0,0,0.125,0.2758620689655172,9500000
0.8802162065837251,0.0225225225225225,0.0211689086465369,0.0,0.03125,0.0476190476190476,0.0095238095238095,False,False,False,True,0,0,0,0,0.125,0.3448275862068965,3500000
0.8524890670175864,0.0165165165165165,0.137347728191213,0.1,0.09375,0.0952380952380952,0.019047619047619,False,False,False,True,0,0,0,0,0.125,0.4827586206896552,20500000
0.9452417415308504,0.036036036036036,0.1438716009468275,0.1,0.125,0.0952380952380952,0.019047619047619,False,False,False,True,0,0,0,0,0.125,0.6896551724137931,24000000
0.9029258638199168,0.0435435435435435,0.0637953928757,0.0,0.0625,0.0952380952380952,0.019047619047619,False,False,True,False,0,0,0,0,0.125,0.2068965517241379,7060000
0.8712368941824025,0.0435435435435435,0.0307141619998845,0.0,0.0625,0.0476190476190476,0.0095238095238095,False,False,False,True,0,0,0,0,0.125,0.3793103448275862,6310000
0.9019639097998606,0.0375375375375375,0.0751496256952062,0.05,0.09375,0.0952380952380952,0.019047619047619,False,False,True,False,0,0,0,0,0.125,0.3103448275862069,5580000
0.9026615827018248,0.048048048048048,0.0470334661201239,0.0,0.09375,0.0952380952380952,0.0095238095238095,True,False,False,False,0,0,0,0,0.125,0.1379310344827586,5100000
0.8823794877922921,0.0,0.0392971922329349,0.0,0.09375,0.0952380952380952,0.019047619047619,False,True,False,False,1,1,1,1,0.25,0.0344827586206896,8190000
0.899458496525881,0.0,0.0442045301464503,0.0,0.03125,0.0476190476190476,0.0095238095238095,False,False,True,False,0,0,0,0,0.125,0.2068965517241379,11770000
0.8953815414960786,0.0,0.108115389796586,0.0,0.125,0.0952380952380952,0.019047619047619,False,True,False,False,1,1,1,1,0.375,0.0689655172413793,20700000
0.8855090394275749,0.0555555555555555,0.0864076362026826,0.0,0.0,0.0,0.0,True,False,False,False,0,0,0,0,0.125,0.1379310344827586,7900000
0.8432093358957218,0.0,0.0659507726651656,0.05,0.09375,0.0476190476190476,0.019047619047619,False,False,True,False,0,0,0,0,0.125,0.1379310344827586,8800000
0.8816411341013577,0.0,0.0482458672516983,0.0,0.09375,0.0476190476190476,0.019047619047619,False,True,False,False,1,1,1,1,0.25,0.0344827586206896,5000000
0.9335161180991634,0.0,0.1698516251948502,0.0,0.1875,0.1428571428571428,0.0285714285714285,False,True,False,False,1,1,1,1,0.375,0.0689655172413793,14000000
0.8710938023878043,0.0375375375375375,0.0188210842330119,0.0,0.03125,0.0476190476190476,0.0095238095238095,False,False,False,True,0,0,0,0,0.125,0.4482758620689654,2600000
0.8137819579295069,0.0015015015015015,0.0672401516463637,0.05,0.0625,0.0952380952380952,0.019047619047619,False,False,False,True,0,0,0,0,0.125,0.4827586206896552,5300000
0.8078445888955912,0.0165165165165165,0.0603506341050362,0.05,0.03125,0.0476190476190476,0.0095238095238095,False,False,False,True,0,0,0,0,0.125,0.4137931034482758,3980000
0.8801389963373083,0.0015015015015015,0.0940284433154359,0.05,0.0625,0.0952380952380952,0.0095238095238095,False,False,False,True,0,0,0,0,0.125,0.4482758620689654,19250000
0.9687636728102405,0.0075075075075075,0.0955487558455054,0.05,0.09375,0.0952380952380952,0.019047619047619,False,False,False,True,0,0,0,0,0.125,1.0,20000000
0.90736171879351,0.021021021021021,0.0411254161614995,0.05,0.03125,0.0476190476190476,0.0095238095238095,False,False,True,False,0,0,0,0,0.125,0.2068965517241379,4700000
0.8350484799468916,0.039039039039039,0.0774782056463252,0.05,0.09375,0.0952380952380952,0.019047619047619,False,False,True,False,0,0,0,0,0.125,0.2413793103448275,6700000
0.8827779501289115,0.036036036036036,0.0415487943344302,0.0,0.0625,0.0476190476190476,0.0095238095238095,False,False,False,True,0,0,0,0,0.125,0.6896551724137931,7250000
0.8952818472187118,0.0405405405405405,0.0371803013682812,0.0,0.09375,0.0952380952380952,0.019047619047619,False,False,False,True,0,0,0,0,0.125,0.3793103448275862,2300000
0.9148053439925832,0.012012012012012,0.0837326559282566,0.05,0.09375,0.0952380952380952,0.019047619047619,False,False,False,True,0,0,0,0,0.125,0.4482758620689654,22000000
0.9627985101312504,0.0,0.0363335450224198,0.0,0.0,0.0,0.0,False,False,True,False,0,0,0,0,0.125,0.2068965517241379,9200000
0.960665419795646,0.0105105105105105,0.0783826953794045,0.05,0.0625,0.0476190476190476,0.0095238095238095,False,False,True,False,0,0,0,0,0.125,0.3103448275862069,17500000
0.9872431469407276,0.039039039039039,0.0626792140561553,0.0,0.09375,0.0952380952380952,0.019047619047619,False,False,True,False,0,0,0,0,0.125,0.2068965517241379,9700000
0.8991891303533635,0.0,0.0524796489810057,0.0,0.09375,0.0952380952380952,0.0095238095238095,True,False,False,False,0,0,0,0,0.125,0.1379310344827586,4800000
0.8841410003319652,0.0255255255255255,0.0465138656351634,0.05,0.03125,0.0476190476190476,0.0095238095238095,False,False,True,False,0,0,0,0,0.125,0.1034482758620689,5000000
0.9715750563929078,0.033033033033033,0.069838154071166,0.05,0.0625,0.0952380952380952,0.019047619047619,False,False,False,True,0,0,0,0,0.125,0.4482758620689654,12680000
0.8185213498922792,0.0,0.070838866116275,0.05,0.09375,0.0952380952380952,0.019047619047619,False,False,True,False,0,0,0,0,0.125,0.1379310344827586,10000000
0.8794412229446493,0.0015015015015015,0.1286299867213209,0.1,0.09375,0.0952380952380952,0.019047619047619,False,False,False,True,0,0,0,0,0.125,0.4482758620689654,25500000
0.8521107159320707,0.0195195195195195,0.0685295306275619,0.05,0.03125,0.0476190476190476,0.0095238095238095,False,False,False,True,0,0,0,0,0.125,0.4827586206896552,8250000
0.9075358856792376,0.0285285285285285,0.0434924850374304,0.05,0.03125,0.0476190476190476,0.0095238095238095,False,False,False,True,0,0,0,0,0.125,0.4137931034482758,5600000
0.8594657294463843,0.045045045045045,0.0392971922329349,0.0,0.0625,0.0476190476190476,0.0095238095238095,False,False,False,True,0,0,0,0,0.125,0.3793103448275862,6000000
0.8499160160754684,0.036036036036036,0.0183207282104574,0.0,0.03125,0.0476190476190476,0.0095238095238095,True,False,False,False,0,0,0,0,0.125,0.1034482758620689,1050000
0.7645812924161248,0.0,0.0656428612666705,0.05,0.09375,0.0952380952380952,0.019047619047619,False,False,True,False,0,0,0,0,0.125,0.1379310344827586,6450000
0.8698882827864907,0.042042042042042,0.0719742893982256,0.0,0.09375,0.0952380952380952,0.019047619047619,False,False,True,False,0,0,0,0,0.125,0.1379310344827586,7880000
0.8864297639625249,0.021021021021021,0.0450512864923118,0.05,0.0625,0.0952380952380952,0.019047619047619,False,False,False,True,0,0,0,0,0.125,0.4482758620689654,3990000
0.8132494833908481,0.0105105105105105,0.064468949059908,0.05,0.0625,0.0952380952380952,0.0095238095238095,False,False,False,True,0,0,0,0,0.125,0.4827586206896552,9600000
0.947922499392206,0.0,0.041972172507361,0.0,0.09375,0.0476190476190476,0.019047619047619,True,False,False,False,0,0,0,0,0.125,0.1034482758620689,7380000
0.8942958663591014,0.045045045045045,0.0208802417104478,0.0,0.03125,0.0476190476190476,0.0095238095238095,False,False,True,False,0,0,0,0,0.125,0.2068965517241379,3700000
0.8596623491470439,0.0405405405405405,0.0437811519735196,0.0,0.0625,0.0476190476190476,0.0095238095238095,False,False,True,False,0,0,0,0,0.125,0.1724137931034483,7500000
0.8744615651387733,0.048048048048048,0.2661894039989992,0.0,0.0,0.0,0.0,False,False,True,False,0,0,0,0,0.125,0.2758620689655172,15000000
0.8267951265013096,0.0,0.0718780670861959,0.05,0.09375,0.0952380952380952,0.019047619047619,False,False,True,False,0,0,0,0,0.125,0.1724137931034483,7990000
0.9019639097998606,0.036036036036036,0.0833092777553259,0.05,0.09375,0.0952380952380952,0.019047619047619,True,False,False,False,0,0,0,0,0.125,0.1379310344827586,6550000
0.9017182055552836,0.042042042042042,0.0191482400939129,0.0,0.0,0.0,0.0,False,False,True,False,0,0,0,0,0.125,0.2068965517241379,900000
0.9750296432083588,0.0435435435435435,0.0641610376614129,0.05,0.09375,0.0952380952380952,0.019047619047619,False,False,True,False,0,0,0,0,0.125,0.2068965517241379,10830000
0.8267951265013096,0.0,0.073860246714008,0.05,0.09375,0.0952380952380952,0.019047619047619,False,False,True,False,0,0,0,0,0.125,0.1724137931034483,7850000
0.8824766696039035,0.0435435435435435,0.1012258722552585,0.05,0.09375,0.0952380952380952,0.019047619047619,False,False,True,False,0,0,0,0,0.125,0.2413793103448275,10000000
0.8752125417884713,0.045045045045045,0.0195138848796258,0.0,0.03125,0.0476190476190476,0.0095238095238095,False,False,True,False,0,0,0,0,0.125,0.1379310344827586,1302285
0.8945443210536439,0.048048048048048,0.0890056386274849,0.05,0.09375,0.0952380952380952,0.019047619047619,False,False,True,False,0,0,0,0,0.125,0.2068965517241379,12000000
0.8699318505002793,0.0375375375375375,0.0384889248118853,0.0,0.0625,0.0476190476190476,0.0095238095238095,False,False,False,True,0,0,0,0,0.125,0.3793103448275862,4500000
0.9013404816813876,0.039039039039039,0.0539614725862633,0.0,0.125,0.0952380952380952,0.0285714285714285,False,False,True,False,0,0,0,0,0.125,0.1379310344827586,5480000
0.8718043757924931,0.0405405405405405,0.0713007332140176,0.0,0.09375,0.0952380952380952,0.019047619047619,False,False,True,False,0,0,0,0,0.125,0.2068965517241379,4300000
0.9712372599018124,0.0585585585585585,0.0712045109019879,0.0,0.1875,0.0952380952380952,0.0285714285714285,False,True,False,False,1,1,1,1,0.25,0.0344827586206896,22100000
0.9791071127447708,0.0195195195195195,0.021149664184131,0.0,0.0,0.0,0.0,False,False,False,True,0,0,0,0,0.125,0.4137931034482758,5400000
0.8542813517565833,0.009009009009009,0.075880915266632,0.05,0.0625,0.0476190476190476,0.0095238095238095,False,False,False,True,0,0,0,0,0.125,0.3793103448275862,11500000
0.881466826262681,0.012012012012012,0.0216692646690914,0.0,0.0,0.0,0.0,False,False,True,False,0,0,0,0,0.125,0.3103448275862069,3700000
0.8521107159320707,0.021021021021021,0.0604853453418778,0.05,0.03125,0.0476190476190476,0.0095238095238095,False,False,False,True,0,0,0,0,0.125,0.4827586206896552,7950000
0.881466826262681,0.012012012012012,0.019802551815715,0.0,0.0,0.0,0.0,False,False,True,False,0,0,0,0,0.125,0.3103448275862069,4280000
0.8787032169109636,0.0,0.0593884109847391,0.0,0.09375,0.0952380952380952,0.0095238095238095,True,False,False,False,0,0,0,0,0.125,0.1379310344827586,3866334
0.8293689620286102,0.0375375375375375,0.1524161422550661,0.0,0.1875,0.0952380952380952,0.0476190476190476,False,True,False,False,1,1,1,1,0.5,0.1034482758620689,9300000
0.8383506038034056,0.0375375375375375,0.0959144006312183,0.05,0.09375,0.0952380952380952,0.019047619047619,False,False,False,True,0,0,0,0,0.125,0.5172413793103449,12300000
0.8562079228489949,0.0345345345345345,0.0574639647441448,0.0,0.09375,0.0952380952380952,0.019047619047619,False,False,False,True,0,0,0,0,0.125,0.4137931034482758,8000000
0.988240747027163,0.0135135135135135,0.1100783249619921,0.1,0.125,0.1904761904761904,0.0380952380952381,False,False,True,False,0,0,0,0,0.125,0.2758620689655172,16000000
0.8088326833934047,0.0,0.0710890441275522,0.05,0.0625,0.0476190476190476,0.0095238095238095,False,False,True,False,0,0,0,0,0.125,0.3103448275862069,5000000
0.891031815226853,0.045045045045045,0.0190135288570713,0.0,0.03125,0.0476190476190476,0.0095238095238095,False,False,True,False,0,0,0,0,0.125,0.2068965517241379,2100000
0.8594590822943644,0.0,0.1780690106421877,0.0,0.15625,0.0952380952380952,0.0571428571428571,False,True,False,False,1,1,1,1,0.5,0.1034482758620689,23820000
0.9048157542840158,0.0405405405405405,0.0357754556126474,0.0,0.0625,0.0476190476190476,0.0095238095238095,False,False,False,True,0,0,0,0,0.125,0.4482758620689654,3430000
0.8627529283502327,0.0585585585585585,0.0626022362065315,0.0,0.0,0.0,0.0,True,False,False,False,0,0,0,0,0.125,0.1379310344827586,6300000
0.879387450647215,0.039039039039039,0.2195600715894001,0.0,0.125,0.1428571428571428,0.0380952380952381,False,True,False,False,1,1,1,1,0.625,0.1379310344827586,19500000
0.8521107159320707,0.021021021021021,0.0326386082404788,0.0,0.03125,0.0476190476190476,0.0095238095238095,False,False,False,True,0,0,0,0,0.125,0.4827586206896552,5500000
0.831041089588723,0.0315315315315315,0.1313049669957469,0.0,0.09375,0.0476190476190476,0.019047619047619,False,True,False,False,1,1,1,1,0.5,0.1034482758620689,1675389
0.8659438965296431,0.039039039039039,0.0947597328868618,0.0,0.125,0.0952380952380952,0.019047619047619,False,True,False,False,1,1,1,1,0.375,0.0689655172413793,8800000
0.8841410003319652,0.0255255255255255,0.0293670496314685,0.0,0.03125,0.0476190476190476,0.0095238095238095,False,False,True,False,0,0,0,0,0.125,0.1034482758620689,4200000
0.8898505874815328,0.042042042042042,0.0485730231125993,0.0,0.0625,0.0476190476190476,0.0095238095238095,False,False,True,False,0,0,0,0,0.125,0.3103448275862069,6500000
0.8909372381886556,0.0,0.0255758905374978,0.0,0.03125,0.0476190476190476,0.0095238095238095,False,False,True,False,0,0,0,0,0.125,0.2068965517241379,3500000
0.8678217513194113,0.045045045045045,0.0612358793757096,0.0,0.09375,0.0952380952380952,0.019047619047619,True,False,False,False,0,0,0,0,0.125,0.1379310344827586,4530000
0.8799467422024634,0.0,0.0841367896387814,0.05,0.09375,0.0952380952380952,0.019047619047619,False,False,True,False,0,0,0,0,0.125,0.2068965517241379,10980000
0.841963075111579,0.003003003003003,0.0570983199584319,0.05,0.09375,0.0952380952380952,0.0095238095238095,False,False,True,False,0,0,0,0,0.125,0.2758620689655172,7800000
0.8132494833908481,0.009009009009009,0.064468949059908,0.05,0.0625,0.0952380952380952,0.0095238095238095,False,False,False,True,0,0,0,0,0.125,0.4827586206896552,6800000
0.8941661151539506,0.0045045045045045,0.091334218578604,0.0,0.15625,0.0952380952380952,0.0476190476190476,False,True,False,False,1,1,1,1,0.5,0.1034482758620689,14500000
0.8185420188599153,0.0105105105105105,0.0733214017666416,0.05,0.125,0.0952380952380952,0.019047619047619,False,False,True,False,0,0,0,0,0.125,0.1379310344827586,7600000
0.7702291620268227,0.0405405405405405,0.0643149933606604,0.0,0.09375,0.0952380952380952,0.019047619047619,True,False,False,False,0,0,0,0,0.125,0.1379310344827586,2480000
0.9075358856792376,0.03003003003003,0.0828089217327713,0.0,0.125,0.0952380952380952,0.019047619047619,False,False,False,True,0,0,0,0,0.125,0.4137931034482758,13680000
0.8499160160754684,0.0345345345345345,0.0185131728345168,0.0,0.03125,0.0476190476190476,0.0095238095238095,False,False,True,False,0,0,0,0,0.125,0.3103448275862069,880000
0.8064223604054348,0.0,0.075207359082424,0.05,0.0625,0.0952380952380952,0.0095238095238095,False,False,False,True,0,0,0,0,0.125,0.4827586206896552,7850000
0.9074978324436244,0.03003003003003,0.1139079729807747,0.0,0.0,0.0,0.0,False,True,False,False,1,1,1,1,0.5,0.1034482758620689,17350000
0.866784746479226,0.0105105105105105,0.0534418721013028,0.05,0.0625,0.0952380952380952,0.019047619047619,False,False,True,False,0,0,0,0,0.125,0.2758620689655172,8450000
0.9741042431859056,0.009009009009009,0.0538844947366395,0.05,0.0625,0.0952380952380952,0.019047619047619,False,False,True,False,0,0,0,0,0.125,0.1379310344827586,13000000
0.8710938023878043,0.039039039039039,0.0202644189134576,0.0,0.03125,0.0476190476190476,0.0095238095238095,False,False,False,True,0,0,0,0,0.125,0.4482758620689654,3350000
0.8267951265013096,0.0,0.0721474895598791,0.05,0.09375,0.0952380952380952,0.019047619047619,False,False,True,False,0,0,0,0,0.125,0.1724137931034483,7890000
0.869641858971022,0.0615615615615615,0.0677789965937301,0.0,0.0,0.0,0.0,False,False,True,False,0,0,0,0,0.125,0.2068965517241379,7500000
0.8992057600431735,0.039039039039039,0.0219771760675865,0.0,0.09375,0.0952380952380952,0.019047619047619,False,False,True,False,0,0,0,0,0.125,0.2068965517241379,5800000
0.8605471628460464,0.0195195195195195,0.0249600677405076,0.0,0.0625,0.0476190476190476,0.0095238095238095,False,False,True,False,0,0,0,0,0.125,0.3103448275862069,5900000
0.7677079637488475,0.0,0.0724361564959682,0.05,0.09375,0.0952380952380952,0.019047619047619,False,False,True,False,0,0,0,0,0.125,0.1379310344827586,7900000
0.7677598869992437,0.0225225225225225,0.1932721359428824,0.05,0.125,0.0952380952380952,0.0285714285714285,False,True,False,False,1,1,1,1,0.5,0.1034482758620689,18180000
0.8491868050448375,0.0645645645645645,0.0628716586802147,0.0,0.125,0.0952380952380952,0.0285714285714285,False,True,False,False,1,1,1,1,0.25,0.0344827586206896,11900000
0.8827304214912886,0.0,0.0589650328118084,0.05,0.0625,0.0952380952380952,0.019047619047619,False,False,False,True,0,0,0,0,0.125,0.3448275862068965,11240000
0.9728774063445372,0.009009009009009,0.0571945422704616,0.05,0.09375,0.0952380952380952,0.019047619047619,False,False,True,False,0,0,0,0,0.125,0.2068965517241379,13400000
0.8677070055865101,0.0405405405405405,0.0499393799434212,0.0,0.0625,0.0952380952380952,0.0095238095238095,False,False,True,False,0,0,0,0,0.125,0.1379310344827586,5830000
0.81049387085082,0.0225225225225225,0.0153378365375363,0.0,0.03125,0.0476190476190476,0.0095238095238095,False,False,True,False,0,0,0,0,0.125,0.1724137931034483,1450000
0.8327823638663006,0.0195195195195195,0.112811038623636,0.0,0.125,0.0952380952380952,0.0285714285714285,False,True,False,False,1,1,1,1,0.5,0.1034482758620689,14960000
0.8877367249574206,0.0,0.0424917729923214,0.0,0.09375,0.0476190476190476,0.019047619047619,False,True,False,False,1,1,1,1,0.125,0.0,6990000
0.892521033470075,0.0435435435435435,0.0749764255335527,0.05,0.09375,0.0952380952380952,0.019047619047619,False,False,True,False,0,0,0,0,0.125,0.2758620689655172,9700000
0.8819601213401143,0.0405405405405405,0.0848103458229894,0.05,0.09375,0.0952380952380952,0.019047619047619,False,False,True,False,0,0,0,0,0.125,0.2068965517241379,10470000
0.9422212994368522,0.03003003003003,0.0262109577968939,0.0,0.0,0.0,0.0,False,False,True,False,0,0,0,0,0.125,0.2068965517241379,4380000
0.882624527915226,0.0,0.0634682370147989,0.0,0.09375,0.0952380952380952,0.019047619047619,True,False,False,False,0,0,0,0,0.125,0.1379310344827586,5680000
0.8098732767329011,0.006006006006006,0.0624867694320959,0.05,0.0625,0.0952380952380952,0.0095238095238095,False,False,False,True,0,0,0,0,0.125,0.4827586206896552,8380000
0.9330644729093364,0.036036036036036,0.1059215210823085,0.0,0.125,0.0952380952380952,0.019047619047619,False,False,False,True,0,0,0,0,0.125,0.3793103448275862,18680000
0.8829582132309213,0.0375375375375375,0.1091353463041009,0.0,0.1875,0.1904761904761904,0.0380952380952381,False,False,False,True,0,0,0,0,0.125,0.3793103448275862,12000000
0.8693483662761992,0.039039039039039,0.0787290957027115,0.0,0.125,0.0952380952380952,0.019047619047619,False,False,True,False,0,0,0,0,0.125,0.2068965517241379,8000000
0.8091537744510617,0.0255255255255255,0.0759386486538498,0.05,0.09375,0.0952380952380952,0.019047619047619,False,False,True,False,0,0,0,0,0.125,0.1379310344827586,6550000
0.9618360092282215,0.039039039039039,0.0805958085560879,0.05,0.09375,0.0952380952380952,0.019047619047619,False,False,True,False,0,0,0,0,0.125,0.2413793103448275,11500000
0.9236626146163188,0.042042042042042,0.019456151492408,0.0,0.03125,0.0476190476190476,0.0095238095238095,False,False,True,False,0,0,0,0,0.125,0.2068965517241379,3350000
0.8659033758960675,0.0,0.1282258530107961,0.1,0.09375,0.1428571428571428,0.019047619047619,False,True,False,False,1,1,1,1,0.5,0.1034482758620689,24900000
0.9789940046936748,0.006006006006006,0.0775744279583549,0.05,0.0625,0.0952380952380952,0.0095238095238095,False,False,False,True,0,0,0,0,0.125,0.6896551724137931,24000000
0.9791071127447708,0.021021021021021,0.0205915747743586,0.0,0.03125,0.0476190476190476,0.0095238095238095,False,False,False,True,0,0,0,0,0.125,0.4137931034482758,6400000
0.894360031025144,0.0135135135135135,0.1067105440409522,0.05,0.0625,0.0952380952380952,0.019047619047619,False,False,False,True,0,0,0,0,0.125,0.6551724137931035,23000000
0.8986508641299906,0.0315315315315315,0.0593114331351153,0.05,0.09375,0.0952380952380952,0.019047619047619,False,False,True,False,0,0,0,0,0.125,0.2068965517241379,7090000
0.8841410003319652,0.0255255255255255,0.0465138656351634,0.05,0.03125,0.0476190476190476,0.0095238095238095,False,False,True,False,0,0,0,0,0.125,0.1034482758620689,4500000
0.8917694790143855,0.024024024024024,0.0198217962781209,0.0,0.03125,0.0476190476190476,0.0095238095238095,False,False,True,False,0,0,0,0,0.125,0.2758620689655172,3880000
0.8549800996800059,0.036036036036036,0.0461482208494505,0.0,0.0625,0.0952380952380952,0.019047619047619,True,False,False,False,0,0,0,0,0.125,0.1034482758620689,5500000
0.8695223932729164,0.039039039039039,0.081904431999692,0.05,0.09375,0.0952380952380952,0.019047619047619,False,False,True,False,0,0,0,0,0.125,0.1379310344827586,7500000
0.8886557206812142,0.0195195195195195,0.0714546889132652,0.05,0.09375,0.0952380952380952,0.019047619047619,False,False,False,True,0,0,0,0,0.125,0.3793103448275862,13850000
0.8839297370578265,0.033033033033033,0.0887169716913958,0.05,0.09375,0.0952380952380952,0.019047619047619,False,False,False,True,0,0,0,0,0.125,0.6551724137931035,14080000
0.8603199461933002,0.021021021021021,0.117833843311587,0.1,0.125,0.0952380952380952,0.019047619047619,False,False,False,True,0,0,0,0,0.125,0.4137931034482758,18000000
0.9198720760076924,0.0435435435435435,0.1090583684544772,0.0,0.125,0.0952380952380952,0.0285714285714285,False,True,False,False,1,1,1,1,0.375,0.0689655172413793,15800000
0.8194444333124977,0.009009009009009,0.0354675442141523,0.0,0.09375,0.0952380952380952,0.0095238095238095,False,False,True,False,0,0,0,0,0.125,0.1379310344827586,5800000
0.8419369075853069,0.0465465465465465,0.0963185343417431,0.0,0.125,0.0952380952380952,0.019047619047619,False,True,False,False,1,1,1,1,0.25,0.0344827586206896,10700000
0.9125991784463564,0.036036036036036,0.0351211438908454,0.0,0.03125,0.0476190476190476,0.0095238095238095,False,False,True,False,0,0,0,0,0.125,0.2758620689655172,5320000
0.9872431469407276,0.039039039039039,0.0628139252929969,0.0,0.09375,0.0952380952380952,0.019047619047619,False,False,True,False,0,0,0,0,0.125,0.2068965517241379,10000000
0.9687636728102405,0.0075075075075075,0.090660662394396,0.05,0.09375,0.0952380952380952,0.019047619047619,False,False,False,True,0,0,0,0,0.125,1.0,18200000
0.881712314487487,0.0,0.0116428997555953,0.0,0.09375,0.0952380952380952,0.019047619047619,False,True,False,False,1,1,1,1,0.125,0.0,4580000
0.9032314910556352,0.066066066066066,0.0348132324923503,0.0,0.09375,0.0476190476190476,0.019047619047619,True,False,False,False,0,0,0,0,0.125,0.1034482758620689,3330000
0.991621047525598,0.0435435435435435,0.0575216981313627,0.0,0.09375,0.0952380952380952,0.019047619047619,False,False,False,True,0,0,0,0,0.125,0.3793103448275862,9580000
0.7670477154055391,0.0,0.0676827742817004,0.05,0.09375,0.0952380952380952,0.019047619047619,False,False,True,False,0,0,0,0,0.125,0.1379310344827586,8000000
0.8295104796864905,0.0,0.1156014856724977,0.0,0.125,0.0952380952380952,0.0285714285714285,False,True,False,False,1,1,1,1,0.375,0.0689655172413793,18598000
0.8827304214912886,0.0,0.0552508515674614,0.05,0.0625,0.0952380952380952,0.019047619047619,False,False,False,True,0,0,0,0,0.125,0.3448275862068965,9930000
0.9048157542840158,0.0405405405405405,0.0357754556126474,0.0,0.03125,0.0476190476190476,0.0095238095238095,False,False,False,True,0,0,0,0,0.125,0.4482758620689654,3200000
0.979351921362536,0.039039039039039,0.0626407251313434,0.0,0.0625,0.0952380952380952,0.019047619047619,False,False,False,True,0,0,0,0,0.125,0.4137931034482758,12600000
0.9773906041536692,0.0135135135135135,0.1199892231010526,0.1,0.09375,0.0952380952380952,0.019047619047619,False,False,False,True,0,0,0,0,0.125,0.4482758620689654,22500000
0.8752763281196678,0.0465465465465465,0.0279814483382406,0.0,0.03125,0.0476190476190476,0.0095238095238095,False,False,False,True,0,0,0,0,0.125,0.3793103448275862,3200000
0.938123813654812,0.0735735735735735,0.1127917941612301,0.0,0.21875,0.1904761904761904,0.0761904761904762,False,True,False,False,1,1,1,1,0.25,0.0344827586206896,10315282
0.9632120796667608,0.045045045045045,0.1229143813867559,0.0,0.15625,0.0952380952380952,0.0380952380952381,False,True,False,False,1,1,1,1,0.375,0.0689655172413793,20500000
0.8754513573404097,0.0705705705705705,0.0586763658757192,0.0,0.125,0.0952380952380952,0.019047619047619,False,True,False,False,1,1,1,1,0.25,0.0344827586206896,11000000
0.8734382315827247,0.039039039039039,0.0348132324923503,0.0,0.0625,0.0476190476190476,0.0095238095238095,False,False,True,False,0,0,0,0,0.125,0.2068965517241379,3300000
0.8800941096038173,0.0045045045045045,0.1171987760521909,0.1,0.09375,0.0952380952380952,0.019047619047619,False,False,True,False,0,0,0,0,0.125,0.2068965517241379,11700000
0.8750698582392431,0.06006006006006,0.0538460058118276,0.0,0.0625,0.0952380952380952,0.019047619047619,True,False,False,False,0,0,0,0,0.125,0.1379310344827586,4500000
0.7645812924161248,0.0,0.0673171294959875,0.05,0.09375,0.0952380952380952,0.019047619047619,False,False,True,False,0,0,0,0,0.125,0.1379310344827586,6700000
0.8990175608398374,0.0435435435435435,0.07788233935685,0.05,0.0625,0.0952380952380952,0.0095238095238095,False,False,True,False,0,0,0,0,0.125,0.2413793103448275,6780000
0.8652910684402855,0.033033033033033,0.0869272366876431,0.05,0.125,0.0952380952380952,0.019047619047619,False,False,True,False,0,0,0,0,0.125,0.1379310344827586,11500000
0.8044780849541269,0.0135135135135135,0.1243577160672016,0.0,0.125,0.0952380952380952,0.0380952380952381,False,True,False,False,1,1,1,1,0.625,0.1379310344827586,14800000
0.8717205563034156,0.0195195195195195,0.0202836633758635,0.0,0.03125,0.0476190476190476,0.0095238095238095,False,False,True,False,0,0,0,0,0.125,0.3103448275862069,4000000
0.951754911856483,0.0165165165165165,0.1113677039431903,0.05,0.09375,0.0952380952380952,0.019047619047619,False,False,False,True,0,0,0,0,0.125,0.4482758620689654,22650000
0.8161253553361405,0.0105105105105105,0.063776148413294,0.05,0.09375,0.0952380952380952,0.019047619047619,False,False,True,False,0,0,0,0,0.125,0.1379310344827586,5220000
0.8834614556795657,0.042042042042042,0.0556357408155803,0.05,0.09375,0.0952380952380952,0.019047619047619,False,False,True,False,0,0,0,0,0.125,0.1724137931034483,7396000
0.9618360092282215,0.039039039039039,0.0349479437291919,0.0,0.0625,0.0476190476190476,0.0095238095238095,False,False,True,False,0,0,0,0,0.125,0.2413793103448275,6000000
0.8861799230338931,0.0495495495495495,0.1015337836537536,0.0,0.15625,0.0952380952380952,0.019047619047619,False,True,False,False,1,1,1,1,0.625,0.1379310344827586,15100000
0.8551099529481974,0.018018018018018,0.1071531666762889,0.05,0.09375,0.0952380952380952,0.019047619047619,False,False,False,True,0,0,0,0,0.125,0.4137931034482758,15660000
0.8162544956049373,0.0015015015015015,0.0463983988607278,0.05,0.0625,0.0952380952380952,0.0095238095238095,False,False,True,False,0,0,0,0,0.125,0.1379310344827586,7100000
0.8521107159320707,0.021021021021021,0.0408367492254103,0.0,0.0625,0.0476190476190476,0.0095238095238095,False,False,False,True,0,0,0,0,0.125,0.4827586206896552,7300000
0.8739376261601137,0.0405405405405405,0.2775436368185054,0.0,0.25,0.0952380952380952,0.0761904761904762,False,True,False,False,1,1,1,1,0.625,0.1379310344827586,23000000
0.9148053439925832,0.0105105105105105,0.0837134114658506,0.05,0.09375,0.0952380952380952,0.019047619047619,False,False,False,True,0,0,0,0,0.125,0.4482758620689654,18550000
0.9060063320001176,0.0,0.0423185728306679,0.0,0.0625,0.0476190476190476,0.0095238095238095,False,False,True,False,0,0,0,0,0.125,0.1379310344827586,5200000
0.890433255942952,0.057057057057057,0.1400419529280449,0.0,0.0,0.0,0.0,False,False,True,False,0,0,0,0,0.125,0.2413793103448275,21300000
0.8502035074809271,0.042042042042042,0.0873891037853857,0.05,0.09375,0.0952380952380952,0.019047619047619,False,False,True,False,0,0,0,0,0.125,0.2068965517241379,8100000
0.8296271102825585,0.0405405405405405,0.0613321016877393,0.05,0.09375,0.0952380952380952,0.019047619047619,False,False,True,False,0,0,0,0,0.125,0.2068965517241379,7550000
0.8947244335826383,0.0,0.0850605238342667,0.0,0.09375,0.0952380952380952,0.019047619047619,True,False,False,False,0,0,0,0,0.125,0.1379310344827586,6800000
0.9731801028842142,0.051051051051051,0.0679906856801955,0.0,0.125,0.0952380952380952,0.019047619047619,True,False,False,False,0,0,0,0,0.125,0.1379310344827586,10100000
0.8924451654289669,0.033033033033033,0.0541924061351346,0.0,0.09375,0.0952380952380952,0.019047619047619,False,False,True,False,0,0,0,0,0.125,0.2413793103448275,5500000
0.8932981132857094,0.021021021021021,0.0384889248118853,0.0,0.03125,0.0476190476190476,0.0095238095238095,False,False,True,False,0,0,0,0,0.125,0.1379310344827586,6920000
0.8753281819410006,0.036036036036036,0.0875623039470392,0.0,0.09375,0.0952380952380952,0.019047619047619,False,False,True,False,0,0,0,0,0.125,0.1379310344827586,8000000
0.8793676041130425,0.003003003003003,0.1495294728941747,0.1,0.09375,0.0476190476190476,0.019047619047619,False,False,False,True,0,0,0,0,0.125,0.896551724137931,25000000
0.8605471628460464,0.0195195195195195,0.0249600677405076,0.0,0.09375,0.0952380952380952,0.019047619047619,False,False,True,False,0,0,0,0,0.125,0.3103448275862069,5600000
0.9698010057595924,0.039039039039039,0.022804687951042,0.0,0.0,0.0,0.0,False,False,False,True,0,0,0,0,0.125,0.4137931034482758,4000000
0.9698010057595924,0.0405405405405405,0.0707426438042453,0.05,0.125,0.0952380952380952,0.019047619047619,False,False,False,True,0,0,0,0,0.125,0.4137931034482758,15100000
0.8999986930572277,0.0045045045045045,0.0880434155071878,0.05,0.09375,0.0952380952380952,0.019047619047619,False,False,False,True,0,0,0,0,0.125,0.4482758620689654,15700000
0.9832404116156964,0.0375375375375375,0.0648730827704328,0.05,0.09375,0.0952380952380952,0.019047619047619,False,False,False,True,0,0,0,0,0.125,0.5862068965517242,10680000
0.9802199255853736,0.021021021021021,0.0334468756615283,0.0,0.03125,0.0476190476190476,0.0095238095238095,False,False,False,True,0,0,0,0,0.125,0.3793103448275862,7500000
0.9020622472346248,0.0225225225225225,0.0404903489021034,0.05,0.0,0.0,0.0,False,False,True,False,0,0,0,0,0.125,0.1724137931034483,2440000
0.8499160160754684,0.0345345345345345,0.0189750399322594,0.0,0.03125,0.0476190476190476,0.0095238095238095,True,False,False,False,0,0,0,0,0.125,0.1034482758620689,780000
0.8864297639625249,0.0225225225225225,0.1303812328002617,0.05,0.125,0.0952380952380952,0.019047619047619,False,False,False,True,0,0,0,0,0.125,0.4482758620689654,15200000
0.8964681737344904,0.039039039039039,0.0835594557666031,0.0,0.0625,0.0952380952380952,0.019047619047619,True,False,False,False,0,0,0,0,0.25,0.1379310344827586,13700000
0.8734382315827247,0.0405405405405405,0.0865038585147123,0.05,0.125,0.0952380952380952,0.019047619047619,False,False,True,False,0,0,0,0,0.125,0.2068965517241379,12000000
0.8768423691292071,0.0465465465465465,0.0918345746011585,0.0,0.125,0.0952380952380952,0.019047619047619,False,False,False,True,0,0,0,0,0.125,0.3793103448275862,8750000
0.8710938023878043,0.0375375375375375,0.0210919307969131,0.0,0.03125,0.0476190476190476,0.0095238095238095,False,False,False,True,0,0,0,0,0.125,0.4482758620689654,1800000
0.8620454815887229,0.0405405405405405,0.0732829128418297,0.0,0.09375,0.0952380952380952,0.019047619047619,False,True,False,False,1,1,1,1,0.375,0.0689655172413793,6000000
0.8716869374699456,0.0225225225225225,0.0232473105863787,0.0,0.03125,0.0476190476190476,0.0095238095238095,False,False,True,False,0,0,0,0,0.125,0.3103448275862069,5750000
0.808888975220043,0.0045045045045045,0.049342801608837,0.0,0.0625,0.0952380952380952,0.0095238095238095,False,False,True,False,0,0,0,0,0.125,0.3103448275862069,5400000
0.9618360092282215,0.039039039039039,0.0805958085560879,0.05,0.09375,0.0952380952380952,0.019047619047619,False,False,True,False,0,0,0,0,0.125,0.2413793103448275,11000000
0.8836450462655989,0.0,0.1306314108115389,0.1,0.125,0.0952380952380952,0.019047619047619,False,False,False,True,0,0,0,0,0.125,0.3793103448275862,21600000
0.9330644729093364,0.0345345345345345,0.0834055000673556,0.0,0.09375,0.0952380952380952,0.019047619047619,False,False,False,True,0,0,0,0,0.125,0.3793103448275862,15500000
0.7957451576275503,0.0435435435435435,0.0774974501087312,0.0,0.125,0.0952380952380952,0.019047619047619,True,False,False,False,0,0,0,0,0.125,0.1379310344827586,4650000
0.8126625508812708,0.0,0.1072493889883186,0.0,0.15625,0.0952380952380952,0.0380952380952381,False,True,False,False,1,1,1,1,0.375,0.0689655172413793,3980000
0.8736354877794383,0.0405405405405405,0.0511325366125897,0.0,0.09375,0.0952380952380952,0.019047619047619,False,False,True,False,0,0,0,0,0.125,0.1379310344827586,7300000
0.8951984317332915,0.0465465465465465,0.1793776340857918,0.0,0.125,0.1428571428571428,0.0380952380952381,False,True,False,False,1,1,1,1,0.375,0.0689655172413793,20000000
0.9019639097998606,0.0375375375375375,0.0832900332929199,0.05,0.09375,0.0952380952380952,0.019047619047619,True,False,False,False,0,0,0,0,0.125,0.1379310344827586,5730000
0.8274647010346996,0.045045045045045,0.0522102265073225,0.05,0.09375,0.0952380952380952,0.019047619047619,True,False,False,False,0,0,0,0,0.125,0.1379310344827586,4320000
0.9216794024597164,0.0,0.08461790119893,0.0,0.0,0.0,0.0,False,False,True,False,0,0,0,0,0.25,0.2758620689655172,11660000
0.9243424281085026,0.0405405405405405,0.0883320824432769,0.0,0.09375,0.0952380952380952,0.019047619047619,False,False,False,True,0,0,0,0,0.125,0.7586206896551725,9000000
0.9617224200988232,0.0165165165165165,0.0682601081538787,0.05,0.0625,0.0952380952380952,0.0095238095238095,False,False,False,True,0,0,0,0,0.125,0.4827586206896552,17700000
0.8848589625159207,0.039039039039039,0.0186286396089525,0.0,0.03125,0.0476190476190476,0.0095238095238095,False,False,False,True,0,0,0,0,0.125,0.3793103448275862,4100000
0.8853826704822154,0.0435435435435435,0.0672016627215518,0.05,0.09375,0.0952380952380952,0.019047619047619,False,False,True,False,0,0,0,0,0.125,0.1724137931034483,10200000
0.8710481115851678,0.0195195195195195,0.0270962030675673,0.05,0.03125,0.0476190476190476,0.0095238095238095,False,False,True,False,0,0,0,0,0.125,0.3103448275862069,5000000
0.899458496525881,0.0,0.0442045301464503,0.0,0.03125,0.0476190476190476,0.0095238095238095,False,False,True,False,0,0,0,0,0.125,0.2068965517241379,11300000
0.9075358856792376,0.0285285285285285,0.1135230837326559,0.0,0.09375,0.0952380952380952,0.019047619047619,False,False,False,True,0,0,0,0,0.125,0.4137931034482758,16660000
0.8710938023878043,0.036036036036036,0.0309450955487558,0.0,0.0625,0.0476190476190476,0.0095238095238095,False,False,False,True,0,0,0,0,0.125,0.4482758620689654,3990000
0.8914311619002433,0.006006006006006,0.0493235571464311,0.0,0.09375,0.0952380952380952,0.019047619047619,False,False,True,False,0,0,0,0,0.125,0.3103448275862069,16800000
0.8893228626177745,0.0,0.0529607605411542,0.0,0.0625,0.0476190476190476,0.019047619047619,False,False,True,False,0,0,0,0,0.125,0.2413793103448275,7000000
0.881466826262681,0.0135135135135135,0.0216692646690914,0.0,0.0,0.0,0.0,False,False,True,False,0,0,0,0,0.125,0.3103448275862069,3820000
0.8675668137127559,0.042042042042042,0.137674884052114,0.0,0.15625,0.0952380952380952,0.0285714285714285,False,True,False,False,1,1,1,1,0.5,0.1034482758620689,13880000
0.869282446318266,0.009009009009009,0.1185651328830129,0.05,0.125,0.0952380952380952,0.019047619047619,False,False,False,True,0,0,0,0,0.125,0.4827586206896552,24550000
0.9675174813824584,0.009009009009009,0.1003598714469911,0.05,0.09375,0.0952380952380952,0.019047619047619,False,False,False,True,0,0,0,0,0.125,0.7241379310344828,24500000
0.8064223604054348,0.0,0.0796335854357908,0.05,0.0625,0.0952380952380952,0.0095238095238095,False,False,False,True,0,0,0,0,0.125,0.4827586206896552,9100000
0.8801513302337582,0.0015015015015015,0.083925100552316,0.05,0.09375,0.0952380952380952,0.019047619047619,False,False,False,True,0,0,0,0,0.125,0.4827586206896552,15980000
0.8752125417884713,0.045045045045045,0.0195138848796258,0.0,0.03125,0.0476190476190476,0.0095238095238095,False,False,True,False,0,0,0,0,0.125,0.1379310344827586,1302285
0.8605698229620486,0.0375375375375375,0.0147220137405461,0.0,0.03125,0.0476190476190476,0.0095238095238095,False,False,True,False,0,0,0,0,0.125,0.2068965517241379,1600000
0.9775411096555332,0.063063063063063,0.0576371649057983,0.0,0.15625,0.0952380952380952,0.0285714285714285,False,True,False,False,1,1,1,1,0.25,0.0344827586206896,16200000
0.8102670182693998,0.0,0.0795950965109789,0.05,0.09375,0.0952380952380952,0.0095238095238095,False,False,False,True,0,0,0,0,0.125,0.4482758620689654,10350000
0.9694984069526812,0.0405405405405405,0.0620249023343532,0.0,0.09375,0.0952380952380952,0.019047619047619,False,False,False,True,0,0,0,0,0.125,0.4137931034482758,11400000
0.8284566749983071,0.015015015015015,0.0978388468718126,0.05,0.125,0.0952380952380952,0.019047619047619,False,False,False,True,0,0,0,0,0.125,0.3448275862068965,15800000
0.9210942289708726,0.0405405405405405,0.0772472720974539,0.05,0.09375,0.0952380952380952,0.019047619047619,False,False,True,False,0,0,0,0,0.125,0.2068965517241379,12650000
0.8470864003480472,0.0,0.1377326174393318,0.0,0.125,0.0952380952380952,0.0285714285714285,False,True,False,False,1,1,1,1,0.5,0.1034482758620689,22300000
0.8523710616489382,0.0315315315315315,0.033889498296865,0.0,0.0,0.0,0.0,True,False,False,False,0,0,0,0,0.125,0.1379310344827586,1800000
0.8130246114052397,0.0645645645645645,0.0689336643380867,0.0,0.09375,0.0952380952380952,0.019047619047619,False,True,False,False,1,1,1,1,0.25,0.0344827586206896,6500000
0.871759922400031,0.036036036036036,0.0836556780786328,0.05,0.09375,0.0952380952380952,0.019047619047619,False,False,False,True,0,0,0,0,0.125,0.7931034482758621,10200000
0.871759922400031,0.036036036036036,0.0368916344321921,0.0,0.0625,0.0476190476190476,0.0095238095238095,False,False,False,True,0,0,0,0,0.125,0.7931034482758621,4100000
0.947828106318866,0.0,0.0277312703269634,0.0,0.0,0.0,0.0,True,False,False,False,0,0,0,0,0.125,0.1034482758620689,4920000
0.7909269689338032,0.039039039039039,0.0593884109847391,0.0,0.09375,0.0952380952380952,0.019047619047619,False,False,False,True,0,0,0,0,0.125,0.3448275862068965,3000000
0.8145594689378299,0.003003003003003,0.0526528491426592,0.05,0.0625,0.0952380952380952,0.0095238095238095,False,False,True,False,0,0,0,0,0.125,0.1379310344827586,7500000
0.9118442558111042,0.0465465465465465,0.0654119277177992,0.0,0.09375,0.0952380952380952,0.019047619047619,False,False,True,False,0,0,0,0,0.125,0.1379310344827586,11900000
0.8064223604054348,0.0,0.0754575370937012,0.05,0.0625,0.0952380952380952,0.0095238095238095,False,False,False,True,0,0,0,0,0.125,0.4827586206896552,8680000
0.890433255942952,0.057057057057057,0.0662009506764428,0.0,0.03125,0.0476190476190476,0.019047619047619,False,False,True,False,0,0,0,0,0.125,0.2413793103448275,8200000
0.8841410003319652,0.0255255255255255,0.0465138656351634,0.05,0.0,0.0,0.0,False,False,True,False,0,0,0,0,0.125,0.1034482758620689,5700000
0.8918513102174757,0.0,0.067143929334334,0.0,0.09375,0.0952380952380952,0.019047619047619,False,False,True,False,0,0,0,0,0.125,0.2068965517241379,5730000
0.9286848342514986,0.06006006006006,0.0591767218982737,0.0,0.09375,0.0952380952380952,0.019047619047619,True,False,False,False,0,0,0,0,0.125,0.1379310344827586,7900000
0.8565507379441613,0.0,0.1163520197063295,0.05,0.125,0.0952380952380952,0.0285714285714285,False,False,True,False,0,0,0,0,0.125,0.1034482758620689,16000000
0.8939585345655416,0.042042042042042,0.0748994476839289,0.05,0.09375,0.0952380952380952,0.019047619047619,False,False,True,False,0,0,0,0,0.125,0.2068965517241379,10210000
0.8145176388369464,0.0045045045045045,0.1106749032965764,0.1,0.09375,0.0952380952380952,0.0380952380952381,False,True,False,False,1,1,1,1,0.5,0.1034482758620689,16880000
0.8753902987840263,0.0375375375375375,0.0327925639397263,0.0,0.09375,0.0952380952380952,0.019047619047619,False,False,True,False,0,0,0,0,0.125,0.1379310344827586,2980000
0.8693877422327603,0.042042042042042,0.0234589996728441,0.0,0.03125,0.0476190476190476,0.0095238095238095,False,False,True,False,0,0,0,0,0.125,0.2068965517241379,3650000
0.834633708368699,0.0,0.105767565383061,0.05,0.09375,0.0952380952380952,0.019047619047619,False,False,False,True,0,0,0,0,0.125,0.4827586206896552,13880000
0.8841410003319652,0.024024024024024,0.0290206493081615,0.0,0.03125,0.0476190476190476,0.0095238095238095,False,False,True,False,0,0,0,0,0.125,0.1034482758620689,3600000
0.835482072799067,0.0405405405405405,0.0669514847102746,0.0,0.09375,0.0952380952380952,0.019047619047619,False,False,True,False,0,0,0,0,0.125,0.2068965517241379,6100000
0.8891978802232359,0.06006006006006,0.0590420106614321,0.0,0.09375,0.0952380952380952,0.019047619047619,True,False,False,False,0,0,0,0,0.125,0.1379310344827586,6360000
0.8766880976127993,0.0105105105105105,0.1203163789619537,0.05,0.1875,0.0952380952380952,0.0380952380952381,False,False,True,False,0,0,0,0,0.125,0.3103448275862069,24800000
0.9026292478295376,0.012012012012012,0.1047860978003579,0.05,0.0625,0.0952380952380952,0.019047619047619,False,False,False,True,0,0,0,0,0.125,0.5862068965517242,18650000
0.8324210307118278,0.0375375375375375,0.0703000211689086,0.0,0.09375,0.0952380952380952,0.019047619047619,False,False,True,False,0,0,0,0,0.125,0.2068965517241379,7500000
0.9135608052243356,0.0,0.1854011508188518,0.0,0.15625,0.1428571428571428,0.0380952380952381,False,True,False,False,1,1,1,1,0.5,0.1034482758620689,16200000
0.7814869745499209,0.0,0.1446606239054712,0.0,0.125,0.0952380952380952,0.0476190476190476,False,True,False,False,1,1,1,1,0.5,0.1034482758620689,13800000
0.8596974750407185,0.018018018018018,0.0251140234397552,0.0,0.0625,0.0476190476190476,0.0095238095238095,False,False,True,False,0,0,0,0,0.125,0.3103448275862069,4300000
0.8530865146588269,0.03003003003003,0.1287839424205684,0.0,0.0,0.0,0.0,False,True,False,False,1,1,1,1,0.5,0.1034482758620689,7600000
0.8712656399908951,0.0345345345345345,0.0805188307064642,0.05,0.09375,0.0952380952380952,0.019047619047619,False,False,True,False,0,0,0,0,0.125,0.1724137931034483,9600000
0.8835449562617157,0.0465465465465465,0.0731289571425822,0.0,0.09375,0.0952380952380952,0.019047619047619,False,False,True,False,0,0,0,0,0.125,0.2413793103448275,6000000
0.8710938023878043,0.0375375375375375,0.0474568442930546,0.05,0.0625,0.0476190476190476,0.0095238095238095,False,False,False,True,0,0,0,0,0.125,0.4482758620689654,4100000
0.8823323884377601,0.0,0.0867347920635837,0.05,0.0,0.0,0.0,False,False,True,False,0,0,0,0,0.125,0.1724137931034483,16350000
0.8025978236386493,0.0015015015015015,0.0591959663606797,0.0,0.0625,0.0476190476190476,0.0095238095238095,False,False,True,False,0,0,0,0,0.125,0.2758620689655172,8300000
0.963478164601696,0.0,0.0471296884321536,0.0,0.03125,0.0952380952380952,0.019047619047619,False,False,True,False,0,0,0,0,0.125,0.1724137931034483,12600000
0.883971802318996,0.0345345345345345,0.2224659854126974,0.0,0.09375,0.0952380952380952,0.019047619047619,False,False,False,True,0,0,0,0,0.125,0.3793103448275862,23960000
0.8351415304963155,0.06006006006006,0.0873506148605738,0.0,0.09375,0.0952380952380952,0.019047619047619,False,True,False,False,1,1,1,1,0.25,0.0344827586206896,9400000
0.8480662335563807,0.0045045045045045,0.0978773357966245,0.05,0.09375,0.0952380952380952,0.019047619047619,False,False,True,False,0,0,0,0,0.125,0.3103448275862069,15600000
0.8716869374699456,0.0225225225225225,0.0220156649923984,0.0,0.03125,0.0476190476190476,0.0095238095238095,False,False,True,False,0,0,0,0,0.125,0.3103448275862069,5550000
0.8088326833934047,0.0,0.0428381733156284,0.0,0.0625,0.0476190476190476,0.0095238095238095,False,False,True,False,0,0,0,0,0.125,0.3103448275862069,4450000
0.8088326833934047,0.0,0.0549429401689663,0.05,0.0625,0.0476190476190476,0.0095238095238095,False,False,True,False,0,0,0,0,0.125,0.3103448275862069,4990000
0.8090707040253733,0.0,0.0827511883455535,0.05,0.09375,0.0952380952380952,0.019047619047619,False,False,False,True,0,0,0,0,0.125,0.4827586206896552,12800000
0.8685663905899048,0.0,0.0885437715297423,0.05,0.09375,0.0952380952380952,0.019047619047619,False,False,True,False,0,0,0,0,0.125,0.1379310344827586,19200000
0.8802162065837251,0.024024024024024,0.0204183746127051,0.0,0.0,0.0,0.0,False,False,False,True,0,0,0,0,0.125,0.3448275862068965,3100000
0.9103324859516988,0.0,0.0510748032253719,0.0,0.0,0.0,0.0,False,True,False,False,1,1,1,1,0.25,0.0344827586206896,10000000
0.8693277642158534,0.057057057057057,0.0611973904508977,0.0,0.09375,0.0952380952380952,0.019047619047619,True,False,False,False,0,0,0,0,0.125,0.1379310344827586,5450000
0.8504448778540166,0.0375375375375375,0.005696360872159,0.0,0.03125,0.0476190476190476,0.0095238095238095,True,False,False,False,0,0,0,0,0.125,0.1379310344827586,100000
0.9731799335194466,0.024024024024024,0.1008794719319515,0.05,0.09375,0.0952380952380952,0.019047619047619,False,False,False,True,0,0,0,0,0.125,0.4137931034482758,22500000
0.8825363772158425,0.036036036036036,0.166887977984335,0.05,0.09375,0.0952380952380952,0.019047619047619,False,False,True,False,0,0,0,0,0.125,0.2413793103448275,20000000
0.8778870369636707,0.06006006006006,0.0568866308719665,0.0,0.09375,0.0952380952380952,0.0380952380952381,False,True,False,False,1,1,1,1,0.25,0.0344827586206896,3316468
0.91344991112706,0.0465465465465465,0.016761926755576,0.0,0.09375,0.0952380952380952,0.019047619047619,False,False,True,False,0,0,0,0,0.125,0.2068965517241379,2800000
0.8267951265013096,0.0,0.0718780670861959,0.05,0.09375,0.0952380952380952,0.019047619047619,False,False,True,False,0,0,0,0,0.125,0.1724137931034483,7970000
0.9750488239001528,0.036036036036036,0.0660277505147893,0.0,0.09375,0.0952380952380952,0.019047619047619,False,False,True,False,0,0,0,0,0.125,0.2068965517241379,12200000
0.8779306000466534,0.036036036036036,0.0306371841502607,0.0,0.03125,0.0476190476190476,0.0095238095238095,False,False,False,True,0,0,0,0,0.125,0.3793103448275862,3300000
0.8737115050770115,0.0405405405405405,0.1278217193002713,0.05,0.09375,0.0952380952380952,0.0285714285714285,False,False,True,False,0,0,0,0,0.125,0.1379310344827586,18000000
0.8499160160754684,0.0345345345345345,0.0183207282104574,0.0,0.03125,0.0476190476190476,0.0095238095238095,True,False,False,False,0,0,0,0,0.125,0.1034482758620689,770000
0.8725598707231086,0.042042042042042,0.0166464599811404,0.0,0.03125,0.0476190476190476,0.0095238095238095,False,False,True,False,0,0,0,0,0.125,0.1379310344827586,2600000
0.8398624916481481,0.012012012012012,0.0757269595673844,0.05,0.0625,0.0952380952380952,0.0095238095238095,False,False,False,True,0,0,0,0,0.125,0.4827586206896552,13040000
0.8859266483623003,0.0,0.0677597521313242,0.0,0.09375,0.0952380952380952,0.0095238095238095,True,False,False,False,0,0,0,0,0.125,0.1379310344827586,3500000
0.9330644729093364,0.0345345345345345,0.0756499817177607,0.0,0.09375,0.0952380952380952,0.019047619047619,False,False,False,True,0,0,0,0,0.125,0.3793103448275862,12800000
0.8945833757521484,0.0165165165165165,0.0575794315185805,0.05,0.0,0.0,0.0,False,False,True,False,0,0,0,0,0.125,0.2758620689655172,9800000
0.9698010057595924,0.0405405405405405,0.0515174258607085,0.05,0.0625,0.0952380952380952,0.0095238095238095,False,False,False,True,0,0,0,0,0.125,0.4137931034482758,9250000
0.8658278742557286,0.0,0.1282258530107961,0.0,0.09375,0.1428571428571428,0.019047619047619,False,True,False,False,1,1,1,1,0.5,0.1034482758620689,24800000
0.9076111131141432,0.0675675675675675,0.0890633720147027,0.0,0.15625,0.0952380952380952,0.0285714285714285,False,True,False,False,1,1,1,1,0.25,0.0344827586206896,25500000
0.8728709088445044,0.0195195195195195,0.0253642014510324,0.0,0.03125,0.0476190476190476,0.0095238095238095,False,False,True,False,0,0,0,0,0.125,0.3103448275862069,4200000
0.8928260765249831,0.06006006006006,0.0576179204433924,0.0,0.125,0.0952380952380952,0.0285714285714285,True,False,False,False,0,0,0,0,0.125,0.1379310344827586,4850000
0.8711246592175144,0.0405405405405405,0.0490733791351538,0.0,0.0625,0.0952380952380952,0.0095238095238095,False,False,True,False,0,0,0,0,0.125,0.1379310344827586,5600000
0.995979723508043,0.033033033033033,0.1369051055558763,0.0,0.1875,0.0952380952380952,0.0380952380952381,False,True,False,False,1,1,1,1,0.5,0.1034482758620689,21600000
0.9020622472346248,0.021021021021021,0.0172430383157246,0.0,0.03125,0.0476190476190476,0.0095238095238095,False,False,True,False,0,0,0,0,0.125,0.1724137931034483,2325000
0.7677079637488475,0.0,0.0714546889132652,0.05,0.09375,0.0952380952380952,0.019047619047619,False,False,True,False,0,0,0,0,0.125,0.1379310344827586,7300000
0.8088326833934047,0.0,0.0716471335373246,0.05,0.0625,0.0476190476190476,0.0095238095238095,False,False,True,False,0,0,0,0,0.125,0.3103448275862069,5880000
0.8495550224009207,0.0,0.0894675057252275,0.0,0.125,0.0952380952380952,0.019047619047619,False,True,False,False,1,1,1,1,0.375,0.0689655172413793,10460000
0.8740984608937481,0.012012012012012,0.0291746050074091,0.0,0.03125,0.0476190476190476,0.0095238095238095,False,False,True,False,0,0,0,0,0.125,0.2068965517241379,3500000
0.8776803614067887,0.036036036036036,0.1372130169543713,0.0,0.15625,0.1428571428571428,0.0380952380952381,False,True,False,False,1,1,1,1,0.5,0.1034482758620689,20500000
0.8718361399324408,0.0375375375375375,0.1444296903565999,0.0,0.125,0.0952380952380952,0.0380952380952381,False,True,False,False,1,1,1,1,0.375,0.0689655172413793,9270000
0.877176268673594,0.0585585585585585,0.05909974404865,0.0,0.125,0.0952380952380952,0.0285714285714285,False,True,False,False,1,1,1,1,0.375,0.0689655172413793,8600000
0.9970942964035884,0.0345345345345345,0.0180128168119623,0.0,0.03125,0.0476190476190476,0.0095238095238095,False,False,True,False,0,0,0,0,0.125,0.1379310344827586,2500000
0.8712061182508251,0.0135135135135135,0.0938744876161884,0.05,0.09375,0.0952380952380952,0.019047619047619,False,False,True,False,0,0,0,0,0.125,0.2068965517241379,15000000
0.9618360092282215,0.039039039039039,0.068818197563651,0.05,0.09375,0.0952380952380952,0.0095238095238095,False,False,True,False,0,0,0,0,0.125,0.2413793103448275,12500000
0.923854165084947,0.0225225225225225,0.0409907049246579,0.05,0.0625,0.0476190476190476,0.0095238095238095,False,False,True,False,0,0,0,0,0.125,0.1724137931034483,7880000
0.9277763879676116,0.0675675675675675,0.0683178415410965,0.0,0.09375,0.0952380952380952,0.019047619047619,False,True,False,False,1,1,1,1,0.25,0.0344827586206896,9550000
0.8187819971224144,0.0525525525525525,0.0874660816350095,0.0,0.09375,0.0476190476190476,0.019047619047619,False,True,False,False,1,1,1,1,0.375,0.0689655172413793,7500000
0.8596974750407185,0.018018018018018,0.0299058945788349,0.0,0.09375,0.0476190476190476,0.0095238095238095,False,False,True,False,0,0,0,0,0.125,0.3103448275862069,5300000
0.9616465601355344,0.0195195195195195,0.0296557165675576,0.0,0.03125,0.0476190476190476,0.0095238095238095,False,False,False,True,0,0,0,0,0.125,0.4137931034482758,7380000
0.884173380174758,0.0,0.0642765044358485,0.05,0.0625,0.0952380952380952,0.0095238095238095,False,False,True,False,0,0,0,0,0.125,0.3103448275862069,11920000
0.8099313196147477,0.0075075075075075,0.070165309932067,0.05,0.0625,0.0952380952380952,0.019047619047619,False,False,True,False,0,0,0,0,0.125,0.2068965517241379,7800000
0.8605471628460464,0.0195195195195195,0.0284433154359832,0.05,0.0625,0.0476190476190476,0.0095238095238095,False,False,True,False,0,0,0,0,0.125,0.3103448275862069,6660000
0.8839297370578265,0.0315315315315315,0.088986394165079,0.05,0.09375,0.0952380952380952,0.019047619047619,False,False,False,True,0,0,0,0,0.125,0.7241379310344828,9850000
0.8420665189468934,0.0585585585585585,0.058753343725343,0.0,0.0,0.0,0.0,False,True,False,False,1,1,1,1,0.25,0.0344827586206896,5400000
0.8521107159320707,0.021021021021021,0.0903527509959009,0.05,0.09375,0.0952380952380952,0.019047619047619,False,False,False,True,0,0,0,0,0.125,0.4827586206896552,12500000
0.7677079637488475,0.0,0.0715894001501068,0.05,0.09375,0.0952380952380952,0.019047619047619,False,False,True,False,0,0,0,0,0.125,0.1379310344827586,7700000
0.9052846776933734,0.0615615615615615,0.0589265438869965,0.0,0.09375,0.0952380952380952,0.019047619047619,False,True,False,False,1,1,1,1,0.25,0.0344827586206896,5350000
0.9650250405019564,0.0525525525525525,0.0932201758943863,0.0,0.15625,0.0952380952380952,0.0285714285714285,False,True,False,False,1,1,1,1,0.375,0.0689655172413793,17000000
0.8129275371301503,0.015015015015015,0.078883051401959,0.05,0.09375,0.0952380952380952,0.019047619047619,False,False,False,True,0,0,0,0,0.125,0.3448275862068965,10400000
0.82411189750988,0.0345345345345345,0.1054019205973481,0.0,0.125,0.0952380952380952,0.0285714285714285,False,True,False,False,1,1,1,1,0.5,0.1034482758620689,11500000
0.9854303484273714,0.057057057057057,0.0582722321651944,0.0,0.15625,0.0952380952380952,0.0380952380952381,False,True,False,False,1,1,1,1,0.25,0.0344827586206896,18500000
0.8771293977986545,0.003003003003003,0.0881781267440294,0.05,0.09375,0.0952380952380952,0.019047619047619,False,False,True,False,0,0,0,0,0.125,0.2758620689655172,17000000
0.8596974750407185,0.0195195195195195,0.0299058945788349,0.0,0.0625,0.0952380952380952,0.0095238095238095,False,False,True,False,0,0,0,0,0.125,0.3103448275862069,5950000
0.8827304214912886,0.0,0.0552700960298674,0.05,0.0625,0.0952380952380952,0.019047619047619,False,False,False,True,0,0,0,0,0.125,0.3448275862068965,10040000
0.8883323749070939,0.0495495495495495,0.0618132132478879,0.0,0.0,0.0,0.0,True,False,False,False,0,0,0,0,0.125,0.1379310344827586,7300000
0.7848340038021036,0.0375375375375375,0.1654446433038893,0.0,0.125,0.0952380952380952,0.0285714285714285,False,True,False,False,1,1,1,1,0.5,0.1034482758620689,10500000
0.8935891237655085,0.0555555555555555,0.0565979639358774,0.0,0.09375,0.0952380952380952,0.019047619047619,True,False,False,False,0,0,0,0,0.125,0.1379310344827586,5500000
0.81049387085082,0.021021021021021,0.0164925042818928,0.0,0.03125,0.0476190476190476,0.0095238095238095,False,False,True,False,0,0,0,0,0.125,0.1724137931034483,1450000
0.8732600447084167,0.0,0.0799607412966918,0.05,0.09375,0.0952380952380952,0.019047619047619,False,False,True,False,0,0,0,0,0.125,0.3103448275862069,15660000
0.8716869374699456,0.021021021021021,0.0223043319284875,0.0,0.03125,0.0476190476190476,0.0095238095238095,False,False,True,False,0,0,0,0,0.125,0.3103448275862069,3200000
0.9042504507604008,0.024024024024024,0.0194753959548139,0.0,0.03125,0.0952380952380952,0.0095238095238095,False,False,True,False,0,0,0,0,0.125,0.2413793103448275,4680000
0.8181594273192445,0.039039039039039,0.0682023747666608,0.0,0.15625,0.0476190476190476,0.0476190476190476,True,False,False,False,0,0,0,0,0.125,0.1379310344827586,6500000
0.8771420270266219,0.0075075075075075,0.0540192059734811,0.0,0.0625,0.0952380952380952,0.0095238095238095,False,False,False,True,0,0,0,0,0.125,0.3448275862068965,12100000
0.9773146578769456,0.0195195195195195,0.0296557165675576,0.0,0.03125,0.0476190476190476,0.0095238095238095,False,False,False,True,0,0,0,0,0.125,0.4137931034482758,5100000
0.7705342463288218,0.045045045045045,0.0815002982891672,0.0,0.09375,0.0952380952380952,0.019047619047619,False,True,False,False,1,1,1,1,0.25,0.0344827586206896,6200000
0.8726507761302571,0.063063063063063,0.0758039374170082,0.0,0.125,0.0952380952380952,0.0285714285714285,False,True,False,False,1,1,1,1,0.5,0.1034482758620689,11500000
0.8596974750407185,0.018018018018018,0.0277120258645574,0.05,0.0625,0.0476190476190476,0.0095238095238095,False,False,True,False,0,0,0,0,0.125,0.3103448275862069,5050000
0.9014549383001054,0.045045045045045,0.0534611165637087,0.0,0.0625,0.0952380952380952,0.0095238095238095,False,False,False,True,0,0,0,0,0.125,0.5172413793103449,7450000
0.8947244335826383,0.0495495495495495,0.0850605238342667,0.0,0.125,0.0952380952380952,0.019047619047619,True,False,False,False,0,0,0,0,0.125,0.1379310344827586,7650000
0.995035180959178,0.0285285285285285,0.0178011277254969,0.0,0.03125,0.0476190476190476,0.0095238095238095,False,False,True,False,0,0,0,0,0.125,0.1724137931034483,2750000
0.8717205563034156,0.0195195195195195,0.0172815272405365,0.0,0.03125,0.0476190476190476,0.0095238095238095,False,False,True,False,0,0,0,0,0.125,0.3103448275862069,3020000
0.8820416839931227,0.0345345345345345,0.041625772184054,0.0,0.0625,0.0476190476190476,0.0095238095238095,False,False,False,True,0,0,0,0,0.125,0.6551724137931035,6900000
0.905123706647089,0.063063063063063,0.0655273944922348,0.0,0.09375,0.0952380952380952,0.0095238095238095,True,False,False,False,0,0,0,0,0.125,0.1379310344827586,7850000
0.8536972329584955,0.012012012012012,0.1005523160710505,0.1,0.09375,0.0476190476190476,0.019047619047619,False,False,False,True,0,0,0,0,0.125,0.4827586206896552,12500000
0.9122778055283618,0.0345345345345345,0.0969343571387333,0.05,0.09375,0.0952380952380952,0.019047619047619,False,False,False,True,0,0,0,0,0.125,0.3793103448275862,11180000
0.9075358856792376,0.0285285285285285,0.0334083867367165,0.0,0.03125,0.0476190476190476,0.0095238095238095,False,False,False,True,0,0,0,0,0.125,0.4137931034482758,4000000
0.8715122705323779,0.0285285285285285,0.0260954910224582,0.0,0.0,0.0,0.0,False,False,False,True,0,0,0,0,0.125,0.3793103448275862,3200000
0.8885624819263285,0.06006006006006,0.059426899909551,0.0,0.09375,0.0952380952380952,0.019047619047619,True,False,False,False,0,0,0,0,0.125,0.1379310344827586,9850000
0.8742381838899576,0.033033033033033,0.0229009102630718,0.0,0.03125,0.0476190476190476,0.0095238095238095,False,False,False,True,0,0,0,0,0.125,0.4482758620689654,3630000
0.9424477150829204,0.0375375375375375,0.0166464599811404,0.0,0.03125,0.0476190476190476,0.0095238095238095,False,False,False,True,0,0,0,0,0.125,0.3793103448275862,3580000
0.9424097144018616,0.009009009009009,0.0924696418605546,0.05,0.0625,0.0952380952380952,0.019047619047619,False,False,False,True,0,0,0,0,0.125,0.3793103448275862,14990000
0.8812746972495802,0.0,0.0779593172064738,0.05,0.125,0.0952380952380952,0.019047619047619,False,False,False,True,0,0,0,0,0.125,0.3448275862068965,9200000
0.938048857791074,0.057057057057057,0.0462251986990743,0.0,0.125,0.0476190476190476,0.019047619047619,True,False,False,False,0,0,0,0,0.125,0.1379310344827586,9100000
0.8800789560172859,0.0,0.0714546889132652,0.05,0.0625,0.0952380952380952,0.019047619047619,False,False,True,False,0,0,0,0,0.125,0.2068965517241379,8900000
0.8675004736678602,0.045045045045045,0.0603313896426303,0.0,0.09375,0.0476190476190476,0.0095238095238095,True,False,False,False,0,0,0,0,0.125,0.1379310344827586,1800000
0.8627529283502327,0.0585585585585585,0.0626022362065315,0.0,0.125,0.0952380952380952,0.019047619047619,True,False,False,False,0,0,0,0,0.125,0.1379310344827586,4900000
0.8941300347454728,0.039039039039039,0.0725516232704039,0.0,0.09375,0.0952380952380952,0.019047619047619,False,False,False,True,0,0,0,0,0.125,0.4482758620689654,8980000
0.9673652390388838,0.0045045045045045,0.1049785424244173,0.05,0.09375,0.0952380952380952,0.019047619047619,False,False,True,False,0,0,0,0,0.25,0.1724137931034483,24800000
0.8976606908249778,0.0345345345345345,0.0983392028943671,0.05,0.125,0.0952380952380952,0.019047619047619,False,False,False,True,0,0,0,0,0.125,0.3793103448275862,17000000
0.9330644729093364,0.036036036036036,0.0753228258568596,0.0,0.09375,0.0952380952380952,0.019047619047619,False,False,False,True,0,0,0,0,0.125,0.3793103448275862,15300000
0.8747592683729977,0.021021021021021,0.0215537978946558,0.0,0.03125,0.0476190476190476,0.0095238095238095,False,False,False,True,0,0,0,0,0.125,0.3448275862068965,5600000
0.8596974750407185,0.0195195195195195,0.0247676231164482,0.0,0.0625,0.0476190476190476,0.0095238095238095,False,False,True,False,0,0,0,0,0.125,0.3103448275862069,5150000
0.8810385619395902,0.0,0.0723014452591266,0.05,0.0,0.0,0.0,False,False,True,False,0,0,0,0,0.125,0.3103448275862069,13800000
0.8159726423340032,0.021021021021021,0.0780747839809094,0.05,0.09375,0.0952380952380952,0.019047619047619,False,False,False,True,0,0,0,0,0.125,0.4482758620689654,9820000
0.851161247837581,0.0,0.0471104439697477,0.0,0.0625,0.0952380952380952,0.0095238095238095,False,False,True,False,0,0,0,0,0.125,0.1379310344827586,7300000
0.8710938023878043,0.036036036036036,0.0239401112329927,0.0,0.03125,0.0476190476190476,0.0095238095238095,False,False,False,True,0,0,0,0,0.125,0.4482758620689654,3100000
0.8159726423340032,0.0195195195195195,0.0650270384696803,0.05,0.09375,0.0952380952380952,0.019047619047619,False,False,False,True,0,0,0,0,0.125,0.4482758620689654,8900000
0.8750281092431749,0.0,0.0417219944960837,0.0,0.0625,0.0952380952380952,0.019047619047619,False,False,True,False,0,0,0,0,0.125,0.2068965517241379,7800000
0.995035180959178,0.0285285285285285,0.0225160210149529,0.0,0.03125,0.0476190476190476,0.0095238095238095,False,False,True,False,0,0,0,0,0.125,0.1724137931034483,3800000
0.841963075111579,0.003003003003003,0.0560013856012932,0.05,0.09375,0.0952380952380952,0.0095238095238095,False,False,True,False,0,0,0,0,0.125,0.2068965517241379,7700000
0.8756411733758114,0.036036036036036,0.0742836248869387,0.05,0.09375,0.0952380952380952,0.019047619047619,False,False,True,False,0,0,0,0,0.125,0.1724137931034483,10580000
0.8029228960063222,0.0255255255255255,0.0207840193984181,0.0,0.03125,0.0476190476190476,0.0095238095238095,False,False,True,False,0,0,0,0,0.125,0.2413793103448275,1600000
0.8024686692403975,0.0,0.0544618286088178,0.0,0.09375,0.0952380952380952,0.019047619047619,True,False,False,False,0,0,0,0,0.125,0.1379310344827586,4700000
0.9377465626691616,0.0225225225225225,0.117179531589785,0.1,0.09375,0.0952380952380952,0.019047619047619,False,False,False,True,0,0,0,0,0.125,0.3793103448275862,25200000
0.8882468872737093,0.06006006006006,0.0900833285222177,0.0,0.0,0.0,0.0,True,False,False,False,0,0,0,0,0.25,0.1379310344827586,14000000
0.884756186703413,0.0465465465465465,0.0757846929546023,0.05,0.09375,0.0952380952380952,0.019047619047619,False,False,True,False,0,0,0,0,0.125,0.1724137931034483,8160000
0.8721148013726747,0.0,0.0666820622365914,0.0,0.09375,0.0952380952380952,0.019047619047619,False,True,False,False,1,1,1,1,0.25,0.0344827586206896,5000000
0.8784585314444939,0.0495495495495495,0.1156207301349036,0.0,0.125,0.0952380952380952,0.019047619047619,False,True,False,False,1,1,1,1,0.25,0.0344827586206896,12360000
0.9942997234088295,0.0135135135135135,0.0842907453380289,0.05,0.0,0.0,0.0,False,False,True,False,0,0,0,0,0.125,0.2068965517241379,12520000
0.9048157542840158,0.042042042042042,0.0357754556126474,0.0,0.03125,0.0476190476190476,0.0095238095238095,False,False,False,True,0,0,0,0,0.125,0.4482758620689654,3700000
0.8756136155286356,0.0225225225225225,0.0135673459961895,0.0,0.0,0.0,0.0,False,False,True,False,0,0,0,0,0.125,0.1379310344827586,2325000
0.8745518217050972,0.051051051051051,0.0459172873005792,0.0,0.09375,0.0952380952380952,0.019047619047619,True,False,False,False,0,0,0,0,0.125,0.1379310344827586,9380000
0.8620226989702644,0.039039039039039,0.0880049265823759,0.0,0.125,0.0952380952380952,0.0285714285714285,False,True,False,False,1,1,1,1,0.375,0.0689655172413793,9180000
0.7852676509554897,0.0375375375375375,0.1790697226872967,0.0,0.125,0.1428571428571428,0.0285714285714285,False,True,False,False,1,1,1,1,0.5,0.1034482758620689,12000000
0.8812210299301171,0.021021021021021,0.0757269595673844,0.0,0.09375,0.0952380952380952,0.019047619047619,True,False,False,False,0,0,0,0,0.125,0.1379310344827586,9200000
0.9076674333533958,0.0,0.0642957488982545,0.0,0.09375,0.0952380952380952,0.0095238095238095,False,False,True,False,0,0,0,0,0.125,0.2413793103448275,5735000
0.8820416839931227,0.036036036036036,0.0686642418644035,0.0,0.09375,0.0952380952380952,0.019047619047619,False,False,False,True,0,0,0,0,0.125,0.6896551724137931,10000000
0.9047404840545424,0.0465465465465465,0.0453591978908069,0.0,0.0625,0.0952380952380952,0.0095238095238095,False,False,True,False,0,0,0,0,0.125,0.2068965517241379,7200000
0.9019639097998606,0.036036036036036,0.0623328137328483,0.05,0.0625,0.0952380952380952,0.0095238095238095,False,False,True,False,0,0,0,0,0.125,0.2758620689655172,4250000
0.8607854813491258,0.0705705705705705,0.0665088620749379,0.0,0.125,0.0952380952380952,0.0285714285714285,False,True,False,False,1,1,1,1,0.25,0.0344827586206896,6440000
0.9052846776933734,0.063063063063063,0.0589265438869965,0.0,0.125,0.0952380952380952,0.019047619047619,False,True,False,False,1,1,1,1,0.25,0.0344827586206896,10500000
0.930780137631274,0.0405405405405405,0.0949906664357331,0.0,0.09375,0.0952380952380952,0.019047619047619,False,False,False,True,0,0,0,0,0.125,0.6206896551724138,16000000
0.809285638349678,0.0105105105105105,0.0260954910224582,0.0,0.03125,0.0476190476190476,0.0095238095238095,False,False,False,True,0,0,0,0,0.125,0.3448275862068965,2600000
0.8758386069166875,0.006006006006006,0.0708196216538691,0.05,0.09375,0.0952380952380952,0.019047619047619,False,False,False,True,0,0,0,0,0.125,0.3793103448275862,10700000
0.8034088701289477,0.0,0.0541924061351346,0.0,0.09375,0.0952380952380952,0.019047619047619,False,True,False,False,1,1,1,1,0.25,0.0344827586206896,9400000
0.8596974750407185,0.018018018018018,0.0328310528645382,0.05,0.09375,0.0476190476190476,0.0095238095238095,False,False,True,False,0,0,0,0,0.125,0.3103448275862069,5700000
0.874022993412467,0.003003003003003,0.0466293324095991,0.0,0.03125,0.0952380952380952,0.0095238095238095,False,False,False,True,0,0,0,0,0.125,0.3793103448275862,9650000
0.807940265270048,0.0405405405405405,0.1154475299732502,0.0,0.125,0.1428571428571428,0.0285714285714285,False,True,False,False,1,1,1,1,0.5,0.1034482758620689,9800000
0.8387850697139356,0.027027027027027,0.2420376036795412,0.0,0.0,0.0,0.0,False,True,False,False,1,1,1,1,0.375,0.0689655172413793,19100000
0.8769366475668221,0.0375375375375375,0.0470527105825298,0.0,0.03125,0.0952380952380952,0.019047619047619,False,False,True,False,0,0,0,0,0.125,0.1724137931034483,5500000
0.8823323884377601,0.0,0.1125031272251409,0.1,0.0,0.0,0.0,False,False,True,False,0,0,0,0,0.125,0.1724137931034483,19220000
0.8779306000466534,0.0375375375375375,0.0173585050901603,0.0,0.0,0.0,0.0,False,False,False,True,0,0,0,0,0.125,0.3793103448275862,2260000
0.904288976433662,0.0435435435435435,0.0596385889960163,0.0,0.0,0.0,0.0,False,False,True,False,0,0,0,0,0.125,0.2068965517241379,9500000
0.9765034637525218,0.0465465465465465,0.0924119084733368,0.05,0.09375,0.0952380952380952,0.019047619047619,True,False,False,False,0,0,0,0,0.125,0.1379310344827586,15800000
0.8958444790138458,0.039039039039039,0.0882743490560591,0.05,0.125,0.0952380952380952,0.019047619047619,False,False,True,False,0,0,0,0,0.125,0.3103448275862069,11000000
0.8995673870936116,0.039039039039039,0.0881973712064353,0.05,0.09375,0.0952380952380952,0.019047619047619,False,False,False,True,0,0,0,0,0.125,0.6551724137931035,14450000
0.8551099529481974,0.0195195195195195,0.1071531666762889,0.05,0.09375,0.0952380952380952,0.019047619047619,False,False,False,True,0,0,0,0,0.125,0.4137931034482758,15200000
0.936576116527732,0.0315315315315315,0.0824240324846525,0.0,0.09375,0.0952380952380952,0.019047619047619,False,False,False,True,0,0,0,0,0.125,0.3793103448275862,13500000
0.884173380174758,0.0,0.1171410426649731,0.1,0.09375,0.0952380952380952,0.019047619047619,False,False,True,False,0,0,0,0,0.125,0.3103448275862069,23000000
0.8551099529481974,0.0195195195195195,0.1068260108153878,0.05,0.09375,0.0952380952380952,0.019047619047619,False,False,False,True,0,0,0,0,0.125,0.3448275862068965,15000000
0.8710938023878043,0.0375375375375375,0.0401054596539845,0.0,0.03125,0.0476190476190476,0.0095238095238095,False,False,False,True,0,0,0,0,0.125,0.4482758620689654,5200000
0.8835449562617157,0.048048048048048,0.0630833477666801,0.0,0.0625,0.0952380952380952,0.019047619047619,False,False,True,False,0,0,0,0,0.125,0.2413793103448275,6700000
0.8165571083179088,0.039039039039039,0.1056136096838134,0.0,0.125,0.0952380952380952,0.0285714285714285,False,True,False,False,1,1,1,1,0.5,0.1034482758620689,9480000
0.8810385619395902,0.0,0.0881396378192175,0.05,0.09375,0.0952380952380952,0.019047619047619,False,False,True,False,0,0,0,0,0.125,0.3103448275862069,13790000
0.8702543945537116,0.0105105105105105,0.1571695244693339,0.1,0.125,0.0952380952380952,0.0285714285714285,False,False,True,False,0,0,0,0,0.125,0.3103448275862069,22000000
0.8504448778540166,0.036036036036036,0.0197255739660912,0.0,0.0,0.0,0.0,True,False,False,False,0,0,0,0,0.125,0.1379310344827586,550000
0.817458833697998,0.0045045045045045,0.0743798471989685,0.05,0.0625,0.0952380952380952,0.0095238095238095,False,False,True,False,0,0,0,0,0.125,0.2413793103448275,10750000
0.8820416839931227,0.0345345345345345,0.0660085060523834,0.0,0.09375,0.0952380952380952,0.019047619047619,False,False,False,True,0,0,0,0,0.125,0.6551724137931035,10200000
0.8756136155286356,0.0225225225225225,0.0135673459961895,0.0,0.0,0.0,0.0,False,False,True,False,0,0,0,0,0.125,0.1379310344827586,1700000
0.848311967045845,0.0045045045045045,0.0760541154282855,0.05,0.09375,0.0952380952380952,0.019047619047619,False,False,True,False,0,0,0,0,0.125,0.2068965517241379,12300000
0.8510952489572503,0.036036036036036,0.0557896965148278,0.1,0.125,0.0952380952380952,0.019047619047619,False,False,True,False,0,0,0,0,0.125,0.2068965517241379,5000000
0.841957592758007,0.027027027027027,0.1004945826838327,0.05,0.09375,0.0952380952380952,0.019047619047619,False,False,True,False,0,0,0,0,0.125,0.2068965517241379,11250000
0.869100910743299,0.0345345345345345,0.0336970536728056,0.0,0.03125,0.0952380952380952,0.0095238095238095,False,False,False,True,0,0,0,0,0.125,0.4482758620689654,3600000
0.8774360142255659,0.0285285285285285,0.1103477474356753,0.05,0.125,0.0952380952380952,0.019047619047619,False,False,False,True,0,0,0,0,0.125,0.4137931034482758,17100000
0.8621664322306231,0.0165165165165165,0.1387140850220349,0.0,0.125,0.0476190476190476,0.0380952380952381,False,True,False,False,1,1,1,1,0.5,0.1034482758620689,15000000
0.8801513302337582,0.0015015015015015,0.083925100552316,0.05,0.09375,0.0952380952380952,0.019047619047619,False,False,False,True,0,0,0,0,0.125,0.4827586206896552,16000000
0.8323654830397231,0.0,0.1840925273752477,0.0,0.15625,0.0952380952380952,0.0285714285714285,True,False,False,False,0,0,0,0,0.25,0.0689655172413793,20000000
0.8242822227418571,0.0105105105105105,0.1367703943190346,0.0,0.125,0.1428571428571428,0.0476190476190476,False,True,False,False,1,1,1,1,0.5,0.1034482758620689,21600000
0.8350484799468916,0.039039039039039,0.078209495217751,0.05,0.125,0.0952380952380952,0.019047619047619,False,False,True,False,0,0,0,0,0.125,0.2413793103448275,6400000
0.9747477431037056,0.0,0.0678752189057598,0.0,0.09375,0.0952380952380952,0.019047619047619,False,True,False,False,1,1,1,1,0.25,0.0344827586206896,13650000
0.872023288476953,0.0375375375375375,0.0185324172969228,0.0,0.0,0.0,0.0,False,False,True,False,0,0,0,0,0.125,0.1724137931034483,1680000
0.8972722394074992,0.0,0.0673171294959875,0.0,0.15625,0.0476190476190476,0.0095238095238095,False,True,False,False,1,1,1,1,0.25,0.0344827586206896,10000000
0.887511063549681,0.06006006006006,0.0619479244847295,0.0,0.09375,0.0952380952380952,0.019047619047619,True,False,False,False,0,0,0,0,0.125,0.1379310344827586,4780000
0.9422212994368522,0.0315315315315315,0.0208225083232299,0.0,0.03125,0.0476190476190476,0.0095238095238095,False,False,True,False,0,0,0,0,0.125,0.2068965517241379,4100000
0.8823323884377601,0.0,0.0837519003906625,0.05,0.0,0.0,0.0,False,False,True,False,0,0,0,0,0.125,0.1724137931034483,15020000
0.8831751370469476,0.039039039039039,0.0712429998267998,0.05,0.09375,0.0952380952380952,0.019047619047619,False,False,False,True,0,0,0,0,0.125,0.4827586206896552,8880000
0.8526621745470209,0.036036036036036,0.0639493485749475,0.0,0.09375,0.0952380952380952,0.019047619047619,False,False,True,False,0,0,0,0,0.125,0.2413793103448275,8450000
0.8857918048784086,0.0135135135135135,0.1820333698978119,0.0,0.15625,0.0952380952380952,0.0380952380952381,False,True,False,False,1,1,1,1,0.625,0.1379310344827586,24000000
0.8792065915579315,0.0675675675675675,0.055712718665204,0.0,0.125,0.0952380952380952,0.019047619047619,False,True,False,False,1,1,1,1,0.25,0.0344827586206896,7700000
0.8716869374699456,0.0225225225225225,0.0240555780074283,0.0,0.03125,0.0476190476190476,0.0095238095238095,False,False,True,False,0,0,0,0,0.125,0.3103448275862069,5300000
0.8691009162043315,0.036036036036036,0.0190905067066951,0.0,0.03125,0.0476190476190476,0.0095238095238095,False,False,False,True,0,0,0,0,0.125,0.4482758620689654,2750000
0.7854586073491987,0.06006006006006,0.0310798067855974,0.0,0.09375,0.0952380952380952,0.0285714285714285,False,True,False,False,1,1,1,1,0.25,0.0344827586206896,3000000
0.8766530452917891,0.0135135135135135,0.1439100898716394,0.1,0.09375,0.0952380952380952,0.019047619047619,False,False,False,True,0,0,0,0,0.125,0.3448275862068965,23440000
0.9044767795774646,0.027027027027027,0.2878009352808729,0.15,0.125,0.0476190476190476,0.019047619047619,False,False,True,False,0,0,0,0,0.125,0.2413793103448275,20380000
0.8779306000466534,0.036036036036036,0.0220156649923984,0.0,0.0,0.0,0.0,False,False,False,True,0,0,0,0,0.125,0.3793103448275862,1950000
0.881559145288378,0.042042042042042,0.0366414564209148,0.0,0.03125,0.0476190476190476,0.0095238095238095,True,False,False,False,0,0,0,0,0.125,0.1379310344827586,3800000
0.8951104797655489,0.042042042042042,0.0285587822104189,0.0,0.03125,0.0476190476190476,0.0095238095238095,False,False,True,False,0,0,0,0,0.125,0.2758620689655172,3130000
0.8658621547271537,0.0,0.056405519311818,0.0,0.09375,0.0952380952380952,0.019047619047619,True,False,False,False,0,0,0,0,0.125,0.1379310344827586,4700000
0.8729355338805647,0.0375375375375375,0.0366414564209148,0.05,0.09375,0.0952380952380952,0.019047619047619,False,False,False,True,0,0,0,0,0.125,0.5517241379310345,5820000
0.8742381838899576,0.033033033033033,0.0224582876277351,0.0,0.03125,0.0476190476190476,0.0095238095238095,False,False,False,True,0,0,0,0,0.125,0.4482758620689654,3700000
0.8068831885446173,0.0195195195195195,0.1542636106460365,0.0,0.15625,0.1428571428571428,0.0476190476190476,False,True,False,False,1,1,1,1,0.625,0.1379310344827586,18700000
0.8584063666215798,0.048048048048048,0.0658353058907299,0.0,0.09375,0.0476190476190476,0.019047619047619,True,False,False,False,0,0,0,0,0.125,0.1379310344827586,3900000
0.8642296660862598,0.009009009009009,0.0851567461462964,0.05,0.09375,0.0952380952380952,0.019047619047619,False,False,True,False,0,0,0,0,0.125,0.3103448275862069,15500000
0.8820416839931227,0.0345345345345345,0.0898716394357523,0.05,0.09375,0.0952380952380952,0.019047619047619,False,False,False,True,0,0,0,0,0.125,0.6551724137931035,11700000
0.8804641166099714,0.036036036036036,0.0432230625637472,0.05,0.03125,0.0476190476190476,0.0095238095238095,False,False,True,False,0,0,0,0,0.125,0.3103448275862069,4250000
0.848311967045845,0.006006006006006,0.0707426438042453,0.05,0.09375,0.0952380952380952,0.019047619047619,False,False,True,False,0,0,0,0,0.125,0.2068965517241379,12980000
0.951754911856483,0.015015015015015,0.1052672093605065,0.05,0.09375,0.0952380952380952,0.019047619047619,False,False,False,True,0,0,0,0,0.125,0.4137931034482758,19700000
0.9759162109865542,0.042042042042042,0.0774974501087312,0.05,0.09375,0.0952380952380952,0.019047619047619,False,False,True,False,0,0,0,0,0.125,0.1379310344827586,11500000
0.9024160790785912,0.042042042042042,0.0702037988568789,0.05,0.0625,0.0952380952380952,0.0095238095238095,True,False,False,False,0,0,0,0,0.125,0.1379310344827586,6400000
0.9765034637525218,0.045045045045045,0.0985316475184265,0.05,0.09375,0.0952380952380952,0.019047619047619,True,False,False,False,0,0,0,0,0.125,0.1379310344827586,14680000
0.8185420188599153,0.0135135135135135,0.0703577545561264,0.05,0.09375,0.0952380952380952,0.019047619047619,False,False,True,False,0,0,0,0,0.125,0.1379310344827586,10420000
0.8779306000466534,0.036036036036036,0.0160498816465562,0.0,0.0,0.0,0.0,False,False,False,True,0,0,0,0,0.125,0.3793103448275862,1650000
0.8892978643781646,0.057057057057057,0.0523449377441641,0.0,0.09375,0.0476190476190476,0.0095238095238095,True,False,False,False,0,0,0,0,0.125,0.1034482758620689,16550000
0.8679376402910464,0.0405405405405405,0.0536920501125801,0.05,0.09375,0.0952380952380952,0.019047619047619,False,False,True,False,0,0,0,0,0.125,0.1379310344827586,7050000
0.8910341922887426,0.039039039039039,0.0649885495448684,0.0,0.0625,0.0952380952380952,0.019047619047619,False,False,True,False,0,0,0,0,0.125,0.3103448275862069,7680000
0.8793807070689184,0.027027027027027,0.1100783249619921,0.05,0.125,0.0952380952380952,0.019047619047619,False,False,False,True,0,0,0,0,0.125,0.4482758620689654,17500000
0.8784736067676988,0.0375375375375375,0.1678309566422262,0.0,0.125,0.1428571428571428,0.0380952380952381,False,True,False,False,1,1,1,1,0.625,0.1379310344827586,17400000
0.7708546756354338,0.0435435435435435,0.0811923868906722,0.0,0.09375,0.0476190476190476,0.019047619047619,False,True,False,False,1,1,1,1,0.25,0.0344827586206896,4600000
0.9020622472346248,0.0225225225225225,0.0177049054134672,0.0,0.03125,0.0476190476190476,0.0095238095238095,False,False,True,False,0,0,0,0,0.125,0.1724137931034483,2820000
0.8827779501289115,0.0345345345345345,0.0408752381502222,0.0,0.0625,0.0476190476190476,0.0095238095238095,False,False,False,True,0,0,0,0,0.125,0.6896551724137931,6250000
0.7904237983622409,0.0,0.0717818447741662,0.0,0.09375,0.0952380952380952,0.019047619047619,False,True,False,False,1,1,1,1,0.25,0.0344827586206896,6500000
0.8284566749983071,0.015015015015015,0.0834247445297615,0.05,0.09375,0.0952380952380952,0.019047619047619,False,False,False,True,0,0,0,0,0.125,0.3448275862068965,14500000
0.899458496525881,0.0,0.0432038181013413,0.0,0.03125,0.0476190476190476,0.0095238095238095,False,False,True,False,0,0,0,0,0.125,0.2068965517241379,11150000
0.8842684574188979,0.048048048048048,0.0042915151165252,0.0,0.09375,0.0952380952380952,0.019047619047619,False,True,False,False,1,1,1,1,0.25,0.0344827586206896,680000
0.9698010057595924,0.0405405405405405,0.0452244866539653,0.0,0.0625,0.0476190476190476,0.0095238095238095,False,False,False,True,0,0,0,0,0.125,0.4137931034482758,8000000
0.8675004736678602,0.0465465465465465,0.0661047283644131,0.0,0.09375,0.0952380952380952,0.019047619047619,True,False,False,False,0,0,0,0,0.125,0.1379310344827586,5530000
0.8558873251306522,0.0705705705705705,0.049342801608837,0.0,0.09375,0.0952380952380952,0.019047619047619,True,False,False,False,0,0,0,0,0.125,0.1034482758620689,6180000
0.7677079637488475,0.0,0.0724361564959682,0.05,0.09375,0.0952380952380952,0.019047619047619,False,False,True,False,0,0,0,0,0.125,0.1379310344827586,8080000
0.8028070226200441,0.075075075075075,0.071493177838077,0.0,0.15625,0.0952380952380952,0.019047619047619,False,True,False,False,1,1,1,1,0.375,0.0689655172413793,10000000
0.874022993412467,0.0045045045045045,0.0440120855223909,0.0,0.03125,0.0952380952380952,0.0095238095238095,False,False,False,True,0,0,0,0,0.125,0.3793103448275862,9700000
0.8681971263718253,0.0405405405405405,0.0674518407328291,0.0,0.09375,0.0952380952380952,0.019047619047619,False,False,False,True,0,0,0,0,0.125,0.3793103448275862,8400000
0.9627985101312504,0.0,0.0363335450224198,0.0,0.0,0.0,0.0,False,False,True,False,0,0,0,0,0.125,0.2068965517241379,8600000
0.8521107159320707,0.021021021021021,0.0685102861651559,0.05,0.0625,0.0952380952380952,0.0095238095238095,False,False,False,True,0,0,0,0,0.125,0.4827586206896552,8780000
0.8892949974482747,0.06006006006006,0.0563092969997883,0.0,0.09375,0.0952380952380952,0.019047619047619,True,False,False,False,0,0,0,0,0.125,0.1379310344827586,5200000
0.8959961514046313,0.039039039039039,0.058426187864442,0.0,0.09375,0.0952380952380952,0.019047619047619,False,False,True,False,0,0,0,0,0.125,0.1724137931034483,5600000
0.8064223604054348,0.0,0.075207359082424,0.05,0.0625,0.0952380952380952,0.0095238095238095,False,False,False,True,0,0,0,0,0.125,0.4827586206896552,8600000
0.8827779501289115,0.0345345345345345,0.1118488155033389,0.05,0.09375,0.0952380952380952,0.019047619047619,False,False,False,True,0,0,0,0,0.125,0.6896551724137931,13880000
0.8711155125741641,0.0105105105105105,0.0461097319246386,0.0,0.0625,0.0952380952380952,0.019047619047619,False,False,False,True,0,0,0,0,0.125,0.3448275862068965,7750000
0.8678217513194113,0.045045045045045,0.0631988145411158,0.0,0.09375,0.0952380952380952,0.019047619047619,True,False,False,False,0,0,0,0,0.125,0.1379310344827586,4600000
0.9011327683103616,0.0465465465465465,0.0284240709735773,0.0,0.03125,0.0476190476190476,0.0095238095238095,False,False,True,False,0,0,0,0,0.125,0.1379310344827586,2180000
0.9040806097412996,0.018018018018018,0.070838866116275,0.05,0.0625,0.0952380952380952,0.019047619047619,False,False,True,False,0,0,0,0,0.125,0.2758620689655172,14300000
0.8383506038034056,0.0375375375375375,0.0475723110674903,0.0,0.0625,0.0952380952380952,0.0095238095238095,False,False,False,True,0,0,0,0,0.125,0.5172413793103449,7020000
0.9003253073150574,0.0105105105105105,0.0287319823720724,0.0,0.0,0.0,0.0,False,False,False,True,0,0,0,0,0.125,0.3793103448275862,5000000
0.8521823897277727,0.0645645645645645,0.0835787002290091,0.0,0.09375,0.0952380952380952,0.019047619047619,False,True,False,False,1,1,1,1,0.25,0.0344827586206896,8850000
0.9675174813824584,0.0075075075075075,0.0757077151049785,0.05,0.0625,0.0952380952380952,0.0095238095238095,False,False,False,True,0,0,0,0,0.125,0.7241379310344828,18000000
0.8874920815480891,0.0,0.0505552027404114,0.0,0.09375,0.0952380952380952,0.019047619047619,False,True,False,False,1,1,1,1,0.25,0.0344827586206896,5000000
0.8551099529481974,0.018018018018018,0.1068260108153878,0.05,0.09375,0.0952380952380952,0.019047619047619,False,False,False,True,0,0,0,0,0.125,0.4482758620689654,15100000
0.8320635610547242,0.078078078078078,0.1409849315859361,0.0,0.15625,0.0952380952380952,0.0285714285714285,False,True,False,False,1,1,1,1,0.5,0.1034482758620689,16500000
0.8841410003319652,0.0255255255255255,0.0293670496314685,0.0,0.03125,0.0476190476190476,0.0095238095238095,False,False,True,False,0,0,0,0,0.125,0.1034482758620689,3500000
0.8596767492911113,0.0,0.0635259704020168,0.05,0.0625,0.0952380952380952,0.0095238095238095,False,False,True,False,0,0,0,0,0.125,0.1379310344827586,11250000
0.9139964661208636,0.0435435435435435,0.085599368781633,0.05,0.09375,0.0952380952380952,0.019047619047619,False,False,True,False,0,0,0,0,0.125,0.1379310344827586,12250000
0.8904654943828518,0.0405405405405405,0.0668937513230567,0.05,0.09375,0.0952380952380952,0.019047619047619,False,False,True,False,0,0,0,0,0.125,0.2068965517241379,8200000
0.8524890670175864,0.015015015015015,0.0863691472778707,0.1,0.0625,0.0952380952380952,0.0095238095238095,False,False,False,True,0,0,0,0,0.125,0.4827586206896552,8850000
0.8088326833934047,0.0,0.0534611165637087,0.05,0.0625,0.0476190476190476,0.0095238095238095,False,False,True,False,0,0,0,0,0.125,0.3103448275862069,5130000
0.9019639097998606,0.036036036036036,0.0720320227854434,0.05,0.09375,0.0952380952380952,0.0095238095238095,False,False,True,False,0,0,0,0,0.125,0.3103448275862069,4120000
0.8910775641273858,0.045045045045045,0.0179550834247445,0.0,0.03125,0.0476190476190476,0.0095238095238095,False,False,True,False,0,0,0,0,0.125,0.2758620689655172,2400000
0.8728709088445044,0.0195195195195195,0.0253642014510324,0.0,0.0625,0.0952380952380952,0.0095238095238095,False,False,True,False,0,0,0,0,0.125,0.3103448275862069,5300000
0.9832404116156964,0.036036036036036,0.0648730827704328,0.05,0.09375,0.0952380952380952,0.019047619047619,False,False,False,True,0,0,0,0,0.125,0.5862068965517242,9000000
0.8685999764171868,0.0705705705705705,0.0539614725862633,0.0,0.1875,0.0952380952380952,0.0285714285714285,False,True,False,False,1,1,1,1,0.25,0.0344827586206896,9000000
0.9583996812830547,0.039039039039039,0.0740334468756615,0.0,0.09375,0.0952380952380952,0.019047619047619,False,False,True,False,0,0,0,0,0.125,0.1379310344827586,11300000
0.9016846010090944,0.0705705705705705,0.0545772953832534,0.0,0.125,0.0952380952380952,0.0285714285714285,False,True,False,False,1,1,1,1,0.25,0.0344827586206896,13292300
0.8764398354177843,0.0,0.0263456690337355,0.0,0.09375,0.0952380952380952,0.019047619047619,False,False,True,False,0,0,0,0,0.125,0.1379310344827586,5200000
0.9391250001991692,0.036036036036036,0.088620749379366,0.0,0.09375,0.0952380952380952,0.019047619047619,False,False,False,True,0,0,0,0,0.125,0.4827586206896552,15800000
0.8005054173520989,0.0,0.05705983103362,0.05,0.0625,0.0952380952380952,0.019047619047619,False,False,True,False,0,0,0,0,0.125,0.2413793103448275,7380000
0.9303651080786324,0.048048048048048,0.0703769990185324,0.0,0.09375,0.0952380952380952,0.019047619047619,True,False,False,False,0,0,0,0,0.125,0.1379310344827586,9680000
0.8521107159320707,0.021021021021021,0.0685102861651559,0.05,0.03125,0.0476190476190476,0.0095238095238095,False,False,False,True,0,0,0,0,0.125,0.4827586206896552,8160000
0.875751292324253,0.0045045045045045,0.0688566864884629,0.05,0.0625,0.0952380952380952,0.0095238095238095,False,False,True,False,0,0,0,0,0.125,0.3103448275862069,13550000
0.809285638349678,0.0105105105105105,0.0507091584396589,0.0,0.0625,0.0476190476190476,0.0095238095238095,False,False,False,True,0,0,0,0,0.125,0.3448275862068965,5700000
0.8390680079760671,0.027027027027027,0.0967996459018917,0.0,0.0,0.0,0.0,False,True,False,False,1,1,1,1,0.375,0.0689655172413793,8900000
0.8823323884377601,0.0,0.1014568058041298,0.1,0.0,0.0,0.0,False,False,True,False,0,0,0,0,0.125,0.1724137931034483,19820000
0.8556784513398838,0.0225225225225225,0.0725516232704039,0.05,0.09375,0.0952380952380952,0.0095238095238095,False,False,False,True,0,0,0,0,0.125,0.4137931034482758,13600000
0.9216794024597164,0.0,0.0814810538267613,0.05,0.09375,0.0952380952380952,0.019047619047619,False,False,True,False,0,0,0,0,0.125,0.2758620689655172,12000000
0.8729355338805647,0.036036036036036,0.0592344552854916,0.0,0.09375,0.0952380952380952,0.019047619047619,False,False,False,True,0,0,0,0,0.125,0.5517241379310345,8460000
0.9003253073150574,0.0105105105105105,0.0246521563420125,0.0,0.03125,0.0476190476190476,0.0095238095238095,False,False,False,True,0,0,0,0,0.125,0.3793103448275862,5100000
0.9017182055552836,0.0435435435435435,0.0572137867328676,0.0,0.09375,0.0476190476190476,0.019047619047619,True,False,False,False,0,0,0,0,0.125,0.1379310344827586,4100000
0.8929766889195605,0.0,0.0936435540673171,0.05,0.09375,0.0952380952380952,0.019047619047619,True,False,False,False,0,0,0,0,0.125,0.1379310344827586,10010000
0.9058461635030994,0.0,0.0777091391951965,0.0,0.09375,0.0952380952380952,0.019047619047619,False,True,False,False,1,1,1,1,0.25,0.0344827586206896,6200000
0.8864297639625249,0.021021021021021,0.1600177049054134,0.05,0.09375,0.0952380952380952,0.0285714285714285,False,False,False,True,0,0,0,0,0.125,0.4482758620689654,22500000
0.9791071127447708,0.018018018018018,0.1989107634278236,0.15,0.09375,0.0952380952380952,0.019047619047619,False,False,False,True,0,0,0,0,0.125,0.5862068965517242,23000000
0.8354828529561757,0.018018018018018,0.1596713045821065,0.05,0.125,0.0476190476190476,0.0380952380952381,False,True,False,False,1,1,1,1,0.5,0.1034482758620689,19200000
0.8697451659382693,0.0105105105105105,0.0883320824432769,0.05,0.09375,0.0952380952380952,0.019047619047619,False,False,False,True,0,0,0,0,0.125,0.4827586206896552,16500000
0.8411271421842912,0.042042042042042,0.0769008717741469,0.05,0.09375,0.0952380952380952,0.019047619047619,False,False,False,True,0,0,0,0,0.125,0.3793103448275862,10000000
0.8518980149912068,0.0225225225225225,0.1256278505859938,0.0,0.0,0.0,0.0,False,True,False,False,1,1,1,1,0.5,0.1034482758620689,8300000
0.7677079637488475,0.0,0.0699536208456016,0.05,0.09375,0.0952380952380952,0.019047619047619,False,False,True,False,0,0,0,0,0.125,0.1379310344827586,7300000
0.9330644729093364,0.0345345345345345,0.0821353655485633,0.0,0.09375,0.0952380952380952,0.019047619047619,False,False,False,True,0,0,0,0,0.125,0.3793103448275862,14900000
0.8526621745470209,0.0345345345345345,0.0708003771914631,0.05,0.03125,0.0476190476190476,0.019047619047619,False,False,True,False,0,0,0,0,0.25,0.2413793103448275,7920000
0.9048499813011972,0.036036036036036,0.1399072416912033,0.0,0.1875,0.1428571428571428,0.0380952380952381,False,True,False,False,1,1,1,1,0.625,0.1379310344827586,10000000
0.8072985722917849,0.0585585585585585,0.0433770182629948,0.0,0.09375,0.0476190476190476,0.0095238095238095,True,False,False,False,0,0,0,0,0.125,0.1034482758620689,2900000
0.8791554919226883,0.036036036036036,0.0993591594018821,0.0,0.09375,0.0952380952380952,0.019047619047619,False,False,True,False,0,0,0,0,0.125,0.3103448275862069,12700000
0.9005876355756754,0.0,0.0609087235148086,0.0,0.125,0.0952380952380952,0.019047619047619,True,False,False,False,0,0,0,0,0.125,0.1379310344827586,5220000
0.8799319298329067,0.006006006006006,0.0713007332140176,0.05,0.09375,0.0952380952380952,0.019047619047619,True,False,False,False,0,0,0,0,0.125,0.1379310344827586,12000000
0.8505393575828464,0.06006006006006,0.0501318245674807,0.0,0.09375,0.0952380952380952,0.0095238095238095,False,True,False,False,1,1,1,1,0.125,0.0,9500000
0.9025860735527828,0.0495495495495495,0.0423185728306679,0.0,0.0625,0.0952380952380952,0.0095238095238095,True,False,False,False,0,0,0,0,0.125,0.1379310344827586,5250000
0.8716869374699456,0.0225225225225225,0.0223043319284875,0.0,0.03125,0.0476190476190476,0.0095238095238095,False,False,True,False,0,0,0,0,0.125,0.3103448275862069,5500000
0.8834614556795657,0.042042042042042,0.0556357408155803,0.05,0.09375,0.0952380952380952,0.019047619047619,False,False,True,False,0,0,0,0,0.125,0.1724137931034483,7900000
0.8892978643781646,0.057057057057057,0.0606777899659373,0.0,0.125,0.0952380952380952,0.019047619047619,True,False,False,False,0,0,0,0,0.125,0.1379310344827586,19350000
0.8812496513193082,0.0405405405405405,0.0728787791313049,0.05,0.09375,0.0952380952380952,0.019047619047619,False,False,True,False,0,0,0,0,0.125,0.2068965517241379,8200000
0.9019639097998606,0.036036036036036,0.06849104170275,0.0,0.09375,0.0952380952380952,0.019047619047619,False,False,True,False,0,0,0,0,0.125,0.3103448275862069,8300000
0.8656569314162539,0.033033033033033,0.0866000808267421,0.0,0.0,0.0,0.0,False,True,False,False,1,1,1,1,0.5,0.1034482758620689,12000000
0.8583238465204488,0.0375375375375375,0.0682216192290668,0.0,0.125,0.1428571428571428,0.0285714285714285,False,True,False,False,1,1,1,1,0.5,0.1034482758620689,5880000
0.9013404816813876,0.042042042042042,0.042626484229163,0.0,0.09375,0.0952380952380952,0.0285714285714285,False,False,True,False,0,0,0,0,0.125,0.1379310344827586,5350000
0.8056295769107464,0.0045045045045045,0.0823470546350287,0.05,0.0625,0.0952380952380952,0.0095238095238095,False,False,False,True,0,0,0,0,0.125,0.4827586206896552,9900000
0.8823323884377601,0.0,0.0837519003906625,0.05,0.0,0.0,0.0,False,False,True,False,0,0,0,0,0.125,0.1724137931034483,15100000
0.8603199461933002,0.0225225225225225,0.0815580316763851,0.05,0.09375,0.0952380952380952,0.019047619047619,False,False,False,True,0,0,0,0,0.125,0.4137931034482758,15880000
0.809285638349678,0.0105105105105105,0.0260954910224582,0.0,0.03125,0.0476190476190476,0.0095238095238095,False,False,False,True,0,0,0,0,0.125,0.3448275862068965,2820000
0.7811473176377319,0.0,0.1295537209168061,0.0,0.125,0.0952380952380952,0.0380952380952381,False,True,False,False,1,1,1,1,0.5,0.1034482758620689,11800000
0.9062858710458386,0.0345345345345345,0.1018609395146546,0.0,0.1875,0.0952380952380952,0.0380952380952381,False,True,False,False,1,1,1,1,0.5,0.1034482758620689,10500000
0.9044392875242976,0.0225225225225225,0.0910647961049208,0.05,0.125,0.0952380952380952,0.019047619047619,False,False,False,True,0,0,0,0,0.125,0.3448275862068965,15830000
0.8676103479753579,0.0525525525525525,0.0583107210900063,0.0,0.09375,0.0952380952380952,0.019047619047619,True,False,False,False,0,0,0,0,0.125,0.1379310344827586,7190000
0.9232089715731604,0.042042042042042,0.1203548678867655,0.0,0.15625,0.0952380952380952,0.0285714285714285,False,False,True,False,0,0,0,0,0.25,0.1379310344827586,18500000
0.9694984069526812,0.042042042042042,0.069491753747859,0.05,0.09375,0.0952380952380952,0.019047619047619,False,False,False,True,0,0,0,0,0.125,0.4137931034482758,12800000
0.8815339015976349,0.027027027027027,0.0898523949733464,0.05,0.09375,0.0952380952380952,0.019047619047619,False,False,False,True,0,0,0,0,0.125,0.3448275862068965,12600000
0.8838768671697039,0.0,0.0472451552065893,0.0,0.0,0.0,0.0,True,False,False,False,0,0,0,0,0.125,0.1379310344827586,6100000
0.875751292324253,0.0045045045045045,0.093662798529723,0.05,0.09375,0.0952380952380952,0.019047619047619,False,False,True,False,0,0,0,0,0.125,0.3103448275862069,16100000
0.9391250001991692,0.0375375375375375,0.0806342974808998,0.0,0.09375,0.0952380952380952,0.019047619047619,False,False,False,True,0,0,0,0,0.125,0.4827586206896552,14900000
0.8710938023878043,0.0375375375375375,0.0178973500375267,0.0,0.03125,0.0476190476190476,0.0095238095238095,False,False,False,True,0,0,0,0,0.125,0.4482758620689654,2600000
0.8315358294364898,0.012012012012012,0.1266093181686969,0.0,0.09375,0.0952380952380952,0.0380952380952381,False,True,False,False,1,1,1,1,0.5,0.1034482758620689,14500000
0.881466826262681,0.0135135135135135,0.027519581240498,0.05,0.0,0.0,0.0,False,False,True,False,0,0,0,0,0.125,0.3103448275862069,5260000
0.8687913296807608,0.0075075075075075,0.1313434559205588,0.1,0.09375,0.0952380952380952,0.019047619047619,False,False,False,True,0,0,0,0,0.125,0.4827586206896552,17800000
0.8531612780111004,0.0315315315315315,0.1161403306198641,0.0,0.0,0.0,0.0,False,True,False,False,1,1,1,1,0.375,0.0689655172413793,12600000
0.9015536548029672,0.0,0.0856571021688509,0.0,0.125,0.0952380952380952,0.019047619047619,False,False,False,True,0,0,0,0,0.125,0.3793103448275862,12580000
0.8831751370469476,0.039039039039039,0.0762465600523449,0.05,0.125,0.0952380952380952,0.019047619047619,False,False,False,True,0,0,0,0,0.125,0.4827586206896552,11800000
0.9040228681407144,0.0225225225225225,0.0733598906914535,0.1,0.15625,0.0952380952380952,0.0380952380952381,False,True,False,False,1,1,1,1,0.625,0.1379310344827586,10250000
0.8100223071496657,0.0,0.0839635894771279,0.05,0.0625,0.0952380952380952,0.019047619047619,False,False,False,True,0,0,0,0,0.125,0.3793103448275862,12000000
0.9218669436816356,0.012012012012012,0.1274560745145584,0.1,0.125,0.0952380952380952,0.019047619047619,False,False,False,True,0,0,0,0,0.125,0.3793103448275862,23600000
0.8065117424952462,0.0465465465465465,0.091988530300406,0.0,0.125,0.0476190476190476,0.0285714285714285,False,True,False,False,1,1,1,1,0.5,0.1034482758620689,10000000
0.9791071127447708,0.0195195195195195,0.0197255739660912,0.0,0.0,0.0,0.0,False,False,False,True,0,0,0,0,0.125,0.4137931034482758,5400000
0.8605471628460464,0.0195195195195195,0.0249793122029136,0.0,0.0625,0.0476190476190476,0.0095238095238095,False,False,True,False,0,0,0,0,0.125,0.3103448275862069,5800000
0.8688209302057999,0.0255255255255255,0.0577911206050459,0.0,0.0,0.0,0.0,False,False,True,False,0,0,0,0,0.125,0.1379310344827586,8300000
0.7645812924161248,0.0,0.0656428612666705,0.05,0.09375,0.0952380952380952,0.019047619047619,False,False,True,False,0,0,0,0,0.125,0.1379310344827586,6900000
0.8946586437712654,0.0225225225225225,0.0556549852779862,0.0,0.0625,0.0952380952380952,0.019047619047619,False,False,False,True,0,0,0,0,0.125,0.9310344827586208,12340000
0.8707299115015985,0.051051051051051,0.0746107807478398,0.0,0.0,0.0,0.0,False,True,False,False,1,1,1,1,0.25,0.0344827586206896,20500000
0.8820416839931227,0.0345345345345345,0.0707618882666512,0.0,0.09375,0.0952380952380952,0.019047619047619,False,False,False,True,0,0,0,0,0.125,0.7241379310344828,10000000
0.8856651422630364,0.0,0.087292881473356,0.05,0.09375,0.0952380952380952,0.019047619047619,False,False,False,True,0,0,0,0,0.125,0.4482758620689654,14000000
0.8562079228489949,0.036036036036036,0.0905451956199603,0.0,0.09375,0.0952380952380952,0.019047619047619,False,False,False,True,0,0,0,0,0.125,0.4137931034482758,10500000
0.9050298818450244,0.0645645645645645,0.0334661201239343,0.0,0.0625,0.0476190476190476,0.0095238095238095,True,False,False,False,0,0,0,0,0.125,0.1034482758620689,6000000
0.8960355086959453,0.033033033033033,0.1068067663529819,0.05,0.125,0.0952380952380952,0.019047619047619,False,False,True,False,0,0,0,0,0.125,0.2758620689655172,16350000
0.8428313962362779,0.0,0.138656351634817,0.0,0.125,0.0952380952380952,0.0380952380952381,False,True,False,False,1,1,1,1,0.5,0.1034482758620689,18680000
0.8865966870873194,0.0495495495495495,0.1026114735484864,0.0,0.125,0.0952380952380952,0.019047619047619,True,False,False,False,0,0,0,0,0.125,0.1379310344827586,16000000
0.8752125417884713,0.045045045045045,0.0187825953082,0.0,0.03125,0.0476190476190476,0.0095238095238095,False,False,True,False,0,0,0,0,0.125,0.1379310344827586,1323198
0.8990175608398374,0.042042042042042,0.1171602871273791,0.05,0.0625,0.0476190476190476,0.0095238095238095,False,False,True,False,0,0,0,0,0.125,0.2413793103448275,7800000
0.9748794740286542,0.0,0.0750534033831764,0.0,0.0,0.0,0.0,False,True,False,False,1,1,1,1,0.25,0.0344827586206896,23500000
0.8912583637173555,0.0,0.0463021765486981,0.0,0.0625,0.0476190476190476,0.0095238095238095,False,False,True,False,0,0,0,0,0.125,0.2068965517241379,5800000
0.8890705896546933,0.0,0.071185266439582,0.0,0.09375,0.0952380952380952,0.019047619047619,False,True,False,False,1,1,1,1,0.125,0.0,17700000
0.9725018658415934,0.0015015015015015,0.0881588822816234,0.05,0.09375,0.0952380952380952,0.019047619047619,False,False,False,True,0,0,0,0,0.125,0.6896551724137931,22000000
0.8768423691292071,0.0465465465465465,0.0972037796124165,0.0,0.0625,0.0476190476190476,0.0095238095238095,False,False,False,True,0,0,0,0,0.125,0.3793103448275862,8000000
0.8671495914138347,0.0,0.0638531262629178,0.0,0.15625,0.0952380952380952,0.0285714285714285,False,True,False,False,1,1,1,1,0.25,0.0344827586206896,10800000
0.8132494833908481,0.009009009009009,0.0864076362026826,0.05,0.09375,0.0952380952380952,0.019047619047619,False,False,False,True,0,0,0,0,0.125,0.4827586206896552,9800000
0.8946586437712654,0.021021021021021,0.1038046302176548,0.05,0.125,0.0952380952380952,0.019047619047619,False,False,False,True,0,0,0,0,0.125,0.9310344827586208,21000000
0.9393515184701756,0.051051051051051,0.0606200565787194,0.0,0.28125,0.0476190476190476,0.0761904761904762,True,False,False,False,0,0,0,0,0.125,0.1379310344827586,13500000
0.8911268957702703,0.057057057057057,0.0630448588418682,0.0,0.09375,0.0952380952380952,0.0095238095238095,True,False,False,False,0,0,0,0,0.125,0.1379310344827586,5250000
0.9760129575918484,0.0105105105105105,0.1325366125897273,0.1,0.03125,0.0952380952380952,0.0095238095238095,False,False,False,True,0,0,0,0,0.125,0.5517241379310345,21500000
0.8530863955707559,0.03003003003003,0.1287839424205684,0.0,0.0,0.0,0.0,False,True,False,False,1,1,1,1,0.5,0.1034482758620689,7820000
0.969517121748737,0.039039039039039,0.0873313703981679,0.05,0.09375,0.0952380952380952,0.019047619047619,False,False,True,False,0,0,0,0,0.125,0.3103448275862069,15580000
0.952755390371351,0.0045045045045045,0.085272212920732,0.05,0.09375,0.0952380952380952,0.019047619047619,False,False,False,True,0,0,0,0,0.125,0.4827586206896552,13280000
0.870839878529921,0.045045045045045,0.088639993841772,0.0,0.125,0.0952380952380952,0.019047619047619,False,False,False,True,0,0,0,0,0.125,0.3793103448275862,6600000
0.9698010057595924,0.0405405405405405,0.0460904874622327,0.0,0.0625,0.0476190476190476,0.019047619047619,False,False,False,True,0,0,0,0,0.125,0.4137931034482758,7600000
0.8976606908249778,0.036036036036036,0.0836749225410388,0.05,0.09375,0.0952380952380952,0.019047619047619,False,False,False,True,0,0,0,0,0.125,0.3793103448275862,15300000
0.849067080310391,0.036036036036036,0.0168581490676057,0.0,0.03125,0.0476190476190476,0.0095238095238095,True,False,False,False,0,0,0,0,0.125,0.1379310344827586,860000
0.7897894855986749,0.0,0.1524738756422839,0.0,0.125,0.0952380952380952,0.0571428571428571,False,True,False,False,1,1,1,1,0.5,0.1034482758620689,23250000
0.785741344177552,0.0,0.0688759309508688,0.0,0.09375,0.0952380952380952,0.0285714285714285,False,True,False,False,1,1,1,1,0.25,0.0344827586206896,4500000
0.8120205825065625,0.0105105105105105,0.0668937513230567,0.0,0.09375,0.0952380952380952,0.019047619047619,False,False,False,True,0,0,0,0,0.125,0.4482758620689654,8600000
0.9056623558577996,0.0,0.0605430787290957,0.0,0.09375,0.0952380952380952,0.019047619047619,False,True,False,False,1,1,1,1,0.25,0.0344827586206896,5000000
0.8768822664204947,0.0585585585585585,0.0361603448607663,0.0,0.09375,0.0952380952380952,0.0095238095238095,True,False,False,False,0,0,0,0,0.125,0.1034482758620689,4600000
0.9005842580633612,0.0345345345345345,0.1416199988453322,0.0,0.15625,0.1428571428571428,0.0285714285714285,False,True,False,False,1,1,1,1,0.5,0.1034482758620689,22550000
0.9048157542840158,0.042042042042042,0.094355599176337,0.05,0.09375,0.0952380952380952,0.019047619047619,False,False,False,True,0,0,0,0,0.125,0.3793103448275862,12700000
0.8301567897599114,0.0045045045045045,0.1772414987587321,0.0,0.15625,0.0952380952380952,0.0380952380952381,False,True,False,False,1,1,1,1,0.625,0.1379310344827586,24000000
0.9780697518105796,0.0405405405405405,0.0816542539884148,0.05,0.09375,0.0952380952380952,0.019047619047619,False,False,True,False,0,0,0,0,0.125,0.2068965517241379,14000000
0.8096175042826133,0.042042042042042,0.0807112753305236,0.0,0.125,0.0952380952380952,0.0285714285714285,False,True,False,False,1,1,1,1,0.25,0.0344827586206896,7880000
0.8784559341703186,0.027027027027027,0.1053249427477243,0.05,0.09375,0.0952380952380952,0.019047619047619,False,False,False,True,0,0,0,0,0.125,0.3448275862068965,14000000
0.897472713901152,0.066066066066066,0.0443969747705097,0.0,0.09375,0.0952380952380952,0.0095238095238095,True,False,False,False,0,0,0,0,0.125,0.1034482758620689,5700000
0.8070721498846183,0.0,0.049015645747936,0.0,0.09375,0.0952380952380952,0.0095238095238095,True,False,False,False,0,0,0,0,0.125,0.1034482758620689,2800000
0.8853762351922967,0.063063063063063,0.0513827146238669,0.0,0.0625,0.0952380952380952,0.0095238095238095,True,False,False,False,0,0,0,0,0.125,0.1034482758620689,5950000
0.8056295769107464,0.003003003003003,0.0830013663568308,0.05,0.0625,0.0952380952380952,0.0095238095238095,False,False,False,True,0,0,0,0,0.125,0.4827586206896552,9500000
0.8825747203157164,0.0405405405405405,0.0655851278794526,0.05,0.0625,0.0952380952380952,0.019047619047619,False,False,False,True,0,0,0,0,0.125,0.4137931034482758,8500000
0.973840989479811,0.0,0.0216115312818736,0.0,0.125,0.1428571428571428,0.019047619047619,False,True,False,False,1,1,1,1,0.25,0.0344827586206896,4700000
0.7677079637488475,0.0,0.0705886881049977,0.05,0.09375,0.0952380952380952,0.019047619047619,False,False,True,False,0,0,0,0,0.125,0.1379310344827586,7500000
0.920489437688076,0.003003003003003,0.0658930392779477,0.05,0.0625,0.0952380952380952,0.0095238095238095,False,False,False,True,0,0,0,0,0.125,0.4827586206896552,16990000
0.8065998703904711,0.057057057057057,0.050362758116352,0.0,0.125,0.0952380952380952,0.0095238095238095,True,False,False,False,0,0,0,0,0.125,0.1034482758620689,3750000
0.9474504244261936,0.045045045045045,0.0733021573042357,0.05,0.09375,0.0952380952380952,0.019047619047619,False,False,True,False,0,0,0,0,0.125,0.1379310344827586,13300000
0.8267951265013096,0.0,0.0721474895598791,0.05,0.09375,0.0952380952380952,0.019047619047619,False,False,True,False,0,0,0,0,0.125,0.1724137931034483,8090000
0.9149938639691017,0.066066066066066,0.0957027115447529,0.0,0.09375,0.0952380952380952,0.019047619047619,False,True,False,False,1,1,1,1,0.25,0.0344827586206896,18000000
0.9743308671791908,0.042042042042042,0.0577911206050459,0.0,0.09375,0.0952380952380952,0.019047619047619,True,False,False,False,0,0,0,0,0.125,0.1379310344827586,6300000
0.8716869374699456,0.0225225225225225,0.0220156649923984,0.0,0.09375,0.0952380952380952,0.019047619047619,False,False,True,False,0,0,0,0,0.125,0.3103448275862069,5000000
0.825447951825538,0.0,0.0576179204433924,0.0,0.15625,0.0952380952380952,0.0285714285714285,False,True,False,False,1,1,1,1,0.25,0.0344827586206896,5500000
0.8966793785031655,0.0375375375375375,0.0534226276388969,0.05,0.0625,0.0476190476190476,0.0095238095238095,False,False,False,True,0,0,0,0,0.125,0.4137931034482758,9200000
0.8591288581984884,0.012012012012012,0.0601389450185709,0.05,0.09375,0.0952380952380952,0.019047619047619,False,False,False,True,0,0,0,0,0.125,0.4827586206896552,13500000
0.9100481392815424,0.0,0.0618324577102938,0.05,0.0625,0.0952380952380952,0.0095238095238095,False,False,True,False,0,0,0,0,0.125,0.2758620689655172,13600000
0.884173380174758,0.0,0.0639108596501356,0.05,0.0625,0.0952380952380952,0.0095238095238095,False,False,True,False,0,0,0,0,0.125,0.3103448275862069,13160000
0.8038437236967582,0.045045045045045,0.1592094374843638,0.0,0.1875,0.238095238095238,0.0285714285714285,False,True,False,False,1,1,1,1,0.375,0.0689655172413793,17300000
0.914302519087272,0.0315315315315315,0.0887169716913958,0.05,0.09375,0.0952380952380952,0.019047619047619,False,False,True,False,0,0,0,0,0.125,0.1379310344827586,13100000
0.8742381838899576,0.033033033033033,0.0242480226314877,0.0,0.03125,0.0476190476190476,0.0095238095238095,False,False,False,True,0,0,0,0,0.125,0.4482758620689654,3950000
0.8763627932807196,0.0345345345345345,0.1019764062890903,0.05,0.125,0.0952380952380952,0.019047619047619,False,False,True,False,0,0,0,0,0.125,0.2758620689655172,19500000
0.8618311547411395,0.0405405405405405,0.0654889055674229,0.0,0.09375,0.0952380952380952,0.019047619047619,False,False,True,False,0,0,0,0,0.125,0.2068965517241379,6300000
0.8820416839931227,0.0345345345345345,0.041625772184054,0.0,0.0625,0.0476190476190476,0.0095238095238095,False,False,False,True,0,0,0,0,0.125,0.7241379310344828,6100000
0.8524890670175864,0.0165165165165165,0.0709928218155225,0.05,0.09375,0.0952380952380952,0.019047619047619,False,False,False,True,0,0,0,0,0.125,0.4827586206896552,9000000
0.8505655510824681,0.006006006006006,0.1085002790447048,0.1,0.09375,0.0952380952380952,0.019047619047619,False,False,False,True,0,0,0,0,0.125,0.4137931034482758,16200000
0.9698010057595924,0.0405405405405405,0.0571560533456497,0.0,0.09375,0.0952380952380952,0.019047619047619,False,False,False,True,0,0,0,0,0.125,0.4137931034482758,11100000
0.8909372381886556,0.0,0.0258838019359929,0.0,0.03125,0.0476190476190476,0.0095238095238095,False,False,True,False,0,0,0,0,0.125,0.2068965517241379,3450000
0.81049387085082,0.021021021021021,0.0156457479360314,0.0,0.03125,0.0476190476190476,0.0095238095238095,False,False,True,False,0,0,0,0,0.125,0.1724137931034483,1100000
0.9019639097998606,0.0375375375375375,0.081577276138791,0.05,0.09375,0.0952380952380952,0.019047619047619,False,False,True,False,0,0,0,0,0.125,0.1379310344827586,6750000
0.8551099529481974,0.021021021021021,0.1085387679695167,0.05,0.09375,0.0952380952380952,0.019047619047619,False,False,False,True,0,0,0,0,0.125,0.3793103448275862,15120000
0.8804321586275137,0.0315315315315315,0.0762465600523449,0.05,0.09375,0.0952380952380952,0.019047619047619,False,False,True,False,0,0,0,0,0.125,0.2413793103448275,9500000
0.9650053468410532,0.048048048048048,0.0994938706387237,0.0,0.125,0.0952380952380952,0.0285714285714285,False,True,False,False,1,1,1,1,0.5,0.1034482758620689,22500000
0.8620123451654536,0.039039039039039,0.0294440274810923,0.0,0.0,0.0,0.0,False,False,True,False,0,0,0,0,0.125,0.1379310344827586,3580000
0.8970041717999777,0.0195195195195195,0.040605815676539,0.05,0.03125,0.0476190476190476,0.0095238095238095,False,False,True,False,0,0,0,0,0.125,0.2758620689655172,7000000
0.9606084181047834,0.06006006006006,0.0593114331351153,0.0,0.125,0.0952380952380952,0.019047619047619,False,True,False,False,1,1,1,1,0.25,0.0344827586206896,21200000
0.8939585345655416,0.042042042042042,0.0592729442103034,0.0,0.0625,0.0476190476190476,0.019047619047619,False,False,True,False,0,0,0,0,0.25,0.2068965517241379,12500000
0.8064223604054348,0.0,0.0796335854357908,0.05,0.0625,0.0476190476190476,0.0095238095238095,False,False,False,True,0,0,0,0,0.125,0.4827586206896552,6200000
0.9040867069671208,0.0585585585585585,0.05573196312761,0.0,0.09375,0.0952380952380952,0.019047619047619,True,False,False,False,0,0,0,0,0.125,0.1379310344827586,5500000
0.838653261283298,0.0255255255255255,0.1016684948905952,0.05,0.125,0.0952380952380952,0.019047619047619,False,False,True,False,0,0,0,0,0.125,0.3103448275862069,16380000
0.9148053439925832,0.0135135135135135,0.0837134114658506,0.05,0.09375,0.0952380952380952,0.019047619047619,False,False,False,True,0,0,0,0,0.125,0.4482758620689654,23390000
0.9507919646031268,0.009009009009009,0.079575852048573,0.05,0.0625,0.0952380952380952,0.0095238095238095,False,False,False,True,0,0,0,0,0.125,0.896551724137931,19800000
0.9019639097998606,0.036036036036036,0.071839578161384,0.05,0.0625,0.0952380952380952,0.0095238095238095,True,False,False,False,0,0,0,0,0.125,0.1379310344827586,5000000
0.964742868866864,0.015015015015015,0.0367761676577564,0.05,0.09375,0.0952380952380952,0.019047619047619,False,False,False,True,0,0,0,0,0.125,0.4827586206896552,10530000
0.8765594470310987,0.039039039039039,0.0661047283644131,0.0,0.09375,0.0952380952380952,0.019047619047619,False,False,False,True,0,0,0,0,0.125,0.3793103448275862,9680000
0.9166940437328606,0.0135135135135135,0.0897176837365048,0.05,0.09375,0.0952380952380952,0.019047619047619,False,False,False,True,0,0,0,0,0.125,0.4827586206896552,20480000
0.8523138541421531,0.0,0.1151203741123491,0.05,0.09375,0.0952380952380952,0.019047619047619,False,False,False,True,0,0,0,0,0.125,0.3793103448275862,23000000
0.8729355338805647,0.036036036036036,0.0188788176202297,0.0,0.03125,0.0476190476190476,0.0095238095238095,False,False,False,True,0,0,0,0,0.125,0.5517241379310345,2600000
0.8823323884377601,0.0,0.0863691472778707,0.0,0.03125,0.0476190476190476,0.0095238095238095,False,False,True,False,0,0,0,0,0.125,0.1724137931034483,16850000
0.9627217538307492,0.0435435435435435,0.1110597925446952,0.0,0.15625,0.0952380952380952,0.0285714285714285,False,True,False,False,1,1,1,1,0.375,0.0689655172413793,24120000
0.8599763243013854,0.039039039039039,0.072513134345592,0.05,0.09375,0.0952380952380952,0.019047619047619,False,False,True,False,0,0,0,0,0.125,0.2413793103448275,9980000
0.8596974750407185,0.0195195195195195,0.0328310528645382,0.05,0.0625,0.0952380952380952,0.0095238095238095,False,False,True,False,0,0,0,0,0.125,0.3103448275862069,7300000
0.81049387085082,0.021021021021021,0.0157997036352789,0.05,0.03125,0.0476190476190476,0.0095238095238095,False,False,True,False,0,0,0,0,0.125,0.1724137931034483,1130000
0.8764560833903658,0.0,0.0602544117930065,0.0,0.09375,0.0952380952380952,0.019047619047619,False,True,False,False,1,1,1,1,0.25,0.0344827586206896,10500000
0.7912090683297777,0.0405405405405405,0.0808074976425533,0.05,0.0625,0.0476190476190476,0.0095238095238095,False,False,True,False,0,0,0,0,0.125,0.3103448275862069,5200000
0.9000186107693366,0.045045045045045,0.061081923676462,0.0,0.09375,0.0952380952380952,0.019047619047619,False,False,True,False,0,0,0,0,0.125,0.2068965517241379,8000000
0.9019639097998606,0.0345345345345345,0.0470911995073417,0.0,0.09375,0.0952380952380952,0.0095238095238095,True,False,False,False,0,0,0,0,0.125,0.1379310344827586,3800000
0.9618360092282215,0.0405405405405405,0.0734176240786713,0.05,0.09375,0.0952380952380952,0.019047619047619,False,False,True,False,0,0,0,0,0.125,0.2068965517241379,15400000
0.938048857791074,0.0,0.0441852856840444,0.0,0.09375,0.0952380952380952,0.019047619047619,True,False,False,False,0,0,0,0,0.125,0.1379310344827586,6300000
0.7677079637488475,0.0,0.0724361564959682,0.05,0.09375,0.0952380952380952,0.019047619047619,False,False,True,False,0,0,0,0,0.125,0.1379310344827586,8000000
0.8712368941824025,0.042042042042042,0.0655466389546408,0.05,0.09375,0.0952380952380952,0.019047619047619,False,False,False,True,0,0,0,0,0.125,0.3793103448275862,7800000
0.905804194696742,0.0,0.0622173469584127,0.0,0.0625,0.0952380952380952,0.019047619047619,True,False,False,False,0,0,0,0,0.125,0.1379310344827586,9430000
0.8296271102825585,0.042042042042042,0.0653157054057694,0.0,0.09375,0.0952380952380952,0.019047619047619,False,False,True,False,0,0,0,0,0.125,0.2068965517241379,5500000
0.9063891099646356,0.06006006006006,0.042953640090064,0.0,0.09375,0.0952380952380952,0.0095238095238095,True,False,False,False,0,0,0,0,0.125,0.1379310344827586,5600000
0.871759922400031,0.036036036036036,0.0607355233531551,0.05,0.0625,0.0476190476190476,0.0095238095238095,False,False,False,True,0,0,0,0,0.125,0.7931034482758621,5100000
0.974539827614592,0.0,0.0605045898042838,0.0,0.15625,0.0952380952380952,0.0095238095238095,False,True,False,False,1,1,1,1,0.25,0.0344827586206896,17850000
0.9125991784463564,0.0345345345345345,0.0290783826953794,0.0,0.03125,0.0476190476190476,0.0095238095238095,False,False,True,False,0,0,0,0,0.125,0.2758620689655172,3650000
0.973840989479811,0.0,0.0648538383080268,0.0,0.125,0.0952380952380952,0.019047619047619,False,True,False,False,1,1,1,1,0.25,0.0344827586206896,15300000
0.7702291620268227,0.0405405405405405,0.0533264053268671,0.05,0.09375,0.0952380952380952,0.0095238095238095,True,False,False,False,0,0,0,0,0.125,0.1379310344827586,3900000
0.980352658257857,0.0345345345345345,0.1389065296460943,0.0,0.1875,0.0952380952380952,0.0380952380952381,False,True,False,False,1,1,1,1,0.625,0.1379310344827586,19400000
0.8909586017622928,0.039039039039039,0.0218809537555568,0.0,0.0,0.0,0.0,False,False,False,True,0,0,0,0,0.125,0.3793103448275862,3450000
0.9125991784463564,0.0345345345345345,0.4714123510959721,0.2,0.09375,0.0952380952380952,0.019047619047619,False,False,True,False,0,0,0,0,0.125,0.2758620689655172,24000000
0.951754911856483,0.0165165165165165,0.1120605045898042,0.05,0.09375,0.0952380952380952,0.019047619047619,False,False,False,True,0,0,0,0,0.125,0.4482758620689654,25100000
0.7739069147033035,0.0375375375375375,0.0743798471989685,0.05,0.09375,0.0476190476190476,0.0095238095238095,False,False,True,False,0,0,0,0,0.125,0.2413793103448275,5500000
0.871759922400031,0.0375375375375375,0.144371956969382,0.1,0.125,0.0952380952380952,0.0285714285714285,False,False,False,True,0,0,0,0,0.125,0.7931034482758621,17160000
0.914302519087272,0.033033033033033,0.0769393606989588,0.05,0.09375,0.0952380952380952,0.019047619047619,False,False,True,False,0,0,0,0,0.125,0.1379310344827586,12400000
0.8181594273192445,0.0405405405405405,0.0682023747666608,0.0,0.1875,0.0476190476190476,0.0571428571428571,False,False,True,False,0,0,0,0,0.125,0.1379310344827586,5800000
0.9639875851140688,0.015015015015015,0.1016492504281892,0.05,0.125,0.0952380952380952,0.019047619047619,False,False,False,True,0,0,0,0,0.125,0.4482758620689654,25300000
0.8823323884377601,0.0,0.0780170505936916,0.05,0.0,0.0,0.0,False,False,True,False,0,0,0,0,0.125,0.1724137931034483,14270000
0.9013966852635916,0.036036036036036,0.0928930200334853,0.05,0.125,0.0952380952380952,0.019047619047619,False,False,True,False,0,0,0,0,0.125,0.2068965517241379,9700000
0.9019639097998606,0.036036036036036,0.0613898350749571,0.05,0.09375,0.0952380952380952,0.019047619047619,False,False,True,False,0,0,0,0,0.125,0.3103448275862069,6000000
0.909575699195841,0.039039039039039,0.0676442853568885,0.05,0.09375,0.0952380952380952,0.0095238095238095,False,False,True,False,0,0,0,0,0.125,0.2413793103448275,10800000
0.8663372842086119,0.0255255255255255,0.0791332294132363,0.05,0.09375,0.0952380952380952,0.019047619047619,False,False,False,True,0,0,0,0,0.125,0.4482758620689654,14500000
0.8942958663591014,0.045045045045045,0.0610241902892442,0.0,0.125,0.0952380952380952,0.019047619047619,False,False,True,False,0,0,0,0,0.375,0.2068965517241379,1800000
0.8520484265145853,0.03003003003003,0.1176029097627157,0.0,0.0,0.0,0.0,False,True,False,False,1,1,1,1,0.5,0.1034482758620689,8900000
0.9121615702494524,0.0735735735735735,0.0574832092065508,0.0,0.25,0.0952380952380952,0.0285714285714285,False,True,False,False,1,1,1,1,0.25,0.0344827586206896,5500000
0.8982266187339576,0.0435435435435435,0.056059118988511,0.0,0.09375,0.0952380952380952,0.019047619047619,False,False,True,False,0,0,0,0,0.125,0.2068965517241379,6000000
0.8729355338805647,0.036036036036036,0.0172045493909127,0.0,0.0,0.0,0.0,False,False,False,True,0,0,0,0,0.125,0.5517241379310345,2250000
0.9013404816813876,0.0405405405405405,0.039258703308123,0.0,0.09375,0.0952380952380952,0.0285714285714285,False,False,True,False,0,0,0,0,0.125,0.1379310344827586,5700000
0.8521107159320707,0.0225225225225225,0.0605815676539075,0.05,0.03125,0.0476190476190476,0.0095238095238095,False,False,False,True,0,0,0,0,0.125,0.4827586206896552,8500000
0.8983374825695023,0.0405405405405405,0.094355599176337,0.05,0.125,0.0952380952380952,0.0095238095238095,False,False,True,False,0,0,0,0,0.125,0.2068965517241379,13550000
0.8643961707628591,0.0435435435435435,0.0259607797856166,0.0,0.03125,0.0476190476190476,0.0095238095238095,False,False,True,False,0,0,0,0,0.125,0.1379310344827586,2700000
0.8909586017622928,0.042042042042042,0.0219579316051806,0.0,0.03125,0.0476190476190476,0.0095238095238095,False,False,False,True,0,0,0,0,0.125,0.3793103448275862,3850000
0.9238131613902852,0.039039039039039,0.0655658834170467,0.0,0.03125,0.0952380952380952,0.019047619047619,False,False,False,True,0,0,0,0,0.25,0.4137931034482758,10508000
0.9302706078790663,0.0555555555555555,0.0561553413005407,0.0,0.09375,0.0952380952380952,0.019047619047619,True,False,False,False,0,0,0,0,0.125,0.1379310344827586,7760000
0.8344870988327671,0.0,0.1167561534168543,0.0,0.125,0.1428571428571428,0.0285714285714285,False,True,False,False,1,1,1,1,0.25,0.0344827586206896,14700000
0.8605471628460464,0.0195195195195195,0.0249600677405076,0.0,0.0625,0.0476190476190476,0.0095238095238095,False,False,True,False,0,0,0,0,0.125,0.3103448275862069,6250000
0.8214002565516125,0.018018018018018,0.1706598926158997,0.0,0.15625,0.1428571428571428,0.0380952380952381,False,True,False,False,1,1,1,1,0.375,0.0689655172413793,21300000
0.8307615477907291,0.0645645645645645,0.0652194830937397,0.0,0.1875,0.1428571428571428,0.0380952380952381,False,True,False,False,1,1,1,1,0.25,0.0344827586206896,6500000
0.8419501875487185,0.0135135135135135,0.0696841983719184,0.05,0.09375,0.0952380952380952,0.019047619047619,False,False,True,False,0,0,0,0,0.125,0.1724137931034483,13100000
0.7670477154055391,0.0,0.0673171294959875,0.05,0.09375,0.0952380952380952,0.019047619047619,False,False,True,False,0,0,0,0,0.125,0.1379310344827586,8400000
0.9222843682624102,0.039039039039039,0.0576179204433924,0.05,0.0625,0.0952380952380952,0.0095238095238095,False,False,True,False,0,0,0,0,0.125,0.2068965517241379,7450000
0.8413345208290082,0.009009009009009,0.0760348709658795,0.05,0.0625,0.0952380952380952,0.0095238095238095,False,False,False,True,0,0,0,0,0.125,0.4137931034482758,11150000
0.8823323884377601,0.0,0.0757846929546023,0.0,0.03125,0.0476190476190476,0.0095238095238095,False,False,True,False,0,0,0,0,0.125,0.1724137931034483,22000000
0.8151231460701922,0.039039039039039,0.1288994091950041,0.0,0.125,0.0952380952380952,0.0285714285714285,False,True,False,False,1,1,1,1,0.5,0.1034482758620689,13200000
0.881466826262681,0.0135135135135135,0.0322729634547658,0.05,0.03125,0.0476190476190476,0.0095238095238095,False,False,True,False,0,0,0,0,0.125,0.3103448275862069,5450000
0.8447117232694268,0.033033033033033,0.0695302426726709,0.05,0.09375,0.0952380952380952,0.019047619047619,False,False,True,False,0,0,0,0,0.125,0.2413793103448275,9500000
0.951754911856483,0.015015015015015,0.1113677039431903,0.05,0.09375,0.0952380952380952,0.019047619047619,False,False,False,True,0,0,0,0,0.125,0.4137931034482758,21350000
0.8909372381886556,0.0,0.0762658045147508,0.1,0.09375,0.0952380952380952,0.019047619047619,False,False,True,False,0,0,0,0,0.125,0.2068965517241379,14800000
0.8523710616489382,0.03003003003003,0.0468795104208763,0.0,0.0,0.0,0.0,True,False,False,False,0,0,0,0,0.125,0.1379310344827586,2744000
0.8748980974710321,0.063063063063063,0.0678944633681658,0.0,0.0,0.0,0.0,False,True,False,False,1,1,1,1,0.375,0.0689655172413793,12300000
0.8505655510824681,0.009009009009009,0.0792679406500779,0.05,0.0625,0.0952380952380952,0.0095238095238095,False,False,False,True,0,0,0,0,0.125,0.4482758620689654,11750000
0.8775160855595345,0.0795795795795795,0.0981852471951196,0.0,0.15625,0.0952380952380952,0.0380952380952381,False,True,False,False,1,1,1,1,0.5,0.1034482758620689,9500000
0.938048857791074,0.057057057057057,0.0441852856840444,0.0,0.09375,0.0952380952380952,0.019047619047619,True,False,False,False,0,0,0,0,0.125,0.1379310344827586,10600000
0.8499160160754684,0.036036036036036,0.0182822392856455,0.0,0.03125,0.0476190476190476,0.0095238095238095,True,False,False,False,0,0,0,0,0.125,0.1034482758620689,1100000
0.8831576046630119,0.027027027027027,0.0937397763793468,0.05,0.09375,0.0952380952380952,0.019047619047619,False,False,False,True,0,0,0,0,0.125,0.4137931034482758,13000000
0.9019639097998606,0.036036036036036,0.0693570425110174,0.05,0.09375,0.0476190476190476,0.0095238095238095,False,False,True,False,0,0,0,0,0.125,0.2758620689655172,4400000
0.8747592683729977,0.021021021021021,0.0337162981352115,0.0,0.03125,0.0476190476190476,0.0095238095238095,False,False,False,True,0,0,0,0,0.125,0.3448275862068965,7300000
0.7848551683116796,0.0,0.0621788580336008,0.0,0.125,0.0952380952380952,0.019047619047619,False,True,False,False,1,1,1,1,0.25,0.0344827586206896,4500000
0.8518123653660723,0.018018018018018,0.1496641841310163,0.0,0.125,0.1428571428571428,0.0571428571428571,False,True,False,False,1,1,1,1,0.625,0.1379310344827586,22400000
0.8899351006444647,0.0405405405405405,0.0605238342666897,0.0,0.09375,0.0952380952380952,0.019047619047619,False,False,True,False,0,0,0,0,0.125,0.2068965517241379,13250000
0.875993196956955,0.045045045045045,0.024844600966072,0.0,0.03125,0.0476190476190476,0.0095238095238095,False,False,False,True,0,0,0,0,0.125,0.3793103448275862,3200000
0.8966793785031655,0.036036036036036,0.1031695629582587,0.1,0.125,0.0952380952380952,0.019047619047619,False,False,False,True,0,0,0,0,0.125,0.4137931034482758,13450000
0.9019639097998606,0.036036036036036,0.0811731424282662,0.05,0.09375,0.0952380952380952,0.019047619047619,True,False,False,False,0,0,0,0,0.125,0.1379310344827586,5500000
0.8617100554662329,0.039039039039039,0.0665281065373438,0.05,0.09375,0.0952380952380952,0.019047619047619,False,False,True,False,0,0,0,0,0.125,0.2068965517241379,9000000
0.8816492340501156,0.021021021021021,0.0444739526201335,0.0,0.0625,0.0952380952380952,0.0095238095238095,False,False,True,False,0,0,0,0,0.125,0.3103448275862069,8300000
0.860501742670607,0.039039039039039,0.0566749417855012,0.05,0.0625,0.0952380952380952,0.0095238095238095,False,False,True,False,0,0,0,0,0.125,0.1724137931034483,7100000
0.920489437688076,0.0015015015015015,0.0900063506725939,0.05,0.09375,0.0952380952380952,0.019047619047619,False,False,False,True,0,0,0,0,0.125,0.4482758620689654,21700000
0.9006411223664088,0.0105105105105105,0.0489579123607182,0.05,0.0625,0.0952380952380952,0.019047619047619,False,False,True,False,0,0,0,0,0.125,0.1379310344827586,5350000
0.8594657294463843,0.045045045045045,0.0261532244096761,0.0,0.03125,0.0476190476190476,0.0095238095238095,False,False,False,True,0,0,0,0,0.125,0.3793103448275862,4150000
0.7645812924161248,0.0,0.0640070819621653,0.05,0.09375,0.0952380952380952,0.019047619047619,False,False,True,False,0,0,0,0,0.125,0.1379310344827586,6680000
0.8909372381886556,0.0,0.0255758905374978,0.0,0.03125,0.0476190476190476,0.0095238095238095,False,False,True,False,0,0,0,0,0.125,0.2068965517241379,3260000
0.895683950666097,0.0,0.0356599888382118,0.0,0.0,0.0,0.0,True,False,False,False,0,0,0,0,0.125,0.1379310344827586,7000000
0.8800789560172859,0.045045045045045,0.04430075245848,0.0,0.0625,0.0476190476190476,0.0095238095238095,False,False,True,False,0,0,0,0,0.125,0.2068965517241379,5000000
0.9006129578306172,0.057057057057057,0.0520947597328868,0.0,0.09375,0.0952380952380952,0.019047619047619,True,False,False,False,0,0,0,0,0.125,0.1379310344827586,5500000
0.8691009162043315,0.0375375375375375,0.3512114389084541,0.0,0.0,0.0,0.0,False,False,False,True,0,0,0,0,0.125,0.4482758620689654,25000000
0.8820416839931227,0.036036036036036,0.1118295710409329,0.05,0.125,0.0952380952380952,0.019047619047619,False,False,False,True,0,0,0,0,0.125,0.6551724137931035,16300000
0.8741663107673503,0.0645645645645645,0.057079075496026,0.0,0.125,0.0952380952380952,0.019047619047619,False,True,False,False,1,1,1,1,0.25,0.0344827586206896,5500000
0.8709467324336231,0.0075075075075075,0.0713392221388295,0.05,0.09375,0.0952380952380952,0.019047619047619,False,False,False,True,0,0,0,0,0.125,0.3448275862068965,12500000
0.8796202691674182,0.039039039039039,0.0819814098493158,0.0,0.09375,0.0476190476190476,0.019047619047619,False,False,True,False,0,0,0,0,0.125,0.2068965517241379,6000000
0.8820270846896392,0.0,0.0261917133344879,0.0,0.125,0.0952380952380952,0.019047619047619,False,True,False,False,1,1,1,1,0.375,0.0689655172413793,5383334
0.993809665578624,0.036036036036036,0.1259934953717068,0.05,0.125,0.0952380952380952,0.019047619047619,False,False,False,True,0,0,0,0,0.125,0.5172413793103449,22880000
0.9017182055552836,0.042042042042042,0.0227854434886361,0.0,0.0,0.0,0.0,False,False,True,False,0,0,0,0,0.125,0.2068965517241379,1550000
0.8159726423340032,0.021021021021021,0.078902295864365,0.05,0.09375,0.0952380952380952,0.019047619047619,False,False,False,True,0,0,0,0,0.125,0.4482758620689654,8000000
0.9235114293191486,0.0105105105105105,0.0349864326540038,0.0,0.03125,0.0476190476190476,0.0095238095238095,False,False,False,True,0,0,0,0,0.125,0.3448275862068965,6510000
0.8982846708223065,0.0465465465465465,0.2114966418413101,0.05,0.09375,0.0952380952380952,0.019047619047619,False,False,False,True,0,0,0,0,0.125,0.3793103448275862,14580000
0.9773906041536692,0.0135135135135135,0.0764582491388103,0.05,0.0625,0.0952380952380952,0.0095238095238095,False,False,False,True,0,0,0,0,0.125,0.4482758620689654,20100000
0.8997661724532975,0.039039039039039,0.1078459673229028,0.0,0.125,0.0952380952380952,0.0380952380952381,False,True,False,False,1,1,1,1,0.625,0.1379310344827586,7500000
0.9017182055552836,0.042042042042042,0.0229201547254777,0.0,0.0,0.0,0.0,False,False,True,False,0,0,0,0,0.125,0.2068965517241379,2700000
0.912259812063553,0.0555555555555555,0.0721090006350672,0.0,0.09375,0.0952380952380952,0.019047619047619,True,False,False,False,0,0,0,0,0.125,0.1379310344827586,6800000
0.780448608117382,0.0525525525525525,0.0620249023343532,0.0,0.125,0.0952380952380952,0.019047619047619,False,True,False,False,1,1,1,1,0.25,0.0344827586206896,7100000
0.8888797506816672,0.0645645645645645,0.0812693647402959,0.0,0.09375,0.1428571428571428,0.0285714285714285,False,True,False,False,1,1,1,1,0.375,0.0689655172413793,22000000
0.978466341434256,0.018018018018018,0.0703962434809383,0.0,0.0625,0.0952380952380952,0.0095238095238095,False,False,False,True,0,0,0,0,0.125,0.3793103448275862,18280000
0.9627985101312504,0.0,0.0363335450224198,0.0,0.0,0.0,0.0,False,False,True,False,0,0,0,0,0.125,0.2068965517241379,8000000
0.884173380174758,0.0,0.1171410426649731,0.1,0.09375,0.0952380952380952,0.019047619047619,False,False,True,False,0,0,0,0,0.125,0.3103448275862069,22580000
0.8524890670175864,0.0165165165165165,0.1292073205934992,0.1,0.125,0.0952380952380952,0.019047619047619,False,False,False,True,0,0,0,0,0.125,0.4827586206896552,16300000
0.848311967045845,0.006006006006006,0.0759001597290379,0.05,0.09375,0.0476190476190476,0.019047619047619,False,False,True,False,0,0,0,0,0.125,0.2068965517241379,12290000
0.927535432714052,0.045045045045045,0.0876777707214749,0.0,0.125,0.0952380952380952,0.019047619047619,False,True,False,False,1,1,1,1,0.375,0.0689655172413793,13000000
0.959702220868877,0.042042042042042,0.0712237553643938,0.05,0.09375,0.0952380952380952,0.019047619047619,False,False,True,False,0,0,0,0,0.125,0.1724137931034483,12700000
0.9163234300651766,0.063063063063063,0.0838288782402863,0.0,0.28125,0.1428571428571428,0.0285714285714285,False,True,False,False,1,1,1,1,0.25,0.0344827586206896,3800000
0.8629035934013984,0.042042042042042,0.0573484979697092,0.0,0.0625,0.0952380952380952,0.0095238095238095,False,False,True,False,0,0,0,0,0.125,0.2068965517241379,8600000
0.8534820924107294,0.0,0.0695109982102649,0.05,0.09375,0.0952380952380952,0.019047619047619,False,False,True,False,0,0,0,0,0.125,0.1379310344827586,8300000
0.9330644729093364,0.036036036036036,0.0821353655485633,0.0,0.09375,0.0952380952380952,0.019047619047619,False,False,False,True,0,0,0,0,0.125,0.3793103448275862,14500000
0.90736171879351,0.0195195195195195,0.0422608394434501,0.05,0.03125,0.0476190476190476,0.0095238095238095,False,False,True,False,0,0,0,0,0.125,0.2068965517241379,4600000
0.8789236805039593,0.0,0.0881396378192175,0.05,0.09375,0.0952380952380952,0.019047619047619,False,False,False,True,0,0,0,0,0.125,0.3448275862068965,13600000
0.8737109556969926,0.0225225225225225,0.1291303427438754,0.0,0.0,0.0,0.0,False,True,False,False,1,1,1,1,0.375,0.0689655172413793,18500000
0.9942997234088295,0.015015015015015,0.0772665165598598,0.05,0.09375,0.0476190476190476,0.0285714285714285,False,False,True,False,0,0,0,0,0.125,0.2068965517241379,10920000
0.8839297370578265,0.033033033033033,0.0887169716913958,0.05,0.09375,0.0952380952380952,0.019047619047619,False,False,False,True,0,0,0,0,0.125,0.6551724137931035,13000000
0.8819716120210046,0.0375375375375375,0.0435117294998364,0.05,0.03125,0.0476190476190476,0.0095238095238095,False,False,True,False,0,0,0,0,0.125,0.2413793103448275,5500000
0.9914325271535632,0.048048048048048,0.025845313011181,0.0,0.0,0.0,0.0,False,False,True,False,0,0,0,0,0.125,0.2068965517241379,3500000
0.9483189461537336,0.0,0.0338125204472413,0.0,0.0625,0.0952380952380952,0.0095238095238095,True,False,False,False,0,0,0,0,0.125,0.1034482758620689,5380000
0.961138982182348,0.066066066066066,0.0570020976464022,0.0,0.09375,0.0952380952380952,0.019047619047619,False,True,False,False,1,1,1,1,0.25,0.0344827586206896,4900000
0.9058330066725376,0.0345345345345345,0.1053441872101302,0.0,0.15625,0.0952380952380952,0.0285714285714285,False,True,False,False,1,1,1,1,0.375,0.0689655172413793,10380000
0.8088326833934047,0.0,0.0689913977253045,0.05,0.0625,0.0952380952380952,0.019047619047619,False,False,True,False,0,0,0,0,0.125,0.3103448275862069,8680000
0.876405310954425,0.0135135135135135,0.1176606431499336,0.05,0.09375,0.0952380952380952,0.019047619047619,False,False,False,True,0,0,0,0,0.125,0.3448275862068965,21500000
0.8952239429120254,0.0615615615615615,0.0456286203644901,0.0,0.09375,0.0952380952380952,0.019047619047619,False,False,True,False,0,0,0,0,0.125,0.2068965517241379,8000000
0.9931102749338834,0.0255255255255255,0.0830975886688605,0.05,0.0625,0.0476190476190476,0.0095238095238095,False,False,True,False,0,0,0,0,0.125,0.3103448275862069,16500000
0.9042883508554668,0.045045045045045,0.0250370455901314,0.0,0.03125,0.0476190476190476,0.0095238095238095,False,False,True,False,0,0,0,0,0.125,0.2068965517241379,3100000
0.8812547861212181,0.036036036036036,0.0410484383118757,0.05,0.03125,0.0476190476190476,0.0095238095238095,False,False,False,True,0,0,0,0,0.125,0.3793103448275862,5300000
0.8488092306034787,0.066066066066066,0.0597348113080461,0.0,0.125,0.0952380952380952,0.019047619047619,False,True,False,False,1,1,1,1,0.25,0.0344827586206896,10500000
0.8613719318607309,0.042042042042042,0.0591189885110559,0.0,0.09375,0.0952380952380952,0.019047619047619,False,False,True,False,0,0,0,0,0.125,0.1724137931034483,8100000
0.8729153307614581,0.054054054054054,0.0515366703231145,0.0,0.0625,0.0952380952380952,0.019047619047619,True,False,False,False,0,0,0,0,0.125,0.1379310344827586,6000000
0.8411271421842912,0.0405405405405405,0.0759771375786617,0.0,0.09375,0.0476190476190476,0.019047619047619,False,False,False,True,0,0,0,0,0.125,0.3793103448275862,8880000
0.920716309163396,0.0195195195195195,0.0429921290148759,0.05,0.15625,0.0952380952380952,0.019047619047619,False,False,True,False,0,0,0,0,0.125,0.3103448275862069,9390000
0.8827304214912886,0.0,0.0600234782441352,0.05,0.0625,0.0952380952380952,0.0095238095238095,False,False,False,True,0,0,0,0,0.125,0.3448275862068965,10660000
0.8704442749563839,0.0,0.0421646171314204,0.0,0.0625,0.0952380952380952,0.0095238095238095,False,False,True,False,0,0,0,0,0.125,0.1379310344827586,5150000
0.8558062590897464,0.0405405405405405,0.1260127398341127,0.0,0.125,0.1428571428571428,0.019047619047619,False,True,False,False,1,1,1,1,0.25,0.0344827586206896,3734250
0.8499160160754684,0.036036036036036,0.0223043319284875,0.0,0.09375,0.0952380952380952,0.019047619047619,False,False,True,False,0,0,0,0,0.125,0.3103448275862069,1350000
0.8099840576604436,0.0045045045045045,0.039951503954737,0.0,0.0625,0.0952380952380952,0.0095238095238095,False,False,False,True,0,0,0,0,0.125,0.4482758620689654,6500000
0.8597743523555152,0.069069069069069,0.0781902507553451,0.0,0.1875,0.0952380952380952,0.019047619047619,False,True,False,False,1,1,1,1,0.25,0.0344827586206896,16750000
0.9791071127447708,0.0195195195195195,0.0384696803494794,0.05,0.03125,0.0476190476190476,0.0095238095238095,False,False,False,True,0,0,0,0,0.125,0.4137931034482758,9080000
0.8944883552829026,0.0375375375375375,0.0574447202817389,0.05,0.09375,0.0476190476190476,0.0095238095238095,False,False,True,False,0,0,0,0,0.125,0.2068965517241379,7700000
0.9698010057595924,0.0405405405405405,0.0515174258607085,0.05,0.0625,0.0952380952380952,0.0095238095238095,False,False,False,True,0,0,0,0,0.125,0.4137931034482758,11680000
0.7768904676475472,0.009009009009009,0.1381944845370744,0.0,0.125,0.0952380952380952,0.0380952380952381,False,True,False,False,1,1,1,1,0.5,0.1034482758620689,17430000
0.901081328535696,0.024024024024024,0.0222081096164578,0.0,0.03125,0.0476190476190476,0.0095238095238095,False,False,True,False,0,0,0,0,0.125,0.3103448275862069,3500000
0.8812446875843989,0.0765765765765765,0.0473798664434309,0.0,0.125,0.0952380952380952,0.019047619047619,False,True,False,False,1,1,1,1,0.25,0.0344827586206896,10000000
0.9020622472346248,0.021021021021021,0.0172430383157246,0.0,0.03125,0.0476190476190476,0.0095238095238095,False,False,True,False,0,0,0,0,0.125,0.1724137931034483,2325000
0.8132494833908481,0.009009009009009,0.0864076362026826,0.05,0.09375,0.0952380952380952,0.019047619047619,False,False,False,True,0,0,0,0,0.125,0.4827586206896552,9860000
0.9725018658415934,0.003003003003003,0.097030579450763,0.05,0.09375,0.0952380952380952,0.019047619047619,False,False,False,True,0,0,0,0,0.125,0.6896551724137931,25500000
0.8920865302655727,0.0465465465465465,0.080557319631276,0.0,0.09375,0.0952380952380952,0.019047619047619,False,False,True,False,0,0,0,0,0.125,0.2068965517241379,7350000
0.8088326833934047,0.0,0.0689913977253045,0.05,0.0625,0.0476190476190476,0.0095238095238095,False,False,True,False,0,0,0,0,0.125,0.3103448275862069,5018100
0.8159726423340032,0.021021021021021,0.0904104843831187,0.05,0.09375,0.0952380952380952,0.019047619047619,False,False,False,True,0,0,0,0,0.125,0.4482758620689654,10300000
0.8839297370578265,0.0315315315315315,0.0889479052402671,0.05,0.09375,0.0952380952380952,0.019047619047619,False,False,False,True,0,0,0,0,0.125,0.6896551724137931,14300000
0.8742381838899576,0.0315315315315315,0.0225160210149529,0.0,0.03125,0.0476190476190476,0.0095238095238095,False,False,False,True,0,0,0,0,0.125,0.4482758620689654,3400000
0.7926774580115818,0.0,0.1159093970709928,0.0,0.1875,0.0952380952380952,0.019047619047619,False,True,False,False,1,1,1,1,0.375,0.0689655172413793,6000000
0.9206409913078062,0.057057057057057,0.0762465600523449,0.0,0.0,0.0,0.0,True,False,False,False,0,0,0,0,0.125,0.1379310344827586,13050000
0.9019639097998606,0.0375375375375375,0.0585416546388776,0.0,0.09375,0.0952380952380952,0.019047619047619,True,False,False,False,0,0,0,0,0.125,0.1379310344827586,3980000
0.9042504507604008,0.0225225225225225,0.019802551815715,0.0,0.03125,0.0476190476190476,0.0095238095238095,False,False,True,False,0,0,0,0,0.125,0.2413793103448275,4350000
0.8558990775129871,0.0615615615615615,0.0612936127629274,0.0,0.09375,0.0952380952380952,0.019047619047619,True,False,False,False,0,0,0,0,0.125,0.1379310344827586,4200000
0.7801903924806481,0.0,0.0515751592479264,0.0,0.09375,0.0476190476190476,0.0095238095238095,False,True,False,False,1,1,1,1,0.125,0.0,6500000
0.8098732767329011,0.006006006006006,0.0899101283605642,0.05,0.09375,0.0952380952380952,0.019047619047619,False,False,False,True,0,0,0,0,0.125,0.4827586206896552,13880000
0.8795083656932263,0.0585585585585585,0.0399899928795489,0.0,0.09375,0.0952380952380952,0.019047619047619,True,False,False,False,0,0,0,0,0.125,0.1379310344827586,4500000
0.7702291620268227,0.042042042042042,0.0602736562554125,0.0,0.09375,0.0952380952380952,0.019047619047619,True,False,False,False,0,0,0,0,0.125,0.1379310344827586,3000000
0.8994017525535583,0.039039039039039,0.0257490906991513,0.0,0.03125,0.0476190476190476,0.0095238095238095,False,False,False,True,0,0,0,0,0.125,0.3793103448275862,4500000
0.8113103499487977,0.018018018018018,0.2176163808863999,0.0,0.09375,0.0952380952380952,0.019047619047619,False,True,False,False,1,1,1,1,0.375,0.0689655172413793,19600000
0.82888119171281,0.0165165165165165,0.1294382541423705,0.0,0.15625,0.0952380952380952,0.0380952380952381,False,True,False,False,1,1,1,1,0.5,0.1034482758620689,15500000
0.9442600818844368,0.0465465465465465,0.0252872236014086,0.0,0.03125,0.0476190476190476,0.0095238095238095,False,False,True,False,0,0,0,0,0.125,0.2068965517241379,3950000
0.8088326833934047,0.0,0.0696072205222947,0.05,0.0625,0.0476190476190476,0.0095238095238095,False,False,True,False,0,0,0,0,0.125,0.3103448275862069,5150000
0.881466826262681,0.015015015015015,0.0216692646690914,0.0,0.0625,0.0476190476190476,0.0095238095238095,False,False,True,False,0,0,0,0,0.125,0.3103448275862069,5750000
0.835482072799067,0.042042042042042,0.0670861959471162,0.0,0.09375,0.0952380952380952,0.019047619047619,False,False,True,False,0,0,0,0,0.125,0.2413793103448275,6280000
0.7861302375658568,0.0345345345345345,0.1110020591574774,0.0,0.15625,0.0952380952380952,0.0285714285714285,False,True,False,False,1,1,1,1,0.5,0.1034482758620689,8200000
0.9014549383001054,0.0465465465465465,0.0282893597367357,0.0,0.03125,0.0476190476190476,0.0095238095238095,False,False,False,True,0,0,0,0,0.125,0.5172413793103449,3300000
0.939086822659533,0.0405405405405405,0.1783769220406827,0.0,0.1875,0.1904761904761904,0.0380952380952381,False,True,False,False,1,1,1,1,0.5,0.1034482758620689,22500000
0.8702828686845407,0.0465465465465465,0.0871966591613263,0.05,0.125,0.0952380952380952,0.019047619047619,True,False,False,False,0,0,0,0,0.125,0.1379310344827586,11500000
0.8536898012089296,0.033033033033033,0.1531474318264919,0.0,0.40625,0.0476190476190476,0.1428571428571428,False,True,False,False,1,1,1,1,0.5,0.1034482758620689,19000000
0.8505655510824681,0.0075075075075075,0.0792679406500779,0.05,0.09375,0.0476190476190476,0.0095238095238095,False,False,False,True,0,0,0,0,0.125,0.4482758620689654,13300000
0.8043752888311815,0.042042042042042,0.196755383638358,0.05,0.125,0.1904761904761904,0.0380952380952381,False,False,True,False,0,0,0,0,0.125,0.2068965517241379,2668900
0.9728029322922112,0.0105105105105105,0.0657390835787002,0.05,0.0625,0.0952380952380952,0.019047619047619,False,False,True,False,0,0,0,0,0.125,0.2068965517241379,16050000
0.899458496525881,0.0,0.0442045301464503,0.0,0.0625,0.0476190476190476,0.0095238095238095,False,False,True,False,0,0,0,0,0.125,0.2068965517241379,11680000
0.7677079637488475,0.0,0.0715316667628889,0.05,0.09375,0.0952380952380952,0.019047619047619,False,False,True,False,0,0,0,0,0.125,0.1379310344827586,8200000
0.984656218561156,0.039039039039039,0.0688759309508688,0.0,0.09375,0.0952380952380952,0.019047619047619,False,False,False,True,0,0,0,0,0.125,0.5172413793103449,13000000
0.7901575734642847,0.039039039039039,0.1007640051575159,0.0,0.125,0.0952380952380952,0.0285714285714285,False,True,False,False,1,1,1,1,0.5,0.1034482758620689,9270000
0.8741429778040413,0.0495495495495495,0.0647576159959971,0.0,0.09375,0.0952380952380952,0.019047619047619,True,False,False,False,0,0,0,0,0.125,0.1379310344827586,7300000
0.8702925670121715,0.0,0.0491888459095895,0.0,0.0625,0.0952380952380952,0.0095238095238095,False,False,False,True,0,0,0,0,0.125,0.3793103448275862,6780000
0.9802199255853736,0.021021021021021,0.0334276311991224,0.0,0.03125,0.0476190476190476,0.0095238095238095,False,False,False,True,0,0,0,0,0.125,0.3793103448275862,8000000
0.8942796880359083,0.0405405405405405,0.0683563304659084,0.05,0.09375,0.0952380952380952,0.019047619047619,False,False,True,False,0,0,0,0,0.125,0.2413793103448275,9000000
0.9713499751145208,0.0015015015015015,0.0638146373381059,0.05,0.0625,0.0952380952380952,0.0095238095238095,False,False,False,True,0,0,0,0,0.125,0.7931034482758621,17300000
0.9171352874569152,0.039039039039039,0.1041125416161499,0.0,0.15625,0.0952380952380952,0.019047619047619,False,True,False,False,1,1,1,1,0.375,0.0689655172413793,16000000
0.9618360092282215,0.0405405405405405,0.0602544117930065,0.05,0.0625,0.0952380952380952,0.0095238095238095,False,False,True,False,0,0,0,0,0.125,0.2413793103448275,12500000
0.8605808860027935,0.0375375375375375,0.0941246656274656,0.05,0.125,0.0952380952380952,0.019047619047619,False,False,False,True,0,0,0,0,0.125,0.4137931034482758,14100000
0.8841410003319652,0.0255255255255255,0.0442815079960741,0.05,0.03125,0.0476190476190476,0.0095238095238095,False,False,True,False,0,0,0,0,0.125,0.1034482758620689,4800000
0.9236467452814452,0.0375375375375375,0.1112329927063487,0.0,0.15625,0.0952380952380952,0.0285714285714285,False,True,False,False,1,1,1,1,0.5,0.1034482758620689,14050000
0.8585089591730082,0.021021021021021,0.0816542539884148,0.05,0.09375,0.0952380952380952,0.019047619047619,False,False,False,True,0,0,0,0,0.125,0.3793103448275862,14880000
0.9003253073150574,0.0105105105105105,0.0250755345149433,0.0,0.0,0.0,0.0,False,False,False,True,0,0,0,0,0.125,0.3793103448275862,5200000
0.8549603567988981,0.0345345345345345,0.0766891826876816,0.05,0.09375,0.0952380952380952,0.019047619047619,False,False,True,False,0,0,0,0,0.125,0.2758620689655172,10500000
0.8841410003319652,0.0255255255255255,0.0465138656351634,0.05,0.03125,0.0476190476190476,0.0095238095238095,False,False,True,False,0,0,0,0,0.125,0.1034482758620689,5090000
0.9920166501498217,0.0465465465465465,0.0901025729846236,0.05,0.125,0.0952380952380952,0.019047619047619,False,False,True,False,0,0,0,0,0.125,0.2068965517241379,13650000
0.8820416839931227,0.0345345345345345,0.042299328368262,0.0,0.0625,0.0476190476190476,0.0095238095238095,False,False,False,True,0,0,0,0,0.125,0.6896551724137931,7150000
0.8921247642677201,0.0375375375375375,0.063121836691492,0.0,0.09375,0.0952380952380952,0.019047619047619,False,False,True,False,0,0,0,0,0.125,0.1379310344827586,9380000
0.8827779501289115,0.0345345345345345,0.1115986374920616,0.05,0.09375,0.0952380952380952,0.019047619047619,False,False,False,True,0,0,0,0,0.125,0.7241379310344828,13500000
0.8970041717999777,0.0195195195195195,0.0222465985412697,0.0,0.03125,0.0476190476190476,0.0095238095238095,False,False,True,False,0,0,0,0,0.125,0.2758620689655172,5100000
0.8951104797655489,0.042042042042042,0.0465331100975694,0.05,0.03125,0.0476190476190476,0.0095238095238095,False,False,True,False,0,0,0,0,0.125,0.2758620689655172,4700000
0.849067080310391,0.036036036036036,0.0168581490676057,0.0,0.03125,0.0476190476190476,0.0095238095238095,True,False,False,False,0,0,0,0,0.125,0.1379310344827586,800000
0.8536972329584955,0.0135135135135135,0.0847141235109597,0.05,0.09375,0.0952380952380952,0.019047619047619,False,False,False,True,0,0,0,0,0.125,0.4827586206896552,14800000
0.938048857791074,0.0555555555555555,0.0441852856840444,0.0,0.0,0.0,0.0,True,False,False,False,0,0,0,0,0.125,0.1379310344827586,10000000
0.9054588938280972,0.006006006006006,0.0781710062929392,0.0,0.09375,0.0952380952380952,0.019047619047619,False,False,False,True,0,0,0,0,0.25,0.4482758620689654,20300000
0.851501072675461,0.0315315315315315,0.1144275734657352,0.0,0.0,0.0,0.0,False,True,False,False,1,1,1,1,0.375,0.0689655172413793,10600000
0.851161247837581,0.0,0.0477647556915497,0.0,0.0625,0.0952380952380952,0.0095238095238095,False,False,True,False,0,0,0,0,0.125,0.1379310344827586,7300000
0.8605471628460464,0.0195195195195195,0.0251140234397552,0.0,0.0625,0.0476190476190476,0.0095238095238095,False,False,True,False,0,0,0,0,0.125,0.3103448275862069,5560000
0.9538132318561452,0.006006006006006,0.0797490522102265,0.05,0.0625,0.0952380952380952,0.0095238095238095,False,False,True,False,0,0,0,0,0.125,0.1724137931034483,15500000
0.8733447934461083,0.0015015015015015,0.0207070415487943,0.0,0.03125,0.0476190476190476,0.0095238095238095,False,False,True,False,0,0,0,0,0.125,0.3103448275862069,4550000
0.8987058489758226,0.0,0.0677405076689182,0.0,0.15625,0.0952380952380952,0.0285714285714285,False,True,False,False,1,1,1,1,0.375,0.0689655172413793,15700000
0.8098278964244514,0.021021021021021,0.0888324384658314,0.0,0.125,0.0952380952380952,0.0285714285714285,False,True,False,False,1,1,1,1,0.5,0.1034482758620689,10500000
0.9947170147091526,0.0465465465465465,0.0367569231953505,0.0,0.0,0.0,0.0,False,False,True,False,0,0,0,0,0.125,0.2068965517241379,4900000
0.8696571272201936,0.021021021021021,0.0605238342666897,0.05,0.03125,0.0476190476190476,0.0095238095238095,False,False,True,False,0,0,0,0,0.25,0.2068965517241379,6200000
0.8820416839931227,0.0345345345345345,0.0676635298192945,0.0,0.09375,0.0952380952380952,0.019047619047619,False,False,False,True,0,0,0,0,0.125,0.6896551724137931,8800000
0.9036262906089688,0.0225225225225225,0.1482016049881646,0.0,0.15625,0.0952380952380952,0.0476190476190476,False,True,False,False,1,1,1,1,0.625,0.1379310344827586,21500000
0.872645598804155,0.0,0.1623462848565325,0.0,0.21875,0.1428571428571428,0.0571428571428571,False,True,False,False,1,1,1,1,0.5,0.1034482758620689,15600000
0.8103874402568181,0.0405405405405405,0.0448973307930642,0.0,0.09375,0.0952380952380952,0.019047619047619,True,False,False,False,0,0,0,0,0.125,0.1379310344827586,5080000
0.8591288581984884,0.012012012012012,0.1253776725747166,0.05,0.125,0.0952380952380952,0.019047619047619,False,False,False,True,0,0,0,0,0.125,0.4827586206896552,24000000
0.8435483832513455,0.0075075075075075,0.1104824586725169,0.05,0.09375,0.0952380952380952,0.019047619047619,False,False,True,False,0,0,0,0,0.125,0.2413793103448275,13000000
0.8827304214912886,0.0,0.0600234782441352,0.05,0.0625,0.0952380952380952,0.0095238095238095,False,False,False,True,0,0,0,0,0.125,0.3448275862068965,10840000
0.8712656399908951,0.0375375375375375,0.0878702153455343,0.05,0.125,0.0952380952380952,0.019047619047619,False,False,True,False,0,0,0,0,0.125,0.1724137931034483,9900000
0.9856753574393338,0.03003003003003,0.0308296287743201,0.0,0.0,0.0,0.0,True,False,False,False,0,0,0,0,0.125,0.1034482758620689,4500000
0.8924451654289669,0.0345345345345345,0.052710582529877,0.05,0.0625,0.0952380952380952,0.0095238095238095,False,False,True,False,0,0,0,0,0.125,0.2413793103448275,9000000
0.8858691886773045,0.0585585585585585,0.0507091584396589,0.0,0.09375,0.0952380952380952,0.019047619047619,True,False,False,False,0,0,0,0,0.125,0.1379310344827586,4800000
0.9326870155399548,0.06006006006006,0.0141446798683678,0.0,0.09375,0.0952380952380952,0.019047619047619,False,True,False,False,1,1,1,1,0.125,0.0,1345000
0.9713499751145208,0.0,0.0636991705636703,0.05,0.0625,0.0952380952380952,0.0095238095238095,False,False,False,True,0,0,0,0,0.125,0.7931034482758621,17800000
0.9728774063445372,0.0105105105105105,0.0596385889960163,0.05,0.0625,0.0952380952380952,0.0095238095238095,False,False,True,False,0,0,0,0,0.125,0.2068965517241379,12900000
0.7995940012336007,0.06006006006006,0.0356214999133999,0.0,0.0625,0.0952380952380952,0.019047619047619,False,True,False,False,1,1,1,1,0.25,0.0344827586206896,6300000
0.9918279574881694,0.048048048048048,0.057406231356927,0.0,0.09375,0.0952380952380952,0.019047619047619,True,False,False,False,0,0,0,0,0.125,0.1379310344827586,7180000
0.9391250001991692,0.0375375375375375,0.088620749379366,0.05,0.0625,0.0952380952380952,0.019047619047619,False,False,False,True,0,0,0,0,0.125,0.4827586206896552,15500000
0.9148053439925832,0.0135135135135135,0.0896599503492869,0.05,0.09375,0.0952380952380952,0.019047619047619,False,False,False,True,0,0,0,0,0.125,0.4482758620689654,22500000
0.9020417282935966,0.0405405405405405,0.0732444239170178,0.05,0.09375,0.0952380952380952,0.019047619047619,False,False,True,False,0,0,0,0,0.125,0.1724137931034483,11500000
0.9006411223664088,0.012012012012012,0.0573100090448973,0.05,0.0625,0.0952380952380952,0.019047619047619,False,False,True,False,0,0,0,0,0.125,0.1379310344827586,9450000
0.9491496789962072,0.021021021021021,0.0321382522179242,0.05,0.03125,0.0476190476190476,0.0095238095238095,False,False,True,False,0,0,0,0,0.125,0.1724137931034483,7500000
0.906832749741028,0.024024024024024,0.0836364336162269,0.05,0.09375,0.0952380952380952,0.019047619047619,False,False,True,False,0,0,0,0,0.125,0.2068965517241379,13000000
0.9049458896215584,0.0345345345345345,0.1018609395146546,0.0,0.1875,0.0952380952380952,0.0380952380952381,False,True,False,False,1,1,1,1,0.5,0.1034482758620689,9200000
0.8717205563034156,0.0195195195195195,0.0276158035525277,0.0,0.03125,0.0476190476190476,0.0095238095238095,False,False,True,False,0,0,0,0,0.125,0.3103448275862069,2500000
0.8728709088445044,0.0195195195195195,0.0254026903758443,0.0,0.0625,0.0952380952380952,0.0095238095238095,False,False,True,False,0,0,0,0,0.125,0.3103448275862069,5000000
0.8646736235199626,0.042042042042042,0.0615630352366106,0.05,0.03125,0.0476190476190476,0.0095238095238095,False,False,True,False,0,0,0,0,0.125,0.1724137931034483,9500000
0.8980347324584841,0.066066066066066,0.0667590400862151,0.0,0.125,0.0952380952380952,0.0285714285714285,False,True,False,False,1,1,1,1,0.25,0.0344827586206896,14850000
0.8907185405793143,0.0,0.1082308565710216,0.05,0.09375,0.0952380952380952,0.019047619047619,False,False,True,False,0,0,0,0,0.125,0.1379310344827586,11300000
0.8990178716452135,0.0375375375375375,0.0740334468756615,0.05,0.09375,0.0952380952380952,0.019047619047619,False,False,True,False,0,0,0,0,0.125,0.2068965517241379,10000000
0.8621176430998219,0.0435435435435435,0.0429343956276581,0.0,0.0625,0.0952380952380952,0.0095238095238095,False,False,True,False,0,0,0,0,0.125,0.2068965517241379,4160000
0.809285638349678,0.0135135135135135,0.0505744472028173,0.0,0.0625,0.0952380952380952,0.0095238095238095,False,False,False,True,0,0,0,0,0.125,0.3448275862068965,7400000
0.7677079637488475,0.0,0.0724361564959682,0.05,0.09375,0.0952380952380952,0.019047619047619,False,False,True,False,0,0,0,0,0.125,0.1379310344827586,7960000
0.8841410003319652,0.0255255255255255,0.0293670496314685,0.0,0.03125,0.0476190476190476,0.0095238095238095,False,False,True,False,0,0,0,0,0.125,0.1034482758620689,3300000
0.810813665333086,0.0,0.0665088620749379,0.0,0.125,0.0952380952380952,0.0380952380952381,False,True,False,False,1,1,1,1,0.25,0.0344827586206896,5419800
0.914975105080174,0.066066066066066,0.0547697400073129,0.0,0.09375,0.0952380952380952,0.019047619047619,True,False,False,False,0,0,0,0,0.125,0.0344827586206896,6770000
0.8966999891897558,0.0015015015015015,0.0880434155071878,0.05,0.09375,0.0952380952380952,0.019047619047619,False,False,False,True,0,0,0,0,0.125,0.4482758620689654,19200000
0.8812588212813353,0.0,0.0521717375825106,0.0,0.0625,0.0952380952380952,0.0095238095238095,False,False,True,False,0,0,0,0,0.125,0.2068965517241379,7280000
0.906383934802932,0.0,0.0312722514096568,0.0,0.03125,0.0476190476190476,0.0095238095238095,False,False,False,True,0,0,0,0,0.125,0.3793103448275862,5450000
0.8973459514433841,0.0645645645645645,0.0290398937705675,0.0,0.0625,0.0476190476190476,0.0095238095238095,True,False,False,False,0,0,0,0,0.125,0.1034482758620689,3200000
0.8676593533042194,0.072072072072072,0.0597348113080461,0.0,0.125,0.0952380952380952,0.0285714285714285,False,True,False,False,1,1,1,1,0.25,0.0344827586206896,15780000
0.9687636728102405,0.0075075075075075,0.1022650732251794,0.05,0.09375,0.0952380952380952,0.019047619047619,False,False,False,True,0,0,0,0,0.125,1.0,20300000
0.8742381838899576,0.0345345345345345,0.0315994072705579,0.05,0.03125,0.0476190476190476,0.0095238095238095,False,False,False,True,0,0,0,0,0.125,0.4482758620689654,5800000
0.8708606749655416,0.0435435435435435,0.064796104920809,0.0,0.09375,0.0952380952380952,0.0095238095238095,False,False,True,False,0,0,0,0,0.125,0.1379310344827586,7320000
0.8872847531006585,0.0735735735735735,0.0641033042741951,0.0,0.09375,0.0952380952380952,0.019047619047619,False,True,False,False,1,1,1,1,0.25,0.0344827586206896,4250000
0.9408429016303046,0.0,0.0386621249735388,0.0,0.09375,0.0952380952380952,0.019047619047619,True,False,False,False,0,0,0,0,0.125,0.1034482758620689,9400000
0.7914792750953836,0.0405405405405405,0.1379443065257972,0.0,0.1875,0.0952380952380952,0.0285714285714285,False,True,False,False,1,1,1,1,0.5,0.1034482758620689,10480000
0.8767792098235816,0.024024024024024,0.0978003579470007,0.1,0.09375,0.0952380952380952,0.019047619047619,False,False,False,True,0,0,0,0,0.125,0.3793103448275862,18130000
0.8750281092431749,0.0,0.0417219944960837,0.0,0.0625,0.0952380952380952,0.019047619047619,False,False,True,False,0,0,0,0,0.125,0.2068965517241379,7000000
0.8650728949409086,0.0645645645645645,0.0487269788118468,0.0,0.1875,0.1428571428571428,0.0380952380952381,False,True,False,False,1,1,1,1,0.25,0.0344827586206896,15600000
0.7957259129211707,0.0,0.0880241710447818,0.0,0.125,0.0952380952380952,0.019047619047619,False,True,False,False,1,1,1,1,0.25,0.0344827586206896,9500000
0.8883294612802217,0.039039039039039,0.0697804206839481,0.0,0.09375,0.0952380952380952,0.019047619047619,False,False,False,True,0,0,0,0,0.125,0.4482758620689654,10500000
0.8523710616489382,0.03003003003003,0.0338510093720531,0.0,0.0,0.0,0.0,True,False,False,False,0,0,0,0,0.125,0.1379310344827586,2500000
0.9707635631896494,0.054054054054054,0.0660085060523834,0.0,0.15625,0.1428571428571428,0.019047619047619,False,True,False,False,1,1,1,1,0.25,0.0344827586206896,21000000
0.8752125417884713,0.045045045045045,0.0187825953082,0.0,0.03125,0.0476190476190476,0.0095238095238095,False,False,True,False,0,0,0,0,0.125,0.1379310344827586,1323198
0.8847750605097815,0.048048048048048,0.0807882531801474,0.05,0.09375,0.0952380952380952,0.019047619047619,False,False,True,False,0,0,0,0,0.125,0.1724137931034483,10260000
0.8605471628460464,0.018018018018018,0.0255566460750918,0.0,0.03125,0.0476190476190476,0.0095238095238095,False,False,True,False,0,0,0,0,0.125,0.3103448275862069,3800000
0.8425293852902769,0.0,0.1139464619055866,0.0,0.15625,0.0952380952380952,0.0380952380952381,False,True,False,False,1,1,1,1,0.5,0.1034482758620689,15800000
0.8048250844877316,0.0225225225225225,0.0649693050824625,0.05,0.0625,0.0952380952380952,0.0095238095238095,False,False,False,True,0,0,0,0,0.125,0.4137931034482758,7700000
0.9750488239001528,0.0345345345345345,0.080249408232781,0.05,0.09375,0.0952380952380952,0.019047619047619,False,False,True,False,0,0,0,0,0.125,0.2068965517241379,17000000
0.9284225002124912,0.0,0.0520947597328868,0.0,0.09375,0.0952380952380952,0.019047619047619,False,False,True,False,0,0,0,0,0.125,0.1379310344827586,12700000
0.9065191945619232,0.0405405405405405,0.0227854434886361,0.0,0.03125,0.0476190476190476,0.0095238095238095,False,False,False,True,0,0,0,0,0.125,0.3793103448275862,3030000
0.8641825651580746,0.0495495495495495,0.0892558166387622,0.0,0.125,0.0952380952380952,0.019047619047619,False,False,False,True,0,0,0,0,0.125,0.3793103448275862,11500000
0.8747292785186858,0.045045045045045,0.0522102265073225,0.05,0.09375,0.0952380952380952,0.019047619047619,False,False,False,True,0,0,0,0,0.125,0.5172413793103449,3900000
0.8811758512643166,0.0375375375375375,0.0865423474395242,0.0,0.09375,0.0952380952380952,0.019047619047619,False,False,True,False,0,0,0,0,0.125,0.2068965517241379,12500000
0.8505655510824681,0.009009009009009,0.0792679406500779,0.05,0.09375,0.0952380952380952,0.0095238095238095,False,False,False,True,0,0,0,0,0.125,0.4482758620689654,13720000
0.8596974750407185,0.018018018018018,0.0299058945788349,0.0,0.0625,0.0476190476190476,0.0095238095238095,False,False,True,False,0,0,0,0,0.125,0.3103448275862069,4100000
0.9394268739384586,0.0165165165165165,0.0960491118680599,0.05,0.09375,0.0952380952380952,0.019047619047619,False,False,False,True,0,0,0,0,0.125,0.4482758620689654,22350000
0.8596974750407185,0.0195195195195195,0.0247676231164482,0.0,0.03125,0.0476190476190476,0.0095238095238095,False,False,True,False,0,0,0,0,0.125,0.3103448275862069,5800000
0.8841410003319652,0.0255255255255255,0.0492080903719954,0.05,0.03125,0.0476190476190476,0.0095238095238095,False,False,True,False,0,0,0,0,0.125,0.1034482758620689,5530000
0.81049387085082,0.0225225225225225,0.0168196601427939,0.0,0.0,0.0,0.0,False,False,True,False,0,0,0,0,0.125,0.1724137931034483,900000
0.896112699655788,0.066066066066066,0.0476492889171141,0.0,0.09375,0.0952380952380952,0.0095238095238095,True,False,False,False,0,0,0,0,0.125,0.1034482758620689,5500000
0.7936485591504265,0.06006006006006,0.0568481419471547,0.0,0.21875,0.0952380952380952,0.0285714285714285,False,True,False,False,1,1,1,1,0.25,0.0344827586206896,5600000
0.8812588212813353,0.0,0.0505744472028173,0.0,0.09375,0.0952380952380952,0.0095238095238095,False,False,True,False,0,0,0,0,0.125,0.2068965517241379,4350000
0.912860395448547,0.0615615615615615,0.0545195619960356,0.0,0.09375,0.0952380952380952,0.019047619047619,True,False,False,False,0,0,0,0,0.125,0.1379310344827586,6500000
0.8454307294411763,0.012012012012012,0.0901025729846236,0.05,0.0625,0.0952380952380952,0.019047619047619,False,False,False,True,0,0,0,0,0.125,0.3793103448275862,15100000
0.8921851872106572,0.0,0.0569058753343725,0.0,0.09375,0.0952380952380952,0.0095238095238095,True,False,False,False,0,0,0,0,0.125,0.1379310344827586,6000000
0.9042504507604008,0.024024024024024,0.0212266420337547,0.0,0.03125,0.0476190476190476,0.0095238095238095,False,False,True,False,0,0,0,0,0.125,0.2413793103448275,4650000
0.8699318505002793,0.039039039039039,0.070492465792968,0.05,0.09375,0.0952380952380952,0.019047619047619,False,False,False,True,0,0,0,0,0.125,0.3793103448275862,10000000
0.8499160160754684,0.036036036036036,0.0183207282104574,0.0,0.0,0.0,0.0,True,False,False,False,0,0,0,0,0.125,0.1034482758620689,1000000
0.9011573873017368,0.0645645645645645,0.065816061428324,0.0,0.15625,0.0476190476190476,0.019047619047619,False,True,False,False,1,1,1,1,0.25,0.0344827586206896,11220000
0.7694402383397403,0.0225225225225225,0.2145372669014491,0.0,0.15625,0.0952380952380952,0.0380952380952381,False,True,False,False,1,1,1,1,0.5,0.1034482758620689,18200000
0.884173380174758,0.0,0.092334930623713,0.05,0.09375,0.0952380952380952,0.019047619047619,False,False,True,False,0,0,0,0,0.125,0.3103448275862069,18450000
0.9019639097998606,0.036036036036036,0.0713392221388295,0.05,0.09375,0.0952380952380952,0.019047619047619,True,False,False,False,0,0,0,0,0.125,0.1379310344827586,7900000
0.9845796946575832,0.036036036036036,0.1384446625483517,0.0,0.15625,0.0952380952380952,0.0380952380952381,False,True,False,False,1,1,1,1,0.5,0.1034482758620689,21880000
0.8605698229620486,0.039039039039039,0.0147220137405461,0.0,0.03125,0.0476190476190476,0.0095238095238095,False,False,True,False,0,0,0,0,0.125,0.2068965517241379,2400000
0.8716869374699456,0.0225225225225225,0.0220156649923984,0.0,0.09375,0.0952380952380952,0.019047619047619,False,False,True,False,0,0,0,0,0.125,0.3103448275862069,3300000
0.8841410003319652,0.0255255255255255,0.0293670496314685,0.0,0.03125,0.0476190476190476,0.0095238095238095,False,False,True,False,0,0,0,0,0.125,0.1034482758620689,3280000
0.8284566749983071,0.0135135135135135,0.0828474106575832,0.05,0.09375,0.0952380952380952,0.019047619047619,False,False,False,True,0,0,0,0,0.125,0.3448275862068965,13830000
0.8917694790143855,0.024024024024024,0.0203991301502992,0.0,0.03125,0.0476190476190476,0.0095238095238095,False,False,True,False,0,0,0,0,0.125,0.2758620689655172,3800000
0.8159726423340032,0.021021021021021,0.0472259107441833,0.0,0.0625,0.0476190476190476,0.0095238095238095,False,False,False,True,0,0,0,0,0.125,0.4482758620689654,6070000
0.9038219711472948,0.0555555555555555,0.0518638261840155,0.0,0.0,0.0,0.0,True,False,False,False,0,0,0,0,0.125,0.1379310344827586,6650000
0.8180441370043354,0.0405405405405405,0.1701402921309393,0.0,0.125,0.1428571428571428,0.0285714285714285,False,True,False,False,1,1,1,1,0.5,0.1034482758620689,13550000
0.8090524690517782,0.0,0.1218559359544291,0.0,0.125,0.0952380952380952,0.0380952380952381,False,True,False,False,1,1,1,1,0.5,0.1034482758620689,13000000
0.8958444790138458,0.039039039039039,0.079903007909474,0.05,0.09375,0.0952380952380952,0.019047619047619,False,False,True,False,0,0,0,0,0.125,0.3103448275862069,10300000
0.8796815636198687,0.0375375375375375,0.0822315878605931,0.0,0.125,0.0952380952380952,0.0380952380952381,False,True,False,False,1,1,1,1,0.5,0.1034482758620689,4550000
0.8711155125741641,0.0105105105105105,0.0413755941727767,0.0,0.0,0.0,0.0,False,False,False,True,0,0,0,0,0.125,0.3448275862068965,7200000
0.9207544243822384,0.042042042042042,0.0746107807478398,0.05,0.09375,0.0952380952380952,0.019047619047619,False,False,True,False,0,0,0,0,0.125,0.1379310344827586,13200000
0.8967693513346262,0.0495495495495495,0.0842330119508111,0.0,0.125,0.0952380952380952,0.0285714285714285,False,True,False,False,1,1,1,1,0.25,0.0344827586206896,15800000
0.9687636728102405,0.0075075075075075,0.0955487558455054,0.05,0.09375,0.0952380952380952,0.019047619047619,False,False,False,True,0,0,0,0,0.125,1.0,20850000
0.8899351006444647,0.042042042042042,0.0583684544772241,0.0,0.09375,0.0952380952380952,0.019047619047619,False,False,True,False,0,0,0,0,0.125,0.2068965517241379,8600000
0.8322638228638937,0.0405405405405405,0.0729942459057406,0.05,0.09375,0.0476190476190476,0.019047619047619,False,False,True,False,0,0,0,0,0.125,0.1724137931034483,7000000
0.7741445296587699,0.0105105105105105,0.0974924465485056,0.0,0.09375,0.1428571428571428,0.0380952380952381,False,True,False,False,1,1,1,1,0.5,0.1034482758620689,10300000
0.8755398931856462,0.039039039039039,0.0539999615110751,0.0,0.0625,0.0476190476190476,0.0095238095238095,False,False,False,True,0,0,0,0,0.125,0.4482758620689654,6000000
0.8578778011232089,0.066066066066066,0.08125012027789,0.0,0.09375,0.0952380952380952,0.019047619047619,False,True,False,False,1,1,1,1,0.25,0.0344827586206896,7100000
0.8536972329584955,0.0135135135135135,0.0571368088832438,0.05,0.0625,0.0952380952380952,0.0095238095238095,False,False,False,True,0,0,0,0,0.125,0.4827586206896552,11900000
0.8760120760672407,0.0435435435435435,0.075880915266632,0.0,0.03125,0.0476190476190476,0.0095238095238095,False,False,False,True,0,0,0,0,0.125,0.3793103448275862,7480000
0.884173380174758,0.0,0.1014760502665357,0.05,0.09375,0.0952380952380952,0.019047619047619,False,False,True,False,0,0,0,0,0.125,0.3103448275862069,18850000
0.8693877422327603,0.042042042042042,0.0577718761426399,0.05,0.09375,0.0476190476190476,0.0095238095238095,False,False,True,False,0,0,0,0,0.125,0.2068965517241379,7600000
0.8785790676217573,0.0345345345345345,0.1190462444431614,0.0,0.09375,0.1428571428571428,0.0285714285714285,False,True,False,False,1,1,1,1,0.375,0.0689655172413793,8100000
0.9804466849668928,0.0465465465465465,0.024498200642765,0.0,0.03125,0.0476190476190476,0.0095238095238095,False,False,True,False,0,0,0,0,0.125,0.2068965517241379,2000000
0.8841410003319652,0.024024024024024,0.0461674653118565,0.05,0.03125,0.0476190476190476,0.0095238095238095,False,False,True,False,0,0,0,0,0.125,0.1034482758620689,4250000
0.8845818312682923,0.039039039039039,0.0145488135788926,0.0,0.03125,0.0476190476190476,0.0095238095238095,False,False,False,True,0,0,0,0,0.125,0.3793103448275862,1510000
0.860464955501044,0.0585585585585585,0.0592536997478975,0.0,0.125,0.0952380952380952,0.019047619047619,False,True,False,False,1,1,1,1,0.25,0.0344827586206896,16000000
0.9043127960674724,0.0,0.0717048669245424,0.05,0.09375,0.0952380952380952,0.019047619047619,False,False,True,False,0,0,0,0,0.125,0.1724137931034483,10080000
0.8094239761437052,0.0435435435435435,0.060774012277967,0.0,0.09375,0.0952380952380952,0.019047619047619,False,False,True,False,0,0,0,0,0.125,0.1379310344827586,6000000
0.8823323884377601,0.0,0.0867347920635837,0.05,0.0,0.0,0.0,False,False,True,False,0,0,0,0,0.125,0.1724137931034483,15730000
0.8732600447084167,0.0015015015015015,0.098377691819179,0.1,0.09375,0.0952380952380952,0.019047619047619,False,False,True,False,0,0,0,0,0.125,0.3103448275862069,19350000
0.901081328535696,0.0225225225225225,0.0195523738044377,0.0,0.0625,0.0476190476190476,0.0095238095238095,False,False,True,False,0,0,0,0,0.125,0.3103448275862069,2800000
0.9691788651405772,0.0,0.0642187710486307,0.05,0.0625,0.0476190476190476,0.0095238095238095,False,False,False,True,0,0,0,0,0.125,0.9655172413793104,18030000
0.9036440554343984,0.045045045045045,0.0663356619132844,0.0,0.1875,0.0952380952380952,0.0285714285714285,False,True,False,False,1,1,1,1,0.25,0.0344827586206896,21300000
0.8536529235900332,0.03003003003003,0.1346727479167869,0.0,0.0,0.0,0.0,False,True,False,False,1,1,1,1,0.5,0.1034482758620689,7200000
0.8855899344495413,0.0375375375375375,0.1102515251236456,0.05,0.15625,0.0952380952380952,0.0380952380952381,False,True,False,False,1,1,1,1,0.5,0.1034482758620689,17500000
0.8436563046089134,0.0,0.0777861170448203,0.0,0.1875,0.0952380952380952,0.0285714285714285,False,True,False,False,1,1,1,1,0.25,0.0344827586206896,12800000
0.897537113822807,0.0,0.0581375209283528,0.0,0.09375,0.0952380952380952,0.019047619047619,True,False,False,False,0,0,0,0,0.125,0.1379310344827586,5900000
0.8656939962948229,0.048048048048048,0.0621596135711948,0.0,0.09375,0.0952380952380952,0.0095238095238095,True,False,False,False,0,0,0,0,0.125,0.1379310344827586,6250000
0.884173380174758,0.0,0.0881973712064353,0.05,0.09375,0.0952380952380952,0.019047619047619,False,False,True,False,0,0,0,0,0.125,0.3103448275862069,18860000
0.8267951265013096,0.0,0.0721474895598791,0.05,0.09375,0.0952380952380952,0.019047619047619,False,False,True,False,0,0,0,0,0.125,0.1724137931034483,7720000
0.884173380174758,0.0,0.0636414371764524,0.05,0.0625,0.0952380952380952,0.0095238095238095,False,False,True,False,0,0,0,0,0.125,0.3103448275862069,12620000
0.9736541770705855,0.063063063063063,0.0385466581991032,0.0,0.28125,0.1428571428571428,0.0380952380952381,False,True,False,False,1,1,1,1,0.125,0.0,18900000
0.8907681355696582,0.057057057057057,0.0532686719396493,0.0,0.09375,0.0952380952380952,0.019047619047619,True,False,False,False,0,0,0,0,0.125,0.1379310344827586,4950000
0.891959152682432,0.0,0.1255316282739641,0.0,0.09375,0.0952380952380952,0.0380952380952381,False,False,False,True,0,0,0,0,0.125,0.3793103448275862,16200000
0.9675174813824584,0.009009009009009,0.0779785616688797,0.05,0.0625,0.0952380952380952,0.0095238095238095,False,False,False,True,0,0,0,0,0.125,0.7586206896551725,18750000
0.8776838889145324,0.051051051051051,0.09400919885303,0.0,0.125,0.0952380952380952,0.0285714285714285,True,False,False,False,0,0,0,0,0.25,0.1379310344827586,14000000
0.9686690586835311,0.0045045045045045,0.0975694243981294,0.05,0.09375,0.0952380952380952,0.019047619047619,False,False,False,True,0,0,0,0,0.125,0.9655172413793104,25000000
0.8608478130398112,0.0,0.0476492889171141,0.0,0.0,0.0,0.0,False,True,False,False,1,1,1,1,0.25,0.0344827586206896,14600000
0.7645812924161248,0.0,0.065469661105017,0.05,0.09375,0.0952380952380952,0.019047619047619,False,False,True,False,0,0,0,0,0.125,0.1379310344827586,6760000
0.9856753574393338,0.03003003003003,0.0320227854434886,0.0,0.0,0.0,0.0,True,False,False,False,0,0,0,0,0.125,0.1034482758620689,14800000
0.9162428764699088,0.0225225225225225,0.0882551045936531,0.05,0.09375,0.0952380952380952,0.019047619047619,False,False,False,True,0,0,0,0,0.125,0.4482758620689654,18500000
0.8751017793421738,0.048048048048048,0.0461867097742624,0.0,0.0625,0.0952380952380952,0.0095238095238095,False,False,True,False,0,0,0,0,0.125,0.2068965517241379,3750000
0.8596767492911113,0.0,0.0635259704020168,0.05,0.0,0.0,0.0,False,False,True,False,0,0,0,0,0.125,0.1379310344827586,10250000
0.8774360142255659,0.0255255255255255,0.1103477474356753,0.05,0.125,0.0952380952380952,0.019047619047619,False,False,False,True,0,0,0,0,0.125,0.4137931034482758,16400000
0.9121823468137508,0.009009009009009,0.0897369281989107,0.05,0.0625,0.0952380952380952,0.019047619047619,False,False,False,True,0,0,0,0,0.125,0.4482758620689654,20880000
0.891031815226853,0.0435435435435435,0.0190135288570713,0.0,0.03125,0.0476190476190476,0.0095238095238095,False,False,True,False,0,0,0,0,0.125,0.2068965517241379,1900000
0.8756136155286356,0.0225225225225225,0.0144910801916748,0.0,0.0,0.0,0.0,False,False,True,False,0,0,0,0,0.125,0.1379310344827586,1700000
0.8504448778540166,0.0375375375375375,0.0170698381540711,0.0,0.03125,0.0476190476190476,0.0095238095238095,True,False,False,False,0,0,0,0,0.125,0.1379310344827586,980000
0.884173380174758,0.0,0.092334930623713,0.05,0.09375,0.0952380952380952,0.019047619047619,False,False,True,False,0,0,0,0,0.125,0.3103448275862069,18800000
0.7857400021642036,0.036036036036036,0.1700825587437214,0.0,0.125,0.0952380952380952,0.0380952380952381,False,True,False,False,1,1,1,1,0.5,0.1034482758620689,5000000
0.7956697957669405,0.042042042042042,0.0776898947327906,0.05,0.09375,0.0952380952380952,0.019047619047619,True,False,False,False,0,0,0,0,0.125,0.1379310344827586,5500000
0.8620123451654536,0.039039039039039,0.0260954910224582,0.0,0.03125,0.0476190476190476,0.0095238095238095,False,False,True,False,0,0,0,0,0.125,0.1379310344827586,3150000
0.8982265750192937,0.0,0.0874468371726035,0.0,0.0,0.0,0.0,False,False,True,False,0,0,0,0,0.125,0.2068965517241379,20600000
0.8752125417884713,0.045045045045045,0.0160113927217443,0.0,0.03125,0.0476190476190476,0.0095238095238095,False,False,True,False,0,0,0,0,0.125,0.1379310344827586,962017
0.9664417165487292,0.009009009009009,0.0900448395974058,0.05,0.0625,0.0952380952380952,0.019047619047619,False,False,False,True,0,0,0,0,0.125,0.896551724137931,24580000
0.9698010057595924,0.0405405405405405,0.0511902699998075,0.0,0.09375,0.0952380952380952,0.019047619047619,False,False,False,True,0,0,0,0,0.125,0.4137931034482758,10780000
0.8454307294411763,0.012012012012012,0.0636991705636703,0.05,0.0625,0.0952380952380952,0.0095238095238095,False,False,False,True,0,0,0,0,0.125,0.3793103448275862,11300000
0.995035180959178,0.03003003003003,0.0415487943344302,0.05,0.0625,0.0952380952380952,0.019047619047619,False,False,True,False,0,0,0,0,0.125,0.1724137931034483,8500000
0.8700297857314183,0.042042042042042,0.0678944633681658,0.0,0.09375,0.0952380952380952,0.019047619047619,False,False,False,True,0,0,0,0,0.125,0.3793103448275862,10200000
0.9046659330572596,0.0,0.0320805188307064,0.0,0.03125,0.0476190476190476,0.0095238095238095,False,False,True,False,0,0,0,0,0.125,0.2068965517241379,747139
0.9026615827018248,0.0495495495495495,0.0470334661201239,0.0,0.09375,0.0952380952380952,0.0095238095238095,True,False,False,False,0,0,0,0,0.125,0.1379310344827586,7500000
0.8754829652615967,0.015015015015015,0.0895444835748513,0.1,0.125,0.0952380952380952,0.0285714285714285,False,False,True,False,0,0,0,0,0.125,0.1379310344827586,16280000
0.9762764212119636,0.021021021021021,0.044319996920886,0.0,0.03125,0.0476190476190476,0.0095238095238095,False,False,False,True,0,0,0,0,0.125,0.3448275862068965,9000000
0.9804466849668928,0.048048048048048,0.0266535804322306,0.0,0.03125,0.0476190476190476,0.0095238095238095,False,False,True,False,0,0,0,0,0.125,0.2068965517241379,2880000
0.8812210299301171,0.021021021021021,0.0761888266651271,0.0,0.09375,0.0952380952380952,0.019047619047619,False,False,True,False,0,0,0,0,0.125,0.1379310344827586,15400000
0.9330644729093364,0.0345345345345345,0.0753805592440775,0.0,0.09375,0.0952380952380952,0.019047619047619,False,False,False,True,0,0,0,0,0.125,0.3793103448275862,15000000
0.8551099529481974,0.018018018018018,0.1068644997401997,0.05,0.09375,0.0952380952380952,0.019047619047619,False,False,False,True,0,0,0,0,0.125,0.3793103448275862,14800000
0.8536972329584955,0.015015015015015,0.0835017223793853,0.05,0.09375,0.0952380952380952,0.019047619047619,False,False,False,True,0,0,0,0,0.125,0.4827586206896552,14900000
0.7937747817665581,0.0,0.0546157843080653,0.05,0.09375,0.0952380952380952,0.019047619047619,False,False,True,False,0,0,0,0,0.125,0.1379310344827586,5900000
0.881622675550517,0.072072072072072,0.0632180590035217,0.0,0.125,0.0476190476190476,0.019047619047619,False,True,False,False,1,1,1,1,0.25,0.0344827586206896,9800000
0.8064223604054348,0.0,0.1174874429882801,0.1,0.09375,0.0952380952380952,0.019047619047619,False,False,False,True,0,0,0,0,0.125,0.4827586206896552,12300000
0.8523710616489382,0.03003003003003,0.0338510093720531,0.0,0.0,0.0,0.0,True,False,False,False,0,0,0,0,0.125,0.1379310344827586,2250000
0.8994017525535583,0.036036036036036,0.0507476473644708,0.05,0.0625,0.0476190476190476,0.0095238095238095,False,False,False,True,0,0,0,0,0.125,0.3793103448275862,5310000
0.8806791520938475,0.06006006006006,0.0570405865712141,0.0,0.21875,0.0952380952380952,0.0380952380952381,False,True,False,False,1,1,1,1,0.25,0.0344827586206896,14500000
0.8191807437605121,0.0375375375375375,0.1157746858341512,0.0,0.15625,0.1428571428571428,0.0285714285714285,False,True,False,False,1,1,1,1,0.375,0.0689655172413793,12000000
0.8922445869817182,0.039039039039039,0.0635259704020168,0.0,0.0625,0.0476190476190476,0.0095238095238095,False,False,True,False,0,0,0,0,0.125,0.2068965517241379,7000000
0.9791071127447708,0.021021021021021,0.0362950560976079,0.05,0.0,0.0,0.0,False,False,False,True,0,0,0,0,0.125,0.4137931034482758,7600000
0.8999838844760006,0.0615615615615615,0.0529030271539364,0.0,0.09375,0.0476190476190476,0.0095238095238095,True,False,False,False,0,0,0,0,0.125,0.1379310344827586,5200000
0.8284566749983071,0.015015015015015,0.099378403864288,0.05,0.125,0.0952380952380952,0.019047619047619,False,False,False,True,0,0,0,0,0.125,0.3448275862068965,16500000
0.9129928031120756,0.0,0.0553278294170852,0.0,0.09375,0.0952380952380952,0.019047619047619,False,True,False,False,1,1,1,1,0.25,0.0344827586206896,11150000
0.8401813298046648,0.0225225225225225,0.1463156476723822,0.0,0.125,0.0952380952380952,0.0380952380952381,False,True,False,False,1,1,1,1,0.5,0.1034482758620689,20000000
0.8839297370578265,0.0315315315315315,0.0616785020110463,0.0,0.09375,0.0952380952380952,0.019047619047619,False,False,False,True,0,0,0,0,0.125,0.6551724137931035,11000000
0.951527883020958,0.0,0.0464753767103515,0.05,0.03125,0.0476190476190476,0.0095238095238095,False,False,True,False,0,0,0,0,0.125,0.1379310344827586,11200000
0.9391250001991692,0.0375375375375375,0.0857725689432865,0.0,0.09375,0.0952380952380952,0.019047619047619,False,False,False,True,0,0,0,0,0.125,0.4827586206896552,16000000
0.8756136155286356,0.024024024024024,0.0144910801916748,0.0,0.03125,0.0476190476190476,0.0095238095238095,False,False,True,False,0,0,0,0,0.125,0.1379310344827586,2880000
0.8758823614269033,0.0435435435435435,0.0502857802667282,0.0,0.0,0.0,0.0,False,False,True,False,0,0,0,0,0.125,0.1379310344827586,5730000
0.9947520741734764,0.0225225225225225,0.0162038373458037,0.0,0.03125,0.0952380952380952,0.0095238095238095,False,False,True,False,0,0,0,0,0.125,0.1724137931034483,3400000
0.8575676404750823,0.0435435435435435,0.0762465600523449,0.05,0.09375,0.0952380952380952,0.019047619047619,False,False,True,False,0,0,0,0,0.125,0.1379310344827586,7350000
0.8088326833934047,0.0,0.0701460654696611,0.05,0.0625,0.0476190476190476,0.0095238095238095,False,False,True,False,0,0,0,0,0.125,0.3103448275862069,5950000
0.8771361741665373,0.072072072072072,0.0591959663606797,0.0,0.125,0.0952380952380952,0.019047619047619,False,True,False,False,1,1,1,1,0.25,0.0344827586206896,14080000
0.9675174813824584,0.009009009009009,0.059407655447145,0.05,0.03125,0.0952380952380952,0.0095238095238095,False,False,False,True,0,0,0,0,0.125,0.7586206896551725,14000000
0.8596974750407185,0.0195195195195195,0.0299058945788349,0.0,0.0625,0.0476190476190476,0.0095238095238095,False,False,True,False,0,0,0,0,0.125,0.3103448275862069,5580000
0.8623227999601113,0.0015015015015015,0.1478359602024517,0.1,0.125,0.0952380952380952,0.0571428571428571,False,True,False,False,1,1,1,1,0.625,0.1379310344827586,18000000
0.8725591402196926,0.0255255255255255,0.0216115312818736,0.0,0.03125,0.0476190476190476,0.0095238095238095,False,False,True,False,0,0,0,0,0.125,0.1724137931034483,4160000
0.90736171879351,0.0195195195195195,0.0504974693531936,0.05,0.03125,0.0476190476190476,0.0095238095238095,False,False,True,False,0,0,0,0,0.125,0.2068965517241379,4100000
0.900758113852902,0.0435435435435435,0.0503820025787579,0.0,0.0625,0.0476190476190476,0.0095238095238095,False,False,True,False,0,0,0,0,0.125,0.1379310344827586,6800000
0.9621000459553954,0.0165165165165165,0.0929507534207031,0.05,0.09375,0.0952380952380952,0.019047619047619,False,False,False,True,0,0,0,0,0.125,0.3793103448275862,23380000
0.8752125417884713,0.045045045045045,0.0187825953082,0.0,0.03125,0.0476190476190476,0.0095238095238095,False,False,True,False,0,0,0,0,0.125,0.1379310344827586,1323198
0.947922499392206,0.0,0.041972172507361,0.0,0.0625,0.0952380952380952,0.0095238095238095,True,False,False,False,0,0,0,0,0.125,0.1034482758620689,4100000
0.963478164601696,0.0,0.0300213613532705,0.0,0.09375,0.0952380952380952,0.019047619047619,False,False,True,False,0,0,0,0,0.125,0.1724137931034483,15370000
0.866784746479226,0.012012012012012,0.0507476473644708,0.05,0.09375,0.0952380952380952,0.019047619047619,False,False,True,False,0,0,0,0,0.125,0.2758620689655172,7650000
0.884173380174758,0.0,0.0927583087966437,0.05,0.09375,0.0952380952380952,0.019047619047619,False,False,True,False,0,0,0,0,0.125,0.3103448275862069,18690000
0.9001507223483713,0.0,0.0707041548794334,0.0,0.09375,0.0952380952380952,0.019047619047619,False,False,True,False,0,0,0,0,0.125,0.1379310344827586,9580000
0.9433916556469626,0.039039039039039,0.0765737159132459,0.0,0.09375,0.0952380952380952,0.019047619047619,False,False,True,False,0,0,0,0,0.125,0.2068965517241379,11000000
0.87046928531106,0.039039039039039,0.0614090795373631,0.0,0.09375,0.0952380952380952,0.019047619047619,False,False,True,False,0,0,0,0,0.125,0.2068965517241379,7000000
0.8521107159320707,0.0225225225225225,0.0868695033004253,0.05,0.09375,0.0952380952380952,0.019047619047619,False,False,False,True,0,0,0,0,0.125,0.4827586206896552,14150000
0.9595513573897564,0.009009009009009,0.1251274945634393,0.1,0.09375,0.0952380952380952,0.019047619047619,False,False,False,True,0,0,0,0,0.125,0.4482758620689654,22000000
0.951754911856483,0.015015015015015,0.098050535958278,0.05,0.09375,0.0952380952380952,0.019047619047619,False,False,False,True,0,0,0,0,0.125,0.4137931034482758,17500000
0.9698010057595924,0.039039039039039,0.0707426438042453,0.05,0.125,0.0952380952380952,0.019047619047619,False,False,False,True,0,0,0,0,0.125,0.4137931034482758,15300000
0.8435483832513455,0.009009009009009,0.0773242499470777,0.05,0.0625,0.0952380952380952,0.019047619047619,False,False,True,False,0,0,0,0,0.125,0.2413793103448275,11000000
0.8696571272201936,0.021021021021021,0.0343128764697958,0.05,0.03125,0.0476190476190476,0.0095238095238095,False,False,True,False,0,0,0,0,0.125,0.2068965517241379,3380000
0.7912090683297777,0.039039039039039,0.060081211631353,0.0,0.09375,0.0952380952380952,0.019047619047619,False,False,False,True,0,0,0,0,0.125,0.3448275862068965,3000000
0.9038916136637738,0.042042042042042,0.0191674845563189,0.0,0.03125,0.0476190476190476,0.0095238095238095,False,False,True,False,0,0,0,0,0.125,0.2068965517241379,2050000
0.9802199255853736,0.0195195195195195,0.0685680195523738,0.05,0.0625,0.0952380952380952,0.0095238095238095,False,False,False,True,0,0,0,0,0.125,0.3793103448275862,15000000
0.8504448778540166,0.0375375375375375,0.0173200161653484,0.0,0.03125,0.0476190476190476,0.0095238095238095,True,False,False,False,0,0,0,0,0.125,0.1379310344827586,1050000
0.9928860918103624,0.0465465465465465,0.1121759713642399,0.05,0.125,0.0952380952380952,0.019047619047619,False,False,False,True,0,0,0,0,0.125,0.3793103448275862,17880000
0.8068780345289213,0.012012012012012,0.1198930007890229,0.0,0.09375,0.0952380952380952,0.0380952380952381,False,True,False,False,1,1,1,1,0.5,0.1034482758620689,14200000
0.8838340850035706,0.0405405405405405,0.0807497642553355,0.05,0.09375,0.0952380952380952,0.0285714285714285,True,False,False,False,0,0,0,0,0.25,0.1379310344827586,11300000
0.9391250001991692,0.036036036036036,0.0814233204395435,0.0,0.09375,0.0952380952380952,0.019047619047619,False,False,False,True,0,0,0,0,0.125,0.4827586206896552,14728000
0.901151092766213,0.0465465465465465,0.0797875411350383,0.05,0.09375,0.0952380952380952,0.019047619047619,False,False,True,False,0,0,0,0,0.125,0.2068965517241379,9400000
0.8551099529481974,0.021021021021021,0.1085387679695167,0.05,0.09375,0.0952380952380952,0.019047619047619,False,False,False,True,0,0,0,0,0.125,0.3793103448275862,18520000
0.8437276112740903,0.0585585585585585,0.0502472913419163,0.0,0.0,0.0,0.0,False,True,False,False,1,1,1,1,0.25,0.0344827586206896,6000000
0.9805805459540692,0.051051051051051,0.0908915959432673,0.0,0.125,0.0952380952380952,0.019047619047619,False,True,False,False,1,1,1,1,0.25,0.0344827586206896,24000000
0.8657712594892075,0.0,0.1351153705521236,0.0,0.09375,0.1428571428571428,0.0380952380952381,False,True,False,False,1,1,1,1,0.5,0.1034482758620689,25600000
0.8563978574510998,0.0435435435435435,0.0645074379847199,0.0,0.09375,0.0952380952380952,0.019047619047619,False,False,True,False,0,0,0,0,0.125,0.2413793103448275,6800000
0.8469164267601457,0.0,0.1419663991686392,0.0,0.09375,0.1428571428571428,0.0380952380952381,False,True,False,False,1,1,1,1,0.5,0.1034482758620689,19200000
0.9791071127447708,0.021021021021021,0.0326963416276966,0.05,0.0,0.0,0.0,False,False,False,True,0,0,0,0,0.125,0.4137931034482758,7000000
0.884173380174758,0.0,0.0645459269095317,0.05,0.0625,0.0952380952380952,0.0095238095238095,False,False,True,False,0,0,0,0,0.125,0.3103448275862069,11280000
0.8958444790138458,0.0405405405405405,0.1512614745107095,0.05,0.125,0.0952380952380952,0.0380952380952381,False,False,True,False,0,0,0,0,0.25,0.3103448275862069,10290000
0.8717205563034156,0.0195195195195195,0.0193214402555664,0.0,0.03125,0.0476190476190476,0.0095238095238095,False,False,True,False,0,0,0,0,0.125,0.3103448275862069,2850000
0.9162783267827592,0.015015015015015,0.1190847333679733,0.1,0.125,0.0952380952380952,0.019047619047619,False,False,False,True,0,0,0,0,0.125,0.4482758620689654,25500000
0.838864006591308,0.0405405405405405,0.0697226872967303,0.05,0.09375,0.0952380952380952,0.019047619047619,False,False,True,False,0,0,0,0,0.125,0.2068965517241379,5600000
0.9713499751145208,0.0015015015015015,0.0633335257779573,0.05,0.0625,0.0952380952380952,0.0095238095238095,False,False,False,True,0,0,0,0,0.125,0.7931034482758621,16400000
0.8185420188599153,0.012012012012012,0.0733214017666416,0.05,0.125,0.0952380952380952,0.019047619047619,False,False,True,False,0,0,0,0,0.125,0.1379310344827586,10150000
0.8793034166846496,0.0,0.0914111964282277,0.05,0.09375,0.0952380952380952,0.019047619047619,False,False,False,True,0,0,0,0,0.125,0.7586206896551725,10080000
0.8810385619395902,0.0,0.0660662394396012,0.05,0.0625,0.0952380952380952,0.0095238095238095,False,False,True,False,0,0,0,0,0.125,0.3103448275862069,14320000
0.9031234333995996,0.0405405405405405,0.1073648557627542,0.05,0.125,0.0952380952380952,0.019047619047619,False,False,True,False,0,0,0,0,0.125,0.2413793103448275,13500000
0.9639875851140688,0.015015015015015,0.0828089217327713,0.05,0.09375,0.0952380952380952,0.019047619047619,False,False,False,True,0,0,0,0,0.125,0.3793103448275862,21500000
0.8968863106510696,0.0585585585585585,0.1345957700671631,0.0,0.1875,0.1428571428571428,0.0476190476190476,False,True,False,False,1,1,1,1,0.625,0.1379310344827586,24000000
0.8902355759856846,0.048048048048048,0.0518253372592036,0.0,0.09375,0.0952380952380952,0.0095238095238095,True,False,False,False,0,0,0,0,0.125,0.1379310344827586,5080000
0.8536972329584955,0.012012012012012,0.1029963627966052,0.1,0.09375,0.0952380952380952,0.019047619047619,False,False,False,True,0,0,0,0,0.125,0.4827586206896552,9510000
0.8072409971241257,0.0405405405405405,0.1261474510709543,0.0,0.21875,0.1428571428571428,0.0666666666666666,False,True,False,False,1,1,1,1,0.5,0.1034482758620689,10980000
0.930780137631274,0.039039039039039,0.0550776514058079,0.0,0.0625,0.0952380952380952,0.0095238095238095,False,False,False,True,0,0,0,0,0.125,0.6206896551724138,9150000
0.7963505159507918,0.0225225225225225,0.0183014837480514,0.0,0.03125,0.0476190476190476,0.0095238095238095,False,False,True,False,0,0,0,0,0.125,0.1379310344827586,2300000
0.938048857791074,0.057057057057057,0.0441852856840444,0.0,0.125,0.0476190476190476,0.019047619047619,True,False,False,False,0,0,0,0,0.125,0.1379310344827586,12500000
0.870553631473058,0.0,0.0619479244847295,0.0,0.125,0.0476190476190476,0.019047619047619,False,True,False,False,1,1,1,1,0.25,0.0344827586206896,8800000
0.9889599927777226,0.0465465465465465,0.0196678405788734,0.0,0.0,0.0,0.0,False,False,True,False,0,0,0,0,0.125,0.1379310344827586,3500000
0.9001507223483713,0.0,0.061101168138868,0.0,0.09375,0.0952380952380952,0.019047619047619,False,False,True,False,0,0,0,0,0.125,0.1379310344827586,9080000
0.9003051262801307,0.036036036036036,0.0565787194734715,0.0,0.0625,0.0952380952380952,0.019047619047619,False,False,False,True,0,0,0,0,0.125,0.3793103448275862,7880000
0.9163533857810648,0.018018018018018,0.0994938706387237,0.05,0.125,0.0952380952380952,0.019047619047619,False,False,False,True,0,0,0,0,0.125,0.4482758620689654,23760000
0.9593638290344018,0.0405405405405405,0.1265130958566672,0.05,0.125,0.0952380952380952,0.0285714285714285,False,True,False,False,1,1,1,1,0.5,0.1034482758620689,16800000
0.9617224200988232,0.0165165165165165,0.0697419317591363,0.05,0.0625,0.0952380952380952,0.0095238095238095,False,False,False,True,0,0,0,0,0.125,0.4827586206896552,18500000
0.8870291692742569,0.0,0.0676442853568885,0.0,0.15625,0.0952380952380952,0.019047619047619,False,True,False,False,1,1,1,1,0.25,0.0344827586206896,12000000
0.7937747817665581,0.0,0.0499586244058272,0.05,0.09375,0.0952380952380952,0.019047619047619,False,False,True,False,0,0,0,0,0.125,0.1379310344827586,5750000
0.8883294612802217,0.0375375375375375,0.0847718568981775,0.05,0.09375,0.0952380952380952,0.019047619047619,False,False,False,True,0,0,0,0,0.125,0.4482758620689654,8700000
0.8603199461933002,0.0225225225225225,0.0982237361199314,0.1,0.09375,0.0952380952380952,0.019047619047619,False,False,False,True,0,0,0,0,0.125,0.4137931034482758,16700000
0.8795083656932263,0.0615615615615615,0.0440698189096087,0.0,0.09375,0.0952380952380952,0.019047619047619,True,False,False,False,0,0,0,0,0.125,0.1379310344827586,4680000
0.8499160160754684,0.036036036036036,0.0185131728345168,0.0,0.0,0.0,0.0,False,False,True,False,0,0,0,0,0.125,0.3103448275862069,1100000
0.8267951265013096,0.0,0.0771318053230182,0.05,0.09375,0.0952380952380952,0.019047619047619,False,False,True,False,0,0,0,0,0.125,0.1724137931034483,8430000
0.9588150557934512,0.039039039039039,0.0717818447741662,0.05,0.09375,0.0952380952380952,0.0095238095238095,False,False,True,False,0,0,0,0,0.125,0.1379310344827586,10000000
0.8536972329584955,0.012012012012012,0.0617169909358582,0.05,0.0625,0.0952380952380952,0.0095238095238095,False,False,False,True,0,0,0,0,0.125,0.4827586206896552,8500000
0.8550127307143214,0.0405405405405405,0.0889286607778611,0.05,0.09375,0.0952380952380952,0.0095238095238095,False,False,False,True,0,0,0,0,0.125,0.6551724137931035,11500000
0.8849859493698204,0.042042042042042,0.0866770586763658,0.05,0.125,0.0952380952380952,0.019047619047619,False,False,True,False,0,0,0,0,0.125,0.1724137931034483,10000000
0.8005054173520989,0.0,0.0548274733945307,0.05,0.0625,0.0952380952380952,0.019047619047619,False,False,True,False,0,0,0,0,0.125,0.2413793103448275,6700000
0.8946586437712654,0.0225225225225225,0.0718203336989781,0.0,0.09375,0.0952380952380952,0.0095238095238095,False,False,False,True,0,0,0,0,0.125,0.9310344827586208,15260000
0.8504448778540166,0.036036036036036,0.0170698381540711,0.0,0.03125,0.0476190476190476,0.0095238095238095,True,False,False,False,0,0,0,0,0.125,0.1379310344827586,800000
0.8397297808673159,0.0,0.0589842772742143,0.05,0.0625,0.0476190476190476,0.0095238095238095,False,False,False,True,0,0,0,0,0.125,0.3793103448275862,6720000
0.8700635580976552,0.0405405405405405,0.1063256547928333,0.05,0.125,0.0952380952380952,0.0285714285714285,False,False,True,False,0,0,0,0,0.125,0.3103448275862069,13000000
0.8299375448115995,0.0,0.0818659430748802,0.0,0.1875,0.0952380952380952,0.0571428571428571,False,True,False,False,1,1,1,1,0.5,0.1034482758620689,7000000
0.869709116925975,0.0465465465465465,0.0468602659584704,0.0,0.0625,0.0952380952380952,0.0095238095238095,True,False,False,False,0,0,0,0,0.125,0.1379310344827586,4900000
0.8771420270266219,0.0075075075075075,0.0498239131689856,0.0,0.0625,0.0952380952380952,0.0095238095238095,False,False,False,True,0,0,0,0,0.125,0.3448275862068965,10420000
0.9618360092282215,0.0375375375375375,0.0602544117930065,0.05,0.0625,0.0952380952380952,0.0095238095238095,False,False,True,False,0,0,0,0,0.125,0.2413793103448275,9460000
0.8929400039660607,0.069069069069069,0.1125031272251409,0.0,0.21875,0.1428571428571428,0.0476190476190476,False,True,False,False,1,1,1,1,0.25,0.0344827586206896,22800000
0.8088326833934047,0.0,0.0575601870561745,0.05,0.0625,0.0476190476190476,0.0095238095238095,False,False,True,False,0,0,0,0,0.125,0.3103448275862069,4710000
0.8794845633554189,0.063063063063063,0.0484575563381636,0.0,0.09375,0.0952380952380952,0.019047619047619,True,False,False,False,0,0,0,0,0.125,0.1034482758620689,4550000
0.9587207033422088,0.0345345345345345,0.0492273348344013,0.05,0.0625,0.0952380952380952,0.019047619047619,False,False,True,False,0,0,0,0,0.125,0.3103448275862069,8880000
0.7661868164649093,0.0225225225225225,0.1146200180897946,0.0,0.125,0.0952380952380952,0.0285714285714285,False,True,False,False,1,1,1,1,0.5,0.1034482758620689,8800000
0.9886763175465774,0.075075075075075,0.0143756134172391,0.0,0.0625,0.0952380952380952,0.0095238095238095,False,True,False,False,1,1,1,1,0.125,0.0,7250000
0.8185213498922792,0.0,0.0665088620749379,0.0,0.09375,0.0952380952380952,0.019047619047619,False,False,True,False,0,0,0,0,0.125,0.1379310344827586,13730000
0.8132494833908481,0.009009009009009,0.0777476281200084,0.05,0.0625,0.0952380952380952,0.0095238095238095,False,False,False,True,0,0,0,0,0.125,0.4827586206896552,9520000
0.8413345208290082,0.0105105105105105,0.0918923079883763,0.05,0.09375,0.0952380952380952,0.019047619047619,False,False,False,True,0,0,0,0,0.125,0.4137931034482758,16300000
0.8697034092976708,0.0,0.0542116505975405,0.0,0.0,0.0,0.0,False,True,False,False,1,1,1,1,0.25,0.0344827586206896,16700000
0.9052523149028388,0.0,0.0618517021726998,0.0,0.09375,0.0952380952380952,0.019047619047619,False,True,False,False,1,1,1,1,0.25,0.0344827586206896,13800000
0.8098732767329011,0.0045045045045045,0.0632180590035217,0.05,0.0625,0.0476190476190476,0.0095238095238095,False,False,False,True,0,0,0,0,0.125,0.4827586206896552,8000000
0.9736541770705855,0.0,0.0044069818909608,0.0,0.15625,0.0952380952380952,0.0285714285714285,False,True,False,False,1,1,1,1,0.125,0.0,17410000
0.9019639097998606,0.036036036036036,0.0626214806689375,0.05,0.09375,0.0952380952380952,0.0095238095238095,False,False,True,False,0,0,0,0,0.125,0.3103448275862069,4800000
0.8747592683729977,0.0195195195195195,0.0379885687893308,0.0,0.0625,0.0952380952380952,0.019047619047619,False,False,False,True,0,0,0,0,0.125,0.3448275862068965,7400000
0.7968592069330214,0.0405405405405405,0.0777091391951965,0.05,0.09375,0.0952380952380952,0.019047619047619,False,False,True,False,0,0,0,0,0.125,0.2068965517241379,8000000
0.9953380870312288,0.033033033033033,0.1324403902776975,0.0,0.15625,0.0952380952380952,0.0380952380952381,False,True,False,False,1,1,1,1,0.5,0.1034482758620689,20520000
0.7811682958297013,0.006006006006006,0.051017069838154,0.0,0.09375,0.0952380952380952,0.0095238095238095,False,False,True,False,0,0,0,0,0.125,0.2413793103448275,6550000
0.9414281085051072,0.063063063063063,0.0459365317629852,0.0,0.09375,0.0952380952380952,0.0095238095238095,True,False,False,False,0,0,0,0,0.125,0.1034482758620689,8200000
0.8921324037370368,0.033033033033033,0.041952928044955,0.0,0.0,0.0,0.0,False,False,True,False,0,0,0,0,0.125,0.1379310344827586,7180000
0.8726548463696986,0.0615615615615615,0.0466100879471931,0.0,0.09375,0.0952380952380952,0.019047619047619,True,False,False,False,0,0,0,0,0.125,0.1379310344827586,3970000
0.8752125417884713,0.045045045045045,0.0195138848796258,0.0,0.03125,0.0476190476190476,0.0095238095238095,False,False,True,False,0,0,0,0,0.125,0.1379310344827586,1302285
0.8088326833934047,0.0,0.0710890441275522,0.05,0.0625,0.0476190476190476,0.0095238095238095,False,False,True,False,0,0,0,0,0.125,0.3103448275862069,5500000
0.9139964661208636,0.042042042042042,0.085599368781633,0.05,0.09375,0.0952380952380952,0.019047619047619,False,False,True,False,0,0,0,0,0.125,0.1379310344827586,9610000
0.8812746972495802,0.0,0.0781902507553451,0.05,0.125,0.0952380952380952,0.019047619047619,False,False,False,True,0,0,0,0,0.125,0.3448275862068965,11600000
0.9253616257925046,0.0075075075075075,0.0968188903642976,0.05,0.09375,0.0952380952380952,0.019047619047619,False,False,False,True,0,0,0,0,0.125,0.3793103448275862,24000000
0.8710426119670842,0.036036036036036,0.0887554606162076,0.05,0.0625,0.0952380952380952,0.0095238095238095,False,False,False,True,0,0,0,0,0.125,0.4137931034482758,9530000
0.8832537943239629,0.0,0.0424725285299155,0.0,0.0625,0.0952380952380952,0.0095238095238095,False,False,True,False,0,0,0,0,0.125,0.1379310344827586,4370000
0.9724249110852554,0.051051051051051,0.0679329522929776,0.0,0.09375,0.0952380952380952,0.0095238095238095,True,False,False,False,0,0,0,0,0.125,0.1379310344827586,8340000
0.884173380174758,0.0,0.0645459269095317,0.05,0.0625,0.0952380952380952,0.0095238095238095,False,False,True,False,0,0,0,0,0.125,0.3103448275862069,11090000
0.8935891237655085,0.054054054054054,0.0499586244058272,0.0,0.0625,0.0476190476190476,0.0095238095238095,True,False,False,False,0,0,0,0,0.125,0.1379310344827586,4500000
0.941428127563654,0.063063063063063,0.0381232800261724,0.0,0.09375,0.0952380952380952,0.019047619047619,True,False,False,False,0,0,0,0,0.125,0.1034482758620689,9500000
0.8711155125741641,0.009009009009009,0.0461097319246386,0.0,0.0,0.0,0.0,False,False,False,True,0,0,0,0,0.125,0.3448275862068965,6800000
0.9391250001991692,0.036036036036036,0.0808074976425533,0.0,0.09375,0.0952380952380952,0.019047619047619,False,False,False,True,0,0,0,0,0.125,0.4827586206896552,15000000
0.9409559724749386,0.0405405405405405,0.0482073783268864,0.0,0.09375,0.0952380952380952,0.019047619047619,True,False,False,False,0,0,0,0,0.125,0.1379310344827586,4200000
0.8787758556456993,0.048048048048048,0.0646998826087793,0.0,0.09375,0.0952380952380952,0.019047619047619,True,False,False,False,0,0,0,0,0.125,0.1379310344827586,4600000
0.7839275500705298,0.018018018018018,0.0905451956199603,0.0,0.09375,0.0952380952380952,0.0285714285714285,False,True,False,False,1,1,1,1,0.375,0.0689655172413793,11760000
0.8710481115851678,0.0195195195195195,0.0246136674172006,0.0,0.03125,0.0476190476190476,0.0095238095238095,False,False,True,False,0,0,0,0,0.125,0.3103448275862069,3600000
0.8523138541421531,0.0,0.1483363162250062,0.1,0.125,0.0952380952380952,0.019047619047619,False,False,False,True,0,0,0,0,0.125,0.3793103448275862,21250000
0.995035180959178,0.03003003003003,0.0174162384773781,0.0,0.03125,0.0476190476190476,0.0095238095238095,False,False,True,False,0,0,0,0,0.125,0.1724137931034483,2800000
0.8825747203157164,0.039039039039039,0.0645844158343436,0.05,0.0625,0.0952380952380952,0.0095238095238095,False,False,False,True,0,0,0,0,0.125,0.4137931034482758,8800000
0.9166940437328606,0.012012012012012,0.106094721243962,0.05,0.125,0.0952380952380952,0.019047619047619,False,False,False,True,0,0,0,0,0.125,0.4827586206896552,20300000
0.8838647872463525,0.0465465465465465,0.0185709062217346,0.0,0.03125,0.0476190476190476,0.0095238095238095,False,False,True,False,0,0,0,0,0.125,0.1724137931034483,1500000
0.8145594689378299,0.0045045045045045,0.0494775128456786,0.05,0.0625,0.0952380952380952,0.0095238095238095,False,False,True,False,0,0,0,0,0.125,0.1379310344827586,8100000
0.8596974750407185,0.0195195195195195,0.0299058945788349,0.0,0.09375,0.0952380952380952,0.0095238095238095,False,False,True,False,0,0,0,0,0.125,0.3103448275862069,6450000
0.9162783267827592,0.0165165165165165,0.0828858995823951,0.05,0.0,0.0,0.0,False,False,False,True,0,0,0,0,0.125,0.4482758620689654,19500000
0.9000756500900877,0.0,0.0611396570636799,0.0,0.1875,0.0952380952380952,0.0380952380952381,False,True,False,False,1,1,1,1,0.25,0.0344827586206896,9000000
0.9024598088634264,0.0345345345345345,0.0574254758193329,0.0,0.09375,0.0952380952380952,0.019047619047619,False,False,False,True,0,0,0,0,0.125,0.3793103448275862,10300000
0.8521107159320707,0.0225225225225225,0.0850990127590785,0.05,0.09375,0.0952380952380952,0.019047619047619,False,False,False,True,0,0,0,0,0.125,0.4827586206896552,14800000
0.8888130995608208,0.0405405405405405,0.0210341974096953,0.0,0.03125,0.0476190476190476,0.0095238095238095,False,False,True,False,0,0,0,0,0.125,0.2413793103448275,2500000
0.8556784513398838,0.021021021021021,0.0884283047553066,0.05,0.09375,0.0952380952380952,0.019047619047619,False,False,False,True,0,0,0,0,0.125,0.4137931034482758,11500000
0.9947170147091526,0.0465465465465465,0.1661566884129091,0.0,0.0,0.0,0.0,False,False,True,False,0,0,0,0,0.125,0.2068965517241379,25150000
0.9773146578769456,0.021021021021021,0.0296557165675576,0.0,0.03125,0.0476190476190476,0.0095238095238095,False,False,False,True,0,0,0,0,0.125,0.4137931034482758,6360000
0.938048857791074,0.0,0.0441852856840444,0.0,0.09375,0.0952380952380952,0.019047619047619,True,False,False,False,0,0,0,0,0.125,0.1379310344827586,9950000
0.914543801662944,0.024024024024024,0.0895059946500394,0.05,0.09375,0.0952380952380952,0.019047619047619,False,False,False,True,0,0,0,0,0.125,0.4482758620689654,19000000
0.902925969636641,0.0465465465465465,0.0478032446163616,0.0,0.09375,0.0476190476190476,0.0095238095238095,True,False,False,False,0,0,0,0,0.125,0.1379310344827586,5600000
0.8774321059575243,0.039039039039039,0.0656043723418586,0.05,0.09375,0.0952380952380952,0.019047619047619,False,False,True,False,0,0,0,0,0.125,0.2413793103448275,9200000
0.8088326833934047,0.0,0.0718973115486018,0.05,0.0625,0.0476190476190476,0.0095238095238095,False,False,True,False,0,0,0,0,0.125,0.3103448275862069,6200000
0.9931302905364704,0.0345345345345345,0.073841002251602,0.05,0.09375,0.0952380952380952,0.019047619047619,False,False,False,True,0,0,0,0,0.125,0.4482758620689654,12950000
0.8680844185217893,0.045045045045045,0.0824625214094644,0.0,0.125,0.0952380952380952,0.0285714285714285,False,True,False,False,1,1,1,1,0.5,0.1034482758620689,15630000
0.9791071127447708,0.0195195195195195,0.0388930585224101,0.05,0.03125,0.0476190476190476,0.0095238095238095,False,False,False,True,0,0,0,0,0.125,0.4137931034482758,8680000
0.8965439585410877,0.0195195195195195,0.0242672670938937,0.0,0.03125,0.0476190476190476,0.0095238095238095,False,False,True,False,0,0,0,0,0.125,0.2068965517241379,4300000
0.9019639097998606,0.036036036036036,0.0720320227854434,0.05,0.09375,0.0476190476190476,0.0095238095238095,False,False,True,False,0,0,0,0,0.125,0.3103448275862069,6380000
0.8523710616489382,0.03003003003003,0.0338510093720531,0.0,0.0625,0.0476190476190476,0.019047619047619,True,False,False,False,0,0,0,0,0.125,0.1379310344827586,3180000
0.8663372842086119,0.0255255255255255,0.0773050054846717,0.05,0.09375,0.0952380952380952,0.019047619047619,False,False,False,True,0,0,0,0,0.125,0.4482758620689654,14000000
0.951754911856483,0.015015015015015,0.1052672093605065,0.05,0.09375,0.0952380952380952,0.019047619047619,False,False,False,True,0,0,0,0,0.125,0.4137931034482758,18800000
0.8771293977986545,0.0015015015015015,0.0887939495410195,0.05,0.09375,0.0952380952380952,0.019047619047619,False,False,True,False,0,0,0,0,0.125,0.2758620689655172,16650000
0.8534820924107294,0.0,0.0695109982102649,0.05,0.09375,0.0952380952380952,0.019047619047619,False,False,True,False,0,0,0,0,0.125,0.1379310344827586,8200000
0.8011482497435907,0.021021021021021,0.1391182187325597,0.0,0.15625,0.0476190476190476,0.0285714285714285,False,True,False,False,1,1,1,1,0.5,0.1034482758620689,21000000
0.9075358856792376,0.0285285285285285,0.0234205107480322,0.0,0.03125,0.0476190476190476,0.0095238095238095,False,False,False,True,0,0,0,0,0.125,0.4137931034482758,3680000
0.81049387085082,0.021021021021021,0.0168196601427939,0.0,0.0,0.0,0.0,False,False,True,False,0,0,0,0,0.125,0.1724137931034483,1280000
0.8867044495936511,0.003003003003003,0.0685102861651559,0.05,0.0625,0.0476190476190476,0.0095238095238095,False,False,True,False,0,0,0,0,0.125,0.1724137931034483,12460000
0.9713499751145208,0.0015015015015015,0.0641033042741951,0.05,0.0625,0.0476190476190476,0.0095238095238095,False,False,False,True,0,0,0,0,0.125,0.7931034482758621,16500000
0.9480546288608308,0.0435435435435435,0.0277120258645574,0.0,0.03125,0.0476190476190476,0.0095238095238095,False,False,False,True,0,0,0,0,0.125,0.3793103448275862,5000000
0.919847773963312,0.0015015015015015,0.0668745068606508,0.05,0.0625,0.0952380952380952,0.0095238095238095,False,False,False,True,0,0,0,0,0.125,0.4827586206896552,15880000
0.8521107159320707,0.0195195195195195,0.1029963627966052,0.1,0.09375,0.0952380952380952,0.019047619047619,False,False,False,True,0,0,0,0,0.125,0.4827586206896552,12600000
0.8504891846732505,0.045045045045045,0.0974924465485056,0.05,0.125,0.0476190476190476,0.019047619047619,False,False,True,False,0,0,0,0,0.125,0.2068965517241379,8000000
0.8078205927135116,0.0,0.1557646787137001,0.0,0.125,0.0476190476190476,0.0571428571428571,False,True,False,False,1,1,1,1,0.5,0.1034482758620689,17000000
0.884173380174758,0.0,0.0814040759771375,0.1,0.0,0.0,0.0,False,False,True,False,0,0,0,0,0.125,0.3103448275862069,14950000
0.906121386647385,0.021021021021021,0.0192829513307545,0.0,0.03125,0.0476190476190476,0.0095238095238095,False,False,True,False,0,0,0,0,0.125,0.2413793103448275,3700000
0.9713499751145208,0.0015015015015015,0.0636029482516405,0.05,0.0625,0.0952380952380952,0.0095238095238095,False,False,False,True,0,0,0,0,0.125,0.7931034482758621,16850000
0.902406966830199,0.0735735735735735,0.0509400919885303,0.0,0.125,0.0952380952380952,0.019047619047619,False,True,False,False,1,1,1,1,0.25,0.0344827586206896,8500000
0.8711155125741641,0.009009009009009,0.0735523353155129,0.05,0.0625,0.0952380952380952,0.019047619047619,False,False,False,True,0,0,0,0,0.125,0.3448275862068965,11150000
0.8994703738654835,0.0585585585585585,0.0831938109808902,0.0,0.125,0.0952380952380952,0.0285714285714285,False,True,False,False,1,1,1,1,0.25,0.0344827586206896,18620000
0.8641935028927321,0.0645645645645645,0.0489001789735003,0.0,0.09375,0.0952380952380952,0.0095238095238095,False,True,False,False,1,1,1,1,0.25,0.0344827586206896,5700000
0.8493708199052037,0.012012012012012,0.1633662413640474,0.0,0.1875,0.0952380952380952,0.0380952380952381,False,True,False,False,1,1,1,1,0.5,0.1034482758620689,23250000
0.8608870471270791,0.0195195195195195,0.0249600677405076,0.05,0.0625,0.0952380952380952,0.0095238095238095,False,False,True,False,0,0,0,0,0.125,0.3103448275862069,6800000
0.9174127945923374,0.0195195195195195,0.1059215210823085,0.1,0.0625,0.0952380952380952,0.019047619047619,False,False,False,True,0,0,0,0,0.125,0.4482758620689654,18800000
0.9725018658415934,0.003003003003003,0.0706271770298096,0.05,0.0625,0.0952380952380952,0.0095238095238095,False,False,False,True,0,0,0,0,0.125,0.6896551724137931,17000000
0.906120711433516,0.0225225225225225,0.0202259299886457,0.0,0.03125,0.0476190476190476,0.0095238095238095,False,False,True,False,0,0,0,0,0.125,0.1379310344827586,3000000
0.8099840576604436,0.006006006006006,0.0792679406500779,0.05,0.09375,0.0952380952380952,0.019047619047619,False,False,False,True,0,0,0,0,0.125,0.4482758620689654,11175000
0.903286363522824,0.021021021021021,0.1486442276235013,0.0,0.15625,0.0952380952380952,0.0476190476190476,False,True,False,False,1,1,1,1,0.625,0.1379310344827586,24000000
0.8542813517565833,0.0105105105105105,0.0757077151049785,0.05,0.0625,0.0476190476190476,0.0095238095238095,False,False,False,True,0,0,0,0,0.125,0.3793103448275862,11500000
0.8976606908249778,0.036036036036036,0.0901218174470296,0.05,0.0625,0.0952380952380952,0.019047619047619,False,False,False,True,0,0,0,0,0.125,0.3793103448275862,16250000
0.8742381838899576,0.0315315315315315,0.0255566460750918,0.0,0.03125,0.0476190476190476,0.0095238095238095,False,False,False,True,0,0,0,0,0.125,0.4482758620689654,2400000
0.8089543511684951,0.0015015015015015,0.0940476877778419,0.05,0.09375,0.0952380952380952,0.019047619047619,False,False,False,True,0,0,0,0,0.125,0.4827586206896552,10580000
0.951754911856483,0.0165165165165165,0.1247426053153205,0.05,0.125,0.0952380952380952,0.019047619047619,False,False,False,True,0,0,0,0,0.125,0.4482758620689654,24780000
0.8536972329584955,0.012012012012012,0.0831938109808902,0.05,0.09375,0.0952380952380952,0.019047619047619,False,False,False,True,0,0,0,0,0.125,0.4827586206896552,12500000
0.8453320396136235,0.0,0.0502472913419163,0.0,0.0,0.0,0.0,False,True,False,False,1,1,1,1,0.25,0.0344827586206896,6460000
0.993809665578624,0.036036036036036,0.0981467582703077,0.05,0.09375,0.0952380952380952,0.019047619047619,False,False,False,True,0,0,0,0,0.125,0.4482758620689654,16600000
0.9942997234088295,0.0135135135135135,0.0695494871350768,0.05,0.0625,0.0952380952380952,0.019047619047619,False,False,True,False,0,0,0,0,0.125,0.2068965517241379,9300000
0.7700125075418214,0.003003003003003,0.0932394203567923,0.0,0.125,0.0952380952380952,0.0285714285714285,False,True,False,False,1,1,1,1,0.5,0.1034482758620689,13150000
0.8766705897828047,0.0375375375375375,0.1687931797625233,0.0,0.125,0.0952380952380952,0.0380952380952381,False,True,False,False,1,1,1,1,0.375,0.0689655172413793,20000000
0.8715962628093621,0.039039039039039,0.071166021977176,0.05,0.09375,0.0952380952380952,0.019047619047619,False,False,True,False,0,0,0,0,0.125,0.1724137931034483,7400000
0.8442938125835724,0.0585585585585585,0.0502472913419163,0.0,0.125,0.0952380952380952,0.019047619047619,False,True,False,False,1,1,1,1,0.25,0.0344827586206896,5450000
0.8618550815351398,0.0405405405405405,0.0765929603756519,0.0,0.09375,0.0952380952380952,0.019047619047619,False,False,True,False,0,0,0,0,0.125,0.1379310344827586,5950000
0.8711155125741641,0.009009009009009,0.0413755941727767,0.0,0.0,0.0,0.0,False,False,False,True,0,0,0,0,0.125,0.3448275862068965,6200000
0.7757430389768842,0.0315315315315315,0.1024960067740507,0.0,0.15625,0.0952380952380952,0.0285714285714285,False,True,False,False,1,1,1,1,0.5,0.1034482758620689,9500000
0.8099840576604436,0.0045045045045045,0.061428323999769,0.05,0.0625,0.0952380952380952,0.0095238095238095,False,False,False,True,0,0,0,0,0.125,0.4482758620689654,4900000
0.9675174813824584,0.009009009009009,0.0749571810711467,0.05,0.0625,0.0952380952380952,0.0095238095238095,False,False,False,True,0,0,0,0,0.125,0.7586206896551725,21000000
0.8871203561710956,0.0375375375375375,0.1331716798491234,0.0,0.125,0.0952380952380952,0.0380952380952381,False,True,False,False,1,1,1,1,0.5,0.1034482758620689,20600000
0.8718101950180994,0.021021021021021,0.1340376806573908,0.0,0.09375,0.1428571428571428,0.0285714285714285,False,True,False,False,1,1,1,1,0.375,0.0689655172413793,21500000
0.8920865302655727,0.0465465465465465,0.080557319631276,0.0,0.125,0.0952380952380952,0.019047619047619,False,False,True,False,0,0,0,0,0.125,0.2068965517241379,10800000
0.8475762804972362,0.0,0.0723784231087504,0.05,0.09375,0.0952380952380952,0.019047619047619,False,False,True,False,0,0,0,0,0.125,0.1379310344827586,13500000
0.8596974750407185,0.0195195195195195,0.0328310528645382,0.05,0.09375,0.0476190476190476,0.0095238095238095,False,False,True,False,0,0,0,0,0.125,0.3103448275862069,6800000
0.8524040925010468,0.0,0.0534226276388969,0.0,0.125,0.1428571428571428,0.0285714285714285,False,True,False,False,1,1,1,1,0.25,0.0344827586206896,12000000
0.7714609107810873,0.0585585585585585,0.0641802821238188,0.0,0.125,0.0952380952380952,0.019047619047619,False,True,False,False,1,1,1,1,0.25,0.0344827586206896,1921282
0.8675004736678602,0.045045045045045,0.0733598906914535,0.0,0.09375,0.0952380952380952,0.019047619047619,True,False,False,False,0,0,0,0,0.125,0.1379310344827586,4300000
0.9675174813824584,0.009009009009009,0.0932394203567923,0.1,0.0625,0.0952380952380952,0.0095238095238095,False,False,False,True,0,0,0,0,0.125,0.7586206896551725,22180000
0.9063990951390224,0.036036036036036,0.1018609395146546,0.0,0.1875,0.0952380952380952,0.0380952380952381,False,True,False,False,1,1,1,1,0.5,0.1034482758620689,10500000
0.8952239429120254,0.063063063063063,0.0555587629659565,0.0,0.09375,0.0952380952380952,0.0095238095238095,False,False,True,False,0,0,0,0,0.125,0.2068965517241379,7200000
0.9931302905364704,0.0345345345345345,0.0544425841464118,0.05,0.0625,0.0476190476190476,0.0095238095238095,False,False,False,True,0,0,0,0,0.125,0.4482758620689654,7800000
0.923813009063366,0.0,0.0612936127629274,0.0,0.1875,0.0952380952380952,0.019047619047619,False,True,False,False,1,1,1,1,0.25,0.0344827586206896,14260000
0.8702082492224008,0.042042042042042,0.0229778881126955,0.0,0.03125,0.0476190476190476,0.0095238095238095,False,False,True,False,0,0,0,0,0.125,0.1379310344827586,2450000
0.8267951265013096,0.0,0.0721474895598791,0.05,0.09375,0.0952380952380952,0.019047619047619,False,False,True,False,0,0,0,0,0.125,0.1724137931034483,7950000
0.8447815633650464,0.063063063063063,0.0634682370147989,0.0,0.0,0.0,0.0,False,True,False,False,1,1,1,1,0.25,0.0344827586206896,8100000
0.8504448778540166,0.036036036036036,0.0173200161653484,0.0,0.0,0.0,0.0,True,False,False,False,0,0,0,0,0.125,0.1379310344827586,790000
0.8335940831426001,0.045045045045045,0.0806920308681177,0.0,0.03125,0.0476190476190476,0.0095238095238095,False,False,True,False,0,0,0,0,0.125,0.2068965517241379,16800000
0.878150413822226,0.0045045045045045,0.0944903104131786,0.05,0.09375,0.0952380952380952,0.019047619047619,False,False,False,True,0,0,0,0,0.125,0.3793103448275862,21500000
0.9588150557934512,0.0405405405405405,0.0675865519696707,0.0,0.09375,0.0952380952380952,0.019047619047619,True,False,False,False,0,0,0,0,0.125,0.1379310344827586,9700000
0.884173380174758,0.0,0.092334930623713,0.05,0.09375,0.0952380952380952,0.019047619047619,False,False,True,False,0,0,0,0,0.125,0.3103448275862069,19700000
0.8025978236386493,0.0,0.1181609991724881,0.05,0.125,0.0952380952380952,0.019047619047619,False,False,True,False,0,0,0,0,0.125,0.2758620689655172,12900000
0.7797708918606361,0.0,0.0756884706425725,0.0,0.125,0.0952380952380952,0.019047619047619,False,False,True,False,0,0,0,0,0.125,0.1379310344827586,4500000
0.8605227998416751,0.072072072072072,0.1350576371649058,0.0,0.1875,0.0952380952380952,0.0285714285714285,False,True,False,False,1,1,1,1,0.375,0.0689655172413793,14350000
0.906121386647385,0.021021021021021,0.0222658430036756,0.0,0.03125,0.0476190476190476,0.0095238095238095,False,False,True,False,0,0,0,0,0.125,0.2413793103448275,3500000
0.8321018382601721,0.0405405405405405,0.0715316667628889,0.05,0.09375,0.0952380952380952,0.019047619047619,False,False,True,False,0,0,0,0,0.125,0.1724137931034483,5140000
0.912426171841986,0.063063063063063,0.0581182764659469,0.0,0.125,0.0952380952380952,0.019047619047619,False,True,False,False,1,1,1,1,0.25,0.0344827586206896,4700000
0.9931302905364704,0.033033033033033,0.1276292746762119,0.1,0.125,0.0952380952380952,0.019047619047619,False,False,False,True,0,0,0,0,0.125,0.4482758620689654,18660000
0.9408243353366856,0.033033033033033,0.0192059734811308,0.0,0.0,0.0,0.0,False,False,True,False,0,0,0,0,0.125,0.2068965517241379,2600000
0.9013404816813876,0.042042042042042,0.0346015434058849,0.0,0.09375,0.0952380952380952,0.019047619047619,False,False,True,False,0,0,0,0,0.125,0.1379310344827586,5000000
0.8942958663591014,0.0435435435435435,0.0806920308681177,0.05,0.09375,0.0952380952380952,0.019047619047619,True,False,False,False,0,0,0,0,0.125,0.1379310344827586,6500000
0.8596719670164532,0.0,0.0709350884283047,0.0,0.125,0.0952380952380952,0.019047619047619,True,False,False,False,0,0,0,0,0.125,0.1379310344827586,3360000
0.8523710616489382,0.03003003003003,0.0338510093720531,0.0,0.0,0.0,0.0,True,False,False,False,0,0,0,0,0.125,0.1379310344827586,2350000
0.9236626146163188,0.0435435435435435,0.0390085252968458,0.0,0.0625,0.0476190476190476,0.0095238095238095,False,False,True,False,0,0,0,0,0.125,0.2068965517241379,7980000
0.9377465626691616,0.021021021021021,0.1171217982025672,0.1,0.0625,0.0952380952380952,0.019047619047619,False,False,False,True,0,0,0,0,0.125,0.3793103448275862,25180000
0.8222641031561864,0.066066066066066,0.0581182764659469,0.0,0.09375,0.0952380952380952,0.019047619047619,False,True,False,False,1,1,1,1,0.25,0.0344827586206896,4200000
0.8714209796175112,0.0,0.0745530473606219,0.0,0.09375,0.0952380952380952,0.019047619047619,False,False,True,False,0,0,0,0,0.125,0.1379310344827586,11350000
0.9125991784463564,0.0375375375375375,0.0730904682177703,0.05,0.0625,0.0476190476190476,0.0095238095238095,False,False,True,False,0,0,0,0,0.125,0.2758620689655172,7600000
0.8820416839931227,0.036036036036036,0.073533090853107,0.0,0.09375,0.0952380952380952,0.019047619047619,False,False,False,True,0,0,0,0,0.125,0.6551724137931035,9350000
0.993809665578624,0.0345345345345345,0.1247426053153205,0.05,0.125,0.0952380952380952,0.019047619047619,False,False,False,True,0,0,0,0,0.125,0.4482758620689654,12800000
0.8521107159320707,0.021021021021021,0.1384254180859457,0.1,0.09375,0.0952380952380952,0.019047619047619,False,False,False,True,0,0,0,0,0.125,0.4827586206896552,11000000
0.8864297639625249,0.0225225225225225,0.1303812328002617,0.05,0.09375,0.0476190476190476,0.019047619047619,False,False,False,True,0,0,0,0,0.125,0.4482758620689654,16100000
0.8025583276644852,0.0135135135135135,0.0625445028193137,0.05,0.09375,0.0952380952380952,0.019047619047619,False,False,True,False,0,0,0,0,0.125,0.2758620689655172,8200000
0.8499160160754684,0.036036036036036,0.0183207282104574,0.0,0.0,0.0,0.0,True,False,False,False,0,0,0,0,0.125,0.1034482758620689,1150000
0.9019639097998606,0.036036036036036,0.0696457094471065,0.05,0.0625,0.0952380952380952,0.0095238095238095,False,False,True,False,0,0,0,0,0.125,0.3103448275862069,4650000
0.7707191493246057,0.0,0.0601389450185709,0.0,0.125,0.0952380952380952,0.0380952380952381,False,True,False,False,1,1,1,1,0.25,0.0344827586206896,1161800
0.8812496513193082,0.0405405405405405,0.0878894598079402,0.05,0.09375,0.0952380952380952,0.0095238095238095,False,False,True,False,0,0,0,0,0.125,0.2068965517241379,7760000
0.8670812182850511,0.012012012012012,0.0631603256163039,0.05,0.09375,0.0952380952380952,0.019047619047619,False,False,True,False,0,0,0,0,0.125,0.2758620689655172,13960000
0.9076674333533958,0.0,0.0672016627215518,0.05,0.09375,0.0952380952380952,0.019047619047619,False,False,True,False,0,0,0,0,0.125,0.2413793103448275,5850000
0.8596974750407185,0.0195195195195195,0.0299058945788349,0.0,0.03125,0.0476190476190476,0.0095238095238095,False,False,True,False,0,0,0,0,0.125,0.3103448275862069,6330000
0.8132494833908481,0.009009009009009,0.1009372053191694,0.05,0.125,0.0952380952380952,0.019047619047619,False,False,False,True,0,0,0,0,0.125,0.4827586206896552,13000000
0.923854165084947,0.021021021021021,0.0485152897253815,0.05,0.03125,0.0476190476190476,0.0095238095238095,False,False,True,False,0,0,0,0,0.125,0.1724137931034483,7700000
0.9725018658415934,0.003003003003003,0.0626984585185612,0.05,0.03125,0.0476190476190476,0.0095238095238095,False,False,False,True,0,0,0,0,0.125,0.6896551724137931,14300000
0.8960355086959453,0.033033033033033,0.1031118295710409,0.05,0.125,0.0952380952380952,0.019047619047619,False,False,True,False,0,0,0,0,0.125,0.2758620689655172,16000000
0.8706727311291047,0.0,0.0571368088832438,0.0,0.21875,0.0952380952380952,0.019047619047619,False,True,False,False,1,1,1,1,0.25,0.0344827586206896,12300000
0.9330644729093364,0.0345345345345345,0.0835787002290091,0.0,0.09375,0.0952380952380952,0.019047619047619,False,False,False,True,0,0,0,0,0.125,0.3793103448275862,9550000
0.9330644729093364,0.036036036036036,0.0476107999923022,0.0,0.125,0.0952380952380952,0.019047619047619,False,False,False,True,0,0,0,0,0.125,0.3793103448275862,5400000
0.951754911856483,0.015015015015015,0.1113677039431903,0.05,0.09375,0.0952380952380952,0.019047619047619,False,False,False,True,0,0,0,0,0.125,0.4482758620689654,22800000
0.8856602624968843,0.054054054054054,0.0593884109847391,0.0,0.09375,0.0952380952380952,0.019047619047619,True,False,False,False,0,0,0,0,0.125,0.1379310344827586,5600000
0.8504448778540166,0.0375375375375375,0.0170698381540711,0.0,0.0,0.0,0.0,True,False,False,False,0,0,0,0,0.125,0.1379310344827586,450000
0.9118223747563832,0.0045045045045045,0.1052287204356946,0.0,0.1875,0.0476190476190476,0.0571428571428571,False,True,False,False,1,1,1,1,0.5,0.1034482758620689,16000000
0.9019639097998606,0.0345345345345345,0.0787868290899293,0.05,0.09375,0.0952380952380952,0.019047619047619,True,False,False,False,0,0,0,0,0.125,0.1379310344827586,3700000
0.9698010057595924,0.039039039039039,0.0522102265073225,0.0,0.09375,0.0952380952380952,0.019047619047619,False,False,False,True,0,0,0,0,0.125,0.4137931034482758,10680000
0.8742381838899576,0.0315315315315315,0.0319650520562708,0.0,0.03125,0.0476190476190476,0.0095238095238095,False,False,False,True,0,0,0,0,0.125,0.4482758620689654,4550000
0.8594590822943644,0.0,0.1767603871985835,0.0,0.15625,0.0952380952380952,0.0571428571428571,False,True,False,False,1,1,1,1,0.5,0.1034482758620689,23330000
0.9491496789962072,0.021021021021021,0.0236706887593095,0.0,0.03125,0.0476190476190476,0.0095238095238095,False,False,True,False,0,0,0,0,0.125,0.1724137931034483,6100000
0.916107719418534,0.0,0.00602351673306,0.0,0.21875,0.1428571428571428,0.0285714285714285,False,True,False,False,1,1,1,1,0.25,0.0344827586206896,1900000
0.884173380174758,0.0,0.0999749821988722,0.05,0.09375,0.0952380952380952,0.019047619047619,False,False,True,False,0,0,0,0,0.125,0.3103448275862069,20250000
0.8322638228638937,0.0405405405405405,0.0729942459057406,0.05,0.09375,0.0476190476190476,0.019047619047619,False,False,True,False,0,0,0,0,0.125,0.1724137931034483,7000000
0.9713499751145208,0.0015015015015015,0.0620826357215711,0.05,0.0625,0.0952380952380952,0.0095238095238095,False,False,False,True,0,0,0,0,0.125,0.7931034482758621,16700000
0.884173380174758,0.0,0.0881973712064353,0.05,0.09375,0.0952380952380952,0.019047619047619,False,False,True,False,0,0,0,0,0.125,0.3103448275862069,17150000
0.8913570276343421,0.021021021021021,0.1031310740334468,0.05,0.0625,0.0952380952380952,0.019047619047619,False,False,False,True,0,0,0,0,0.125,0.9655172413793104,16800000
0.8733447934461083,0.0,0.0222850874660816,0.0,0.03125,0.0476190476190476,0.0095238095238095,False,False,True,False,0,0,0,0,0.125,0.3103448275862069,3900000
0.8947900115809091,0.036036036036036,0.2959605873409926,0.1,0.125,0.1428571428571428,0.0380952380952381,False,False,False,True,0,0,0,0,0.125,0.4137931034482758,21500000
0.930780137631274,0.039039039039039,0.0437619075111136,0.0,0.0625,0.0952380952380952,0.0095238095238095,False,False,False,True,0,0,0,0,0.125,0.6206896551724138,7320000
0.9013404816813876,0.0405405405405405,0.039258703308123,0.0,0.09375,0.0952380952380952,0.0285714285714285,False,False,True,False,0,0,0,0,0.125,0.1379310344827586,4120000
0.8423404517402275,0.0,0.1139464619055866,0.0,0.15625,0.0952380952380952,0.0476190476190476,False,True,False,False,1,1,1,1,0.5,0.1034482758620689,15500000
0.9040910470443464,0.0435435435435435,0.1062679214056155,0.0,0.09375,0.0952380952380952,0.0285714285714285,False,True,False,False,1,1,1,1,0.375,0.0689655172413793,15360000
0.8472374235493305,0.0,0.1377326174393318,0.0,0.125,0.0952380952380952,0.0285714285714285,False,True,False,False,1,1,1,1,0.5,0.1034482758620689,22800000
0.8293215299994756,0.0,0.1294767430671824,0.0,0.15625,0.0952380952380952,0.0380952380952381,False,True,False,False,1,1,1,1,0.375,0.0689655172413793,21070000
0.8551099529481974,0.018018018018018,0.1068644997401997,0.05,0.09375,0.0952380952380952,0.019047619047619,False,False,False,True,0,0,0,0,0.125,0.3793103448275862,14200000
0.8827779501289115,0.0345345345345345,0.1118488155033389,0.05,0.125,0.0952380952380952,0.019047619047619,False,False,False,True,0,0,0,0,0.125,0.6896551724137931,15500000
0.9038916136637738,0.0435435435435435,0.0194753959548139,0.0,0.03125,0.0476190476190476,0.0095238095238095,False,False,True,False,0,0,0,0,0.125,0.2068965517241379,1750000
0.9804466849668928,0.0465465465465465,0.0194176625675961,0.0,0.0,0.0,0.0,False,False,True,False,0,0,0,0,0.125,0.2068965517241379,1630000
0.8827304214912886,0.0,0.0622365914208186,0.05,0.0625,0.0952380952380952,0.0095238095238095,False,False,False,True,0,0,0,0,0.125,0.3448275862068965,13240000
0.8663950672076624,0.0,0.0553663183418971,0.0,0.09375,0.0952380952380952,0.019047619047619,False,False,True,False,0,0,0,0,0.125,0.1379310344827586,10200000
0.9713499751145208,0.0,0.0902180397590593,0.05,0.09375,0.0952380952380952,0.019047619047619,False,False,False,True,0,0,0,0,0.125,0.7931034482758621,22500000
0.943316208501642,0.0345345345345345,0.0303677616765775,0.0,0.03125,0.0476190476190476,0.0095238095238095,False,False,True,False,0,0,0,0,0.125,0.1724137931034483,4750000
0.9020622472346248,0.0225225225225225,0.0157034813232492,0.0,0.03125,0.0476190476190476,0.0095238095238095,False,False,True,False,0,0,0,0,0.125,0.1724137931034483,2300000
0.8841410003319652,0.0255255255255255,0.0293670496314685,0.0,0.03125,0.0476190476190476,0.0095238095238095,False,False,True,False,0,0,0,0,0.125,0.1034482758620689,3350000
0.9759167790402898,0.0195195195195195,0.0890248830898908,0.05,0.09375,0.0952380952380952,0.019047619047619,False,False,False,True,0,0,0,0,0.125,0.4827586206896552,24800000
0.9166940437328606,0.012012012012012,0.1191617112175971,0.05,0.09375,0.0952380952380952,0.019047619047619,False,False,False,True,0,0,0,0,0.125,0.4827586206896552,23000000
0.9019639097998606,0.0345345345345345,0.0717818447741662,0.05,0.09375,0.0952380952380952,0.0095238095238095,False,False,True,False,0,0,0,0,0.125,0.3103448275862069,5200000
0.9125991784463564,0.036036036036036,0.028847449146508,0.0,0.0,0.0,0.0,False,False,True,False,0,0,0,0,0.125,0.2758620689655172,4800000
0.8796412232119053,0.0015015015015015,0.057406231356927,0.05,0.09375,0.0952380952380952,0.0095238095238095,False,False,False,True,0,0,0,0,0.125,0.3793103448275862,11980000
0.8643961707628591,0.0435435435435435,0.029867405654023,0.0,0.03125,0.0476190476190476,0.0095238095238095,False,False,True,False,0,0,0,0,0.125,0.1379310344827586,3000000
0.9194125468714844,0.0675675675675675,0.0935665762176933,0.0,0.15625,0.1428571428571428,0.0285714285714285,False,True,False,False,1,1,1,1,0.25,0.0344827586206896,15000000
0.8058212309890393,0.0015015015015015,0.1421973327175105,0.0,0.09375,0.0952380952380952,0.0285714285714285,False,True,False,False,1,1,1,1,0.375,0.0689655172413793,23800000
0.8733907012787938,0.0375375375375375,0.0793256740372957,0.05,0.09375,0.0952380952380952,0.019047619047619,False,False,True,False,0,0,0,0,0.125,0.1379310344827586,8100000
0.8185213498922792,0.0,0.074533802898216,0.05,0.09375,0.0952380952380952,0.019047619047619,False,False,True,False,0,0,0,0,0.125,0.1379310344827586,10890000
0.8752763281196678,0.045045045045045,0.0279814483382406,0.0,0.03125,0.0476190476190476,0.0095238095238095,False,False,False,True,0,0,0,0,0.125,0.3793103448275862,3650000
0.899458496525881,0.0,0.0432038181013413,0.0,0.03125,0.0476190476190476,0.0095238095238095,False,False,True,False,0,0,0,0,0.125,0.2068965517241379,10700000
0.8504448778540166,0.0375375375375375,0.0164925042818928,0.0,0.03125,0.0476190476190476,0.0095238095238095,True,False,False,False,0,0,0,0,0.125,0.1379310344827586,1100000
0.9787869668023744,0.0435435435435435,0.0696264649847006,0.05,0.09375,0.0952380952380952,0.019047619047619,False,False,True,False,0,0,0,0,0.125,0.2068965517241379,13000000
0.8521107159320707,0.021021021021021,0.0605815676539075,0.05,0.03125,0.0476190476190476,0.0095238095238095,False,False,False,True,0,0,0,0,0.125,0.4827586206896552,7050000
0.8284566749983071,0.012012012012012,0.0834247445297615,0.05,0.09375,0.0952380952380952,0.019047619047619,False,False,False,True,0,0,0,0,0.125,0.3448275862068965,10200000
0.8767792098235816,0.024024024024024,0.0906799068568019,0.05,0.09375,0.0952380952380952,0.019047619047619,False,False,False,True,0,0,0,0,0.125,0.3793103448275862,15300000
0.9288353496517344,0.009009009009009,0.0975501799357234,0.05,0.0625,0.0476190476190476,0.019047619047619,False,False,True,False,0,0,0,0,0.125,0.3103448275862069,20000000
0.938048857791074,0.0,0.0441852856840444,0.0,0.09375,0.0952380952380952,0.019047619047619,True,False,False,False,0,0,0,0,0.125,0.1379310344827586,9600000
0.8585089591730082,0.0195195195195195,0.0808074976425533,0.05,0.09375,0.0952380952380952,0.019047619047619,False,False,False,True,0,0,0,0,0.125,0.3793103448275862,13700000
0.8099840576604436,0.0045045045045045,0.0781710062929392,0.05,0.0,0.0,0.0,False,False,False,True,0,0,0,0,0.125,0.4482758620689654,13000000
0.8523138541421531,0.0,0.1250120277890037,0.05,0.125,0.0952380952380952,0.019047619047619,False,False,False,True,0,0,0,0,0.125,0.3793103448275862,14750000
0.913596586877958,0.0735735735735735,0.0287512268344783,0.0,0.125,0.0952380952380952,0.019047619047619,False,True,False,False,1,1,1,1,0.25,0.0344827586206896,4000000
0.8643961707628591,0.0435435435435435,0.0271539364547851,0.0,0.03125,0.0476190476190476,0.0095238095238095,False,False,True,False,0,0,0,0,0.125,0.1379310344827586,2600000
0.8769861855952854,0.0,0.0652579720185516,0.0,0.09375,0.0952380952380952,0.019047619047619,True,False,False,False,0,0,0,0,0.125,0.1379310344827586,6000000
0.8204398020524479,0.0615615615615615,0.1277447414506475,0.0,0.125,0.0952380952380952,0.019047619047619,False,True,False,False,1,1,1,1,0.25,0.0344827586206896,10000000
0.8521107159320707,0.0225225225225225,0.062121124646383,0.05,0.0625,0.0476190476190476,0.0095238095238095,False,False,False,True,0,0,0,0,0.125,0.4827586206896552,8500000
0.8530862566442465,0.03003003003003,0.1304966995746973,0.0,0.0,0.0,0.0,False,True,False,False,1,1,1,1,0.5,0.1034482758620689,12800000
0.881466826262681,0.012012012012012,0.0216692646690914,0.0,0.0,0.0,0.0,False,False,True,False,0,0,0,0,0.125,0.3103448275862069,3650000
0.8769993521301558,0.054054054054054,0.074880203221523,0.0,0.125,0.0952380952380952,0.019047619047619,False,True,False,False,1,1,1,1,0.25,0.0344827586206896,13800000
0.9391250001991692,0.036036036036036,0.0808074976425533,0.0,0.09375,0.0952380952380952,0.019047619047619,False,False,False,True,0,0,0,0,0.125,0.4827586206896552,15000000
0.9008166647845428,0.042042042042042,0.0179550834247445,0.0,0.0,0.0,0.0,False,False,True,False,0,0,0,0,0.125,0.2758620689655172,3200000
0.9243424281085026,0.0405405405405405,0.1114446817928141,0.05,0.125,0.0952380952380952,0.019047619047619,False,False,False,True,0,0,0,0,0.125,0.7241379310344828,20500000
0.8867800740609368,0.054054054054054,0.0840983007139695,0.0,0.15625,0.1428571428571428,0.0285714285714285,False,True,False,False,1,1,1,1,0.25,0.0344827586206896,19280000
0.984656218561156,0.039039039039039,0.0903335065334949,0.05,0.09375,0.0952380952380952,0.019047619047619,False,False,False,True,0,0,0,0,0.125,0.5172413793103449,13200000
0.8594657294463843,0.045045045045045,0.0261532244096761,0.0,0.03125,0.0476190476190476,0.0095238095238095,False,False,False,True,0,0,0,0,0.125,0.3793103448275862,3800000
0.8890022780425966,0.066066066066066,0.0666820622365914,0.0,0.125,0.0952380952380952,0.019047619047619,False,True,False,False,1,1,1,1,0.25,0.0344827586206896,15880000
0.8499160160754684,0.036036036036036,0.0183207282104574,0.0,0.03125,0.0476190476190476,0.0095238095238095,True,False,False,False,0,0,0,0,0.125,0.1034482758620689,1180000
0.969517121748737,0.039039039039039,0.0825779881839,0.05,0.09375,0.0952380952380952,0.019047619047619,False,False,True,False,0,0,0,0,0.125,0.3103448275862069,13000000
0.875993196956955,0.045045045045045,0.0217847314435271,0.0,0.03125,0.0476190476190476,0.0095238095238095,False,False,False,True,0,0,0,0,0.125,0.3793103448275862,2120000
0.812156301836751,0.0075075075075075,0.0692415757365818,0.05,0.09375,0.0952380952380952,0.019047619047619,False,False,True,False,0,0,0,0,0.125,0.1379310344827586,7300000
0.8839297370578265,0.033033033033033,0.0888324384658314,0.05,0.09375,0.0952380952380952,0.019047619047619,False,False,False,True,0,0,0,0,0.125,0.7241379310344828,13800000
0.8411271421842912,0.0405405405405405,0.1796855454842869,0.0,0.0,0.0,0.0,False,False,False,True,0,0,0,0,0.125,0.3793103448275862,15300000
0.8729355338805647,0.0375375375375375,0.0760348709658795,0.05,0.09375,0.0952380952380952,0.019047619047619,False,False,False,True,0,0,0,0,0.125,0.5517241379310345,9900000
0.9038916136637738,0.0435435435435435,0.0164155264322691,0.0,0.03125,0.0476190476190476,0.0095238095238095,False,False,True,False,0,0,0,0,0.125,0.2068965517241379,3300000
0.8820416839931227,0.036036036036036,0.0914689298154456,0.05,0.09375,0.0952380952380952,0.019047619047619,False,False,False,True,0,0,0,0,0.125,0.6896551724137931,12500000
0.9614570565717032,0.0465465465465465,0.019802551815715,0.0,0.03125,0.0476190476190476,0.0095238095238095,True,False,False,False,0,0,0,0,0.125,0.1034482758620689,4500000
0.8105573726655564,0.06006006006006,0.054384850759194,0.0,0.125,0.0952380952380952,0.019047619047619,False,True,False,False,1,1,1,1,0.25,0.0344827586206896,9380000
0.884173380174758,0.0,0.0871581702365144,0.05,0.09375,0.0952380952380952,0.019047619047619,False,False,True,False,0,0,0,0,0.125,0.3103448275862069,17100000
0.834633708368699,0.0,0.105767565383061,0.05,0.09375,0.0952380952380952,0.019047619047619,False,False,False,True,0,0,0,0,0.125,0.4827586206896552,16290000
0.9931302905364704,0.033033033033033,0.08931355002598,0.1,0.09375,0.0952380952380952,0.019047619047619,False,False,False,True,0,0,0,0,0.125,0.4482758620689654,14300000
0.8811758512643166,0.0345345345345345,0.0941439100898716,0.0,0.09375,0.0952380952380952,0.019047619047619,False,False,True,False,0,0,0,0,0.125,0.2068965517241379,9300000
0.882474529336065,0.003003003003003,0.0864268806650886,0.05,0.09375,0.0952380952380952,0.019047619047619,False,False,True,False,0,0,0,0,0.125,0.3103448275862069,16800000
0.8752763281196678,0.045045045045045,0.0069280064661393,0.0,0.0,0.0,0.0,False,False,False,True,0,0,0,0,0.125,0.3793103448275862,400000
0.8767792098235816,0.024024024024024,0.1011488944056347,0.05,0.09375,0.0952380952380952,0.019047619047619,False,False,False,True,0,0,0,0,0.125,0.3793103448275862,16200000
0.8499160160754684,0.036036036036036,0.0189750399322594,0.0,0.03125,0.0476190476190476,0.0095238095238095,True,False,False,False,0,0,0,0,0.125,0.1034482758620689,950000
0.8499160160754684,0.036036036036036,0.0185131728345168,0.0,0.0,0.0,0.0,False,False,True,False,0,0,0,0,0.125,0.3103448275862069,1200000
0.8244794571325826,0.0195195195195195,0.1046706310259222,0.0,0.09375,0.0952380952380952,0.019047619047619,False,True,False,False,1,1,1,1,0.25,0.0344827586206896,6800000
0.8219002214280522,0.0165165165165165,0.0188210842330119,0.0,0.03125,0.0476190476190476,0.0095238095238095,False,False,True,False,0,0,0,0,0.125,0.1379310344827586,2500000
0.8029228960063222,0.027027027027027,0.0219386871427746,0.0,0.0,0.0,0.0,False,False,True,False,0,0,0,0,0.125,0.2413793103448275,2450000
0.838864006591308,0.042042042042042,0.0576756538306102,0.0,0.09375,0.0952380952380952,0.019047619047619,False,False,True,False,0,0,0,0,0.125,0.2068965517241379,5750000
0.8839297370578265,0.0315315315315315,0.0407212824509747,0.0,0.0625,0.0952380952380952,0.0095238095238095,False,False,False,True,0,0,0,0,0.125,0.6551724137931035,7150000
0.8680148243788892,0.072072072072072,0.0565594750110655,0.0,0.125,0.0952380952380952,0.0285714285714285,False,True,False,False,1,1,1,1,0.25,0.0344827586206896,15450000
0.8089543511684951,0.0015015015015015,0.0843677231876527,0.05,0.09375,0.0952380952380952,0.019047619047619,False,False,False,True,0,0,0,0,0.125,0.4827586206896552,8300000
0.8717205563034156,0.0195195195195195,0.0260185131728345,0.05,0.03125,0.0476190476190476,0.0095238095238095,False,False,True,False,0,0,0,0,0.125,0.3103448275862069,4850000
0.9105974534478776,0.039039039039039,0.0308488732367261,0.0,0.03125,0.0476190476190476,0.0095238095238095,False,False,False,True,0,0,0,0,0.125,0.3793103448275862,3200000
0.906121386647385,0.021021021021021,0.0272501587668148,0.05,0.03125,0.0476190476190476,0.0095238095238095,False,False,True,False,0,0,0,0,0.125,0.2413793103448275,5000000
0.8504080620708976,0.006006006006006,0.1511075188114619,0.0,0.15625,0.0476190476190476,0.0285714285714285,False,True,False,False,1,1,1,1,0.5,0.1034482758620689,18980000
0.8908980798961181,0.0345345345345345,0.0695302426726709,0.0,0.125,0.0476190476190476,0.0285714285714285,False,True,False,False,1,1,1,1,0.375,0.0689655172413793,9000000
0.8962071447714663,0.0405405405405405,0.0441083078344206,0.0,0.0625,0.0952380952380952,0.019047619047619,False,False,False,True,0,0,0,0,0.125,0.3793103448275862,5200000
0.9221746930602136,0.0315315315315315,0.1137540172815272,0.0,0.125,0.0952380952380952,0.0285714285714285,False,True,False,False,1,1,1,1,0.375,0.0689655172413793,15500000
0.9377465626691616,0.021021021021021,0.1190462444431614,0.1,0.125,0.0952380952380952,0.019047619047619,False,False,False,True,0,0,0,0,0.125,0.4137931034482758,25000000
0.8159726423340032,0.0195195195195195,0.0913534630410099,0.05,0.125,0.0952380952380952,0.019047619047619,False,False,False,True,0,0,0,0,0.125,0.4482758620689654,10000000
0.8709085226434752,0.0435435435435435,0.0556164963531743,0.0,0.0625,0.0952380952380952,0.019047619047619,False,False,True,False,0,0,0,0,0.125,0.1379310344827586,8150000
0.8755398931856462,0.0405405405405405,0.1693705136347016,0.05,0.15625,0.0952380952380952,0.019047619047619,False,False,False,True,0,0,0,0,0.125,0.4482758620689654,20000000
0.8912583637173555,0.0,0.0490926235975598,0.0,0.0625,0.0952380952380952,0.0095238095238095,False,False,True,False,0,0,0,0,0.125,0.2068965517241379,5600000
0.7670477154055391,0.0,0.0674325962704231,0.05,0.09375,0.0952380952380952,0.019047619047619,False,False,True,False,0,0,0,0,0.125,0.1379310344827586,8500000
0.9013404816813876,0.039039039039039,0.0239208667705867,0.0,0.03125,0.0952380952380952,0.019047619047619,False,False,True,False,0,0,0,0,0.125,0.1379310344827586,2600000
0.8765271032643511,0.0,0.099378403864288,0.05,0.09375,0.0952380952380952,0.019047619047619,False,False,True,False,0,0,0,0,0.125,0.3103448275862069,20300000
0.9588150557934512,0.0405405405405405,0.0413371052479649,0.0,0.0625,0.0952380952380952,0.0095238095238095,True,False,False,False,0,0,0,0,0.125,0.1379310344827586,6180000
0.8029228960063222,0.0255255255255255,0.0223043319284875,0.0,0.03125,0.0476190476190476,0.0095238095238095,False,False,True,False,0,0,0,0,0.125,0.2413793103448275,2250000
0.8823323884377601,0.0,0.1014568058041298,0.05,0.0,0.0,0.0,False,False,True,False,0,0,0,0,0.125,0.1724137931034483,18860000
0.8742381838899576,0.033033033033033,0.0258838019359929,0.0,0.03125,0.0476190476190476,0.0095238095238095,False,False,False,True,0,0,0,0,0.125,0.4482758620689654,4500000
0.8504448778540166,0.0375375375375375,0.0205145969247349,0.0,0.0,0.0,0.0,True,False,False,False,0,0,0,0,0.125,0.1379310344827586,700000
0.7645812924161248,0.0,0.0656428612666705,0.05,0.09375,0.0952380952380952,0.019047619047619,False,False,True,False,0,0,0,0,0.125,0.1379310344827586,7139050
0.8823323884377601,0.0,0.1014568058041298,0.05,0.0,0.0,0.0,False,False,True,False,0,0,0,0,0.125,0.1724137931034483,18680000
0.8745719461071815,0.0,0.0455131535900544,0.0,0.09375,0.0476190476190476,0.0095238095238095,True,False,False,False,0,0,0,0,0.125,0.1379310344827586,4850000
0.8551099529481974,0.0195195195195195,0.1085772568943286,0.05,0.09375,0.0952380952380952,0.019047619047619,False,False,False,True,0,0,0,0,0.125,0.4482758620689654,15000000
0.8786240070399742,0.0,0.0499393799434212,0.0,0.09375,0.0952380952380952,0.0095238095238095,True,False,False,False,0,0,0,0,0.125,0.1379310344827586,4650000
0.9587207033422088,0.0345345345345345,0.056059118988511,0.05,0.15625,0.0952380952380952,0.019047619047619,False,False,True,False,0,0,0,0,0.125,0.3103448275862069,10000000
0.8849859493698204,0.042042042042042,0.0756692261801666,0.05,0.09375,0.0952380952380952,0.019047619047619,False,False,True,False,0,0,0,0,0.125,0.1724137931034483,9240000
0.8504448778540166,0.036036036036036,0.0170698381540711,0.0,0.0,0.0,0.0,True,False,False,False,0,0,0,0,0.125,0.1379310344827586,840000
0.978919875635853,0.0405405405405405,0.0786136289282758,0.0,0.125,0.0952380952380952,0.019047619047619,False,False,True,False,0,0,0,0,0.125,0.2068965517241379,15400000
0.870839878529921,0.0465465465465465,0.0873698593229798,0.0,0.09375,0.0952380952380952,0.019047619047619,False,False,False,True,0,0,0,0,0.125,0.3793103448275862,10360000
0.8159550919169476,0.012012012012012,0.0686449974019975,0.05,0.125,0.0952380952380952,0.019047619047619,False,False,True,False,0,0,0,0,0.125,0.1379310344827586,9800000
0.8524890670175864,0.0165165165165165,0.0602544117930065,0.05,0.0625,0.0476190476190476,0.0095238095238095,False,False,False,True,0,0,0,0,0.125,0.4827586206896552,8600000
0.8056295769107464,0.0015015015015015,0.0830013663568308,0.05,0.0625,0.0476190476190476,0.0095238095238095,False,False,False,True,0,0,0,0,0.125,0.4827586206896552,5810000
0.8757483820249661,0.0,0.0337547870600234,0.0,0.03125,0.0476190476190476,0.0095238095238095,False,False,False,True,0,0,0,0,0.125,0.3793103448275862,3900000
0.8729355338805647,0.0375375375375375,0.1375979062024902,0.1,0.09375,0.0952380952380952,0.019047619047619,False,False,False,True,0,0,0,0,0.125,0.5517241379310345,24850000
0.8120205825065625,0.009009009009009,0.0852529684583261,0.05,0.09375,0.0952380952380952,0.019047619047619,False,False,False,True,0,0,0,0,0.125,0.4482758620689654,8090000
0.9713499751145208,0.0015015015015015,0.0629871254546504,0.05,0.0625,0.0952380952380952,0.0095238095238095,False,False,False,True,0,0,0,0,0.125,0.7931034482758621,17180000
0.9920730931332002,0.0,0.0569828531839963,0.0,0.15625,0.0952380952380952,0.0285714285714285,False,True,False,False,1,1,1,1,0.25,0.0344827586206896,8500000
0.8883294612802217,0.0375375375375375,0.085291457383138,0.05,0.125,0.0952380952380952,0.019047619047619,False,False,False,True,0,0,0,0,0.125,0.4482758620689654,14170000
0.8075307442336737,0.042042042042042,0.0620056578719473,0.0,0.09375,0.0952380952380952,0.019047619047619,False,False,False,True,0,0,0,0,0.125,0.3793103448275862,4800000
0.8541276761023937,0.0,0.1416392433077382,0.0,0.125,0.0952380952380952,0.019047619047619,False,True,False,False,1,1,1,1,0.5,0.1034482758620689,24200000
0.9741042431859056,0.009009009009009,0.0532686719396493,0.05,0.0625,0.0952380952380952,0.019047619047619,False,False,True,False,0,0,0,0,0.125,0.1379310344827586,10480000
0.8802162065837251,0.0225225225225225,0.0266920693570425,0.0,0.03125,0.0476190476190476,0.0095238095238095,False,False,False,True,0,0,0,0,0.125,0.3448275862068965,4160000
0.8540677603559175,0.0315315315315315,0.1582279699016608,0.0,0.34375,0.1904761904761904,0.0666666666666666,False,True,False,False,1,1,1,1,0.5,0.1034482758620689,15100000
0.7811682958297013,0.006006006006006,0.0609664569020264,0.05,0.0625,0.0952380952380952,0.0095238095238095,False,False,True,False,0,0,0,0,0.125,0.2413793103448275,6250000
0.8182861210091232,0.057057057057057,0.0379693243269249,0.0,0.125,0.0952380952380952,0.0285714285714285,False,True,False,False,1,1,1,1,0.25,0.0344827586206896,4830000
0.8617100554662329,0.039039039039039,0.0675865519696707,0.05,0.09375,0.0952380952380952,0.019047619047619,False,False,True,False,0,0,0,0,0.125,0.2068965517241379,7770000
0.9885055920579476,0.0225225225225225,0.1377711063641437,0.0,0.0,0.0,0.0,False,True,False,False,1,1,1,1,0.625,0.1379310344827586,22000000
0.8405457629282296,0.042042042042042,0.1580740142024132,0.0,0.125,0.0952380952380952,0.0380952380952381,False,True,False,False,1,1,1,1,0.625,0.1379310344827586,13750000
0.884173380174758,0.0,0.0999749821988722,0.05,0.09375,0.0952380952380952,0.019047619047619,False,False,True,False,0,0,0,0,0.125,0.3103448275862069,20200000
0.8596974750407185,0.018018018018018,0.0299058945788349,0.0,0.0625,0.0476190476190476,0.0095238095238095,False,False,True,False,0,0,0,0,0.125,0.3103448275862069,5650000
0.8646360050458952,0.0495495495495495,0.0722052229470969,0.0,0.09375,0.0952380952380952,0.0285714285714285,False,True,False,False,1,1,1,1,0.25,0.0344827586206896,12500000
0.8267951265013096,0.0,0.0707426438042453,0.05,0.09375,0.0952380952380952,0.019047619047619,False,False,True,False,0,0,0,0,0.125,0.1724137931034483,8000000
0.7924998943753963,0.0,0.0737832688643842,0.0,0.15625,0.0952380952380952,0.019047619047619,False,True,False,False,1,1,1,1,0.25,0.0344827586206896,7800000
0.7921384895870176,0.0375375375375375,0.1246078940784789,0.0,0.125,0.1428571428571428,0.0285714285714285,False,True,False,False,1,1,1,1,0.5,0.1034482758620689,5200000
0.8787064221215246,0.0105105105105105,0.0890441275522968,0.05,0.09375,0.0952380952380952,0.019047619047619,False,False,False,True,0,0,0,0,0.125,0.4137931034482758,15000000
0.8029228960063222,0.0255255255255255,0.0208609972480418,0.0,0.03125,0.0476190476190476,0.0095238095238095,False,False,True,False,0,0,0,0,0.125,0.2413793103448275,1560000
0.7811473649223899,0.0,0.1379058176009853,0.0,0.125,0.0952380952380952,0.0380952380952381,False,True,False,False,1,1,1,1,0.5,0.1034482758620689,12800000
0.8848589625159207,0.039039039039039,0.0268267805938841,0.0,0.03125,0.0476190476190476,0.0095238095238095,False,False,False,True,0,0,0,0,0.125,0.3793103448275862,4880000
0.8159726423340032,0.0195195195195195,0.0868887477628312,0.0,0.09375,0.0952380952380952,0.019047619047619,False,False,False,True,0,0,0,0,0.125,0.4482758620689654,6950000
0.8596974750407185,0.018018018018018,0.0247676231164482,0.0,0.0625,0.0476190476190476,0.0095238095238095,False,False,True,False,0,0,0,0,0.125,0.3103448275862069,5500000
0.887511063549681,0.06006006006006,0.0619479244847295,0.0,0.09375,0.0952380952380952,0.019047619047619,True,False,False,False,0,0,0,0,0.125,0.1379310344827586,6260000
0.8823323884377601,0.0,0.0867347920635837,0.05,0.0,0.0,0.0,False,False,True,False,0,0,0,0,0.125,0.1724137931034483,15980000
0.8838647872463525,0.0465465465465465,0.0230933548871312,0.0,0.03125,0.0476190476190476,0.0095238095238095,False,False,True,False,0,0,0,0,0.125,0.1724137931034483,2630000
0.8088326833934047,0.0,0.0328502973269441,0.0,0.03125,0.0476190476190476,0.0095238095238095,False,False,True,False,0,0,0,0,0.125,0.3103448275862069,3500000
0.8734382315827247,0.0405405405405405,0.0608317456651848,0.05,0.09375,0.0952380952380952,0.0095238095238095,False,False,True,False,0,0,0,0,0.125,0.2068965517241379,9580000
0.8089543511684951,0.0,0.0823278101726228,0.05,0.0625,0.0952380952380952,0.019047619047619,False,False,False,True,0,0,0,0,0.125,0.4827586206896552,7100000
0.8656936816824441,0.0,0.0737062910147604,0.0,0.125,0.0952380952380952,0.019047619047619,False,True,False,False,1,1,1,1,0.25,0.0344827586206896,12000000
0.8523710616489382,0.03003003003003,0.0351403883532513,0.0,0.0,0.0,0.0,True,False,False,False,0,0,0,0,0.125,0.1379310344827586,1400000
0.8524890670175864,0.0165165165165165,0.0722052229470969,0.05,0.0625,0.0476190476190476,0.0095238095238095,False,False,False,True,0,0,0,0,0.125,0.4827586206896552,9500000
0.951754911856483,0.0135135135135135,0.098050535958278,0.05,0.09375,0.0952380952380952,0.019047619047619,False,False,False,True,0,0,0,0,0.125,0.4137931034482758,5468208
0.9003253073150574,0.0105105105105105,0.0252487346765968,0.0,0.0,0.0,0.0,False,False,False,True,0,0,0,0,0.125,0.3793103448275862,5500000
0.8917694790143855,0.0225225225225225,0.0198217962781209,0.0,0.03125,0.0476190476190476,0.0095238095238095,False,False,True,False,0,0,0,0,0.125,0.2758620689655172,3000000
0.9060063320001176,0.0,0.0434539961126185,0.0,0.0625,0.0476190476190476,0.0095238095238095,False,False,True,False,0,0,0,0,0.125,0.1379310344827586,5200000
0.8159726423340032,0.021021021021021,0.0742258914997209,0.05,0.09375,0.0952380952380952,0.019047619047619,False,False,False,True,0,0,0,0,0.125,0.4482758620689654,8500000
0.8729355338805647,0.036036036036036,0.0886784827665839,0.05,0.09375,0.0952380952380952,0.019047619047619,False,False,False,True,0,0,0,0,0.125,0.5517241379310345,8300000
0.9230563566723332,0.0,0.0556164963531743,0.0,0.09375,0.1428571428571428,0.019047619047619,False,True,False,False,1,1,1,1,0.25,0.0344827586206896,6800000
0.811072523405187,0.0,0.1197198006273694,0.0,0.15625,0.0952380952380952,0.0380952380952381,False,True,False,False,1,1,1,1,0.5,0.1034482758620689,14500000
0.8358171881157546,0.057057057057057,0.056732675172719,0.0,0.125,0.0952380952380952,0.019047619047619,False,True,False,False,1,1,1,1,0.25,0.0344827586206896,5100000
0.9491496789962072,0.0225225225225225,0.0209764640224775,0.0,0.0,0.0,0.0,False,False,True,False,0,0,0,0,0.125,0.1724137931034483,6380000
0.8793807070689184,0.027027027027027,0.0987818255297038,0.05,0.125,0.0952380952380952,0.019047619047619,False,False,False,True,0,0,0,0,0.125,0.4482758620689654,14650000
0.8699318505002793,0.0375375375375375,0.0549044512441544,0.0,0.09375,0.0952380952380952,0.0095238095238095,False,False,False,True,0,0,0,0,0.125,0.3793103448275862,5880000
0.906383934802932,0.0,0.1285530088716971,0.0,0.09375,0.0952380952380952,0.019047619047619,False,False,False,True,0,0,0,0,0.125,0.3793103448275862,8100000
0.906040468395787,0.0345345345345345,0.0663356619132844,0.0,0.0625,0.0952380952380952,0.019047619047619,False,False,True,False,0,0,0,0,0.25,0.1724137931034483,4500000
0.8439203635710157,0.063063063063063,0.0596963223832342,0.0,0.125,0.0952380952380952,0.019047619047619,False,True,False,False,1,1,1,1,0.25,0.0344827586206896,13200000
0.8752125417884713,0.0465465465465465,0.0617939687854819,0.0,0.09375,0.0952380952380952,0.0285714285714285,False,False,True,False,0,0,0,0,0.125,0.1379310344827586,16000000
0.8551099529481974,0.0195195195195195,0.1093470353905663,0.05,0.09375,0.0952380952380952,0.019047619047619,False,False,False,True,0,0,0,0,0.125,0.3448275862068965,14600000
0.8398624916481481,0.0105105105105105,0.094336354713931,0.05,0.09375,0.0952380952380952,0.019047619047619,False,False,False,True,0,0,0,0,0.125,0.4827586206896552,14500000
0.9802199255853736,0.021021021021021,0.0334276311991224,0.0,0.03125,0.0476190476190476,0.0095238095238095,False,False,False,True,0,0,0,0,0.125,0.3793103448275862,7700000
0.923854165084947,0.021021021021021,0.0409907049246579,0.05,0.03125,0.0476190476190476,0.0095238095238095,False,False,True,False,0,0,0,0,0.125,0.1724137931034483,6900000
0.8613935749387451,0.069069069069069,0.0261917133344879,0.0,0.1875,0.1428571428571428,0.0380952380952381,False,True,False,False,1,1,1,1,0.125,0.0,13000000
0.9617224200988232,0.015015015015015,0.0973192463868521,0.05,0.09375,0.0952380952380952,0.019047619047619,False,False,False,True,0,0,0,0,0.125,0.4827586206896552,23500000
0.8793807070689184,0.024024024024024,0.1100783249619921,0.05,0.125,0.0952380952380952,0.019047619047619,False,False,False,True,0,0,0,0,0.125,0.3793103448275862,15000000
0.9773516269621324,0.018018018018018,0.086965725612455,0.05,0.09375,0.0952380952380952,0.019047619047619,False,False,False,True,0,0,0,0,0.125,0.4482758620689654,19380000
0.9675174813824584,0.009009009009009,0.1003598714469911,0.05,0.09375,0.0952380952380952,0.019047619047619,False,False,False,True,0,0,0,0,0.125,0.7241379310344828,25500000
0.8820416839931227,0.0345345345345345,0.1050170313492292,0.0,0.15625,0.0952380952380952,0.0285714285714285,False,False,False,True,0,0,0,0,0.125,0.7241379310344828,12850000
0.8841410003319652,0.0255255255255255,0.0488424455862825,0.05,0.0,0.0,0.0,False,False,True,False,0,0,0,0,0.125,0.1034482758620689,5680000
0.8913570276343421,0.0225225225225225,0.0961838231049015,0.05,0.09375,0.0952380952380952,0.019047619047619,False,False,False,True,0,0,0,0,0.125,0.9655172413793104,19460000
0.8872670498872992,0.0705705705705705,0.0586763658757192,0.0,0.15625,0.0952380952380952,0.019047619047619,False,True,False,False,1,1,1,1,0.25,0.0344827586206896,13000000
0.9024160790785912,0.0,0.0790370071012066,0.05,0.09375,0.0952380952380952,0.019047619047619,True,False,False,False,0,0,0,0,0.125,0.1379310344827586,7150000
0.9075358856792376,0.027027027027027,0.0229971325751015,0.0,0.03125,0.0476190476190476,0.0095238095238095,False,False,False,True,0,0,0,0,0.125,0.4137931034482758,3020000
0.9148053439925832,0.0135135135135135,0.082597232646306,0.05,0.09375,0.0952380952380952,0.019047619047619,False,False,False,True,0,0,0,0,0.125,0.4482758620689654,21600000
0.8734382315827247,0.0405405405405405,0.0865038585147123,0.05,0.09375,0.0952380952380952,0.019047619047619,False,False,True,False,0,0,0,0,0.125,0.2068965517241379,12450000
0.7828142835508913,0.0,0.0646613936839674,0.0,0.15625,0.0952380952380952,0.019047619047619,False,True,False,False,1,1,1,1,0.25,0.0344827586206896,9000000
0.8635972137749945,0.024024024024024,0.1131766834093489,0.0,0.125,0.0952380952380952,0.0571428571428571,False,True,False,False,1,1,1,1,0.5,0.1034482758620689,17400000
0.949413663737829,0.045045045045045,0.0294247830186863,0.0,0.0,0.0,0.0,False,False,True,False,0,0,0,0,0.125,0.1379310344827586,7250000
0.9236626146163188,0.0435435435435435,0.0171275715412889,0.0,0.0,0.0,0.0,False,False,True,False,0,0,0,0,0.125,0.2068965517241379,3120000
0.9689508599497004,0.0375375375375375,0.0602544117930065,0.0,0.09375,0.0952380952380952,0.019047619047619,False,False,True,False,0,0,0,0,0.125,0.2068965517241379,11620000
0.8858691886773045,0.06006006006006,0.0507091584396589,0.0,0.09375,0.0952380952380952,0.019047619047619,True,False,False,False,0,0,0,0,0.125,0.1379310344827586,5450000
0.951754911856483,0.015015015015015,0.1120605045898042,0.05,0.09375,0.0952380952380952,0.019047619047619,False,False,False,True,0,0,0,0,0.125,0.4482758620689654,23000000
0.8621927172595747,0.0525525525525525,0.0875815484094451,0.0,0.125,0.0952380952380952,0.019047619047619,True,False,False,False,0,0,0,0,0.125,0.1379310344827586,9100000
0.8841410003319652,0.024024024024024,0.0293670496314685,0.0,0.03125,0.0476190476190476,0.0095238095238095,False,False,True,False,0,0,0,0,0.125,0.1034482758620689,3200000
0.9687636728102405,0.009009009009009,0.0955487558455054,0.05,0.09375,0.0952380952380952,0.019047619047619,False,False,False,True,0,0,0,0,0.125,1.0,17800000
0.8804321586275137,0.033033033033033,0.0735908242403248,0.05,0.125,0.0952380952380952,0.019047619047619,False,False,True,False,0,0,0,0,0.125,0.2413793103448275,10200000
0.989750670491162,0.0345345345345345,0.1108673479206358,0.0,0.125,0.0952380952380952,0.0285714285714285,False,True,False,False,1,1,1,1,0.5,0.1034482758620689,22200000
0.9698010057595924,0.039039039039039,0.0585993880260954,0.0,0.03125,0.0952380952380952,0.0095238095238095,False,False,False,True,0,0,0,0,0.125,0.4137931034482758,8950000
0.7958406041614126,0.0225225225225225,0.0158959259473086,0.0,0.03125,0.0476190476190476,0.0095238095238095,False,False,True,False,0,0,0,0,0.125,0.1379310344827586,1270000
0.7702291620268227,0.0,0.0641610376614129,0.0,0.09375,0.0952380952380952,0.019047619047619,True,False,False,False,0,0,0,0,0.125,0.1379310344827586,2700000
0.9003051262801307,0.036036036036036,0.0468602659584704,0.0,0.0625,0.0476190476190476,0.019047619047619,False,False,False,True,0,0,0,0,0.125,0.3793103448275862,6500000
0.951754911856483,0.015015015015015,0.1052672093605065,0.05,0.09375,0.0952380952380952,0.019047619047619,False,False,False,True,0,0,0,0,0.125,0.4137931034482758,18000000
0.822543092805688,0.0405405405405405,0.0423378172930739,0.0,0.0625,0.0952380952380952,0.0095238095238095,False,False,True,False,0,0,0,0,0.125,0.2068965517241379,3500000
0.9691788651405772,0.0,0.0634297480899871,0.05,0.0625,0.0952380952380952,0.0095238095238095,False,False,False,True,0,0,0,0,0.125,0.9655172413793104,17000000
0.8820416839931227,0.036036036036036,0.041625772184054,0.0,0.0625,0.0476190476190476,0.0095238095238095,False,False,False,True,0,0,0,0,0.125,0.7241379310344828,6900000
0.8029228960063222,0.024024024024024,0.0239786001578045,0.0,0.03125,0.0476190476190476,0.0095238095238095,False,False,True,False,0,0,0,0,0.125,0.2413793103448275,1880000
0.8934032908253471,0.018018018018018,0.0837903893154744,0.05,0.09375,0.0952380952380952,0.019047619047619,False,False,True,False,0,0,0,0,0.125,0.2068965517241379,14300000
0.9832404116156964,0.036036036036036,0.0958951561688124,0.05,0.125,0.0952380952380952,0.019047619047619,False,False,False,True,0,0,0,0,0.125,0.5862068965517242,16700000
0.8729355338805647,0.036036036036036,0.1538402324731058,0.05,0.125,0.0952380952380952,0.019047619047619,False,False,False,True,0,0,0,0,0.125,0.5517241379310345,16000000
0.8732600447084167,0.0,0.078555895541058,0.05,0.09375,0.0952380952380952,0.019047619047619,False,False,True,False,0,0,0,0,0.125,0.3103448275862069,16580000
0.8831576046630119,0.024024024024024,0.0937397763793468,0.05,0.09375,0.0952380952380952,0.019047619047619,False,False,False,True,0,0,0,0,0.125,0.4137931034482758,12500000
0.8005054173520989,0.0,0.053711294574986,0.05,0.0625,0.0952380952380952,0.019047619047619,False,False,True,False,0,0,0,0,0.125,0.2413793103448275,7850000
0.8549603567988981,0.036036036036036,0.0766891826876816,0.05,0.09375,0.0952380952380952,0.019047619047619,False,False,True,False,0,0,0,0,0.125,0.2758620689655172,10500000
0.8695223932729164,0.0375375375375375,0.0727440678944633,0.05,0.09375,0.0952380952380952,0.019047619047619,False,False,True,False,0,0,0,0,0.125,0.1379310344827586,7400000
0.8710938023878043,0.036036036036036,0.0384311914246675,0.05,0.03125,0.0476190476190476,0.0095238095238095,False,False,False,True,0,0,0,0,0.125,0.4482758620689654,4250000
0.9015536548029672,0.0,0.0480534226276388,0.0,0.0625,0.0952380952380952,0.0095238095238095,False,False,False,True,0,0,0,0,0.125,0.3793103448275862,5980000
0.8557000287437688,0.042042042042042,0.0575024536689567,0.05,0.0625,0.0952380952380952,0.0095238095238095,False,False,True,False,0,0,0,0,0.125,0.2068965517241379,7800000
0.841963075111579,0.003003003003003,0.0659122837403537,0.05,0.09375,0.0952380952380952,0.0095238095238095,False,False,True,False,0,0,0,0,0.125,0.2068965517241379,8600000
0.923854165084947,0.0225225225225225,0.0409907049246579,0.05,0.0625,0.0476190476190476,0.0095238095238095,False,False,True,False,0,0,0,0,0.125,0.1724137931034483,7000000
0.8521107159320707,0.0225225225225225,0.0893905278756038,0.05,0.09375,0.0952380952380952,0.0095238095238095,False,False,False,True,0,0,0,0,0.125,0.4827586206896552,14800000
0.8124832686323487,0.0,0.0779208282816619,0.05,0.09375,0.0952380952380952,0.019047619047619,False,False,False,True,0,0,0,0,0.125,0.3793103448275862,11500000
0.8853025532118863,0.06006006006006,0.0482266227892923,0.0,0.09375,0.0476190476190476,0.0095238095238095,True,False,False,False,0,0,0,0,0.125,0.1379310344827586,2500000
0.8760831244879626,0.021021021021021,0.0206877970863883,0.0,0.03125,0.0476190476190476,0.0095238095238095,False,False,False,True,0,0,0,0,0.125,0.3448275862068965,3820000
0.8159726423340032,0.0195195195195195,0.0664126397629082,0.05,0.09375,0.0952380952380952,0.019047619047619,False,False,False,True,0,0,0,0,0.125,0.4482758620689654,6500000
0.895835051193103,0.0,0.0449550641802821,0.0,0.09375,0.0952380952380952,0.019047619047619,True,False,False,False,0,0,0,0,0.125,0.1379310344827586,4320000
0.8909372381886556,0.0,0.0258838019359929,0.0,0.03125,0.0476190476190476,0.0095238095238095,False,False,True,False,0,0,0,0,0.125,0.2068965517241379,3630000
0.869641858971022,0.0615615615615615,0.0663356619132844,0.0,0.09375,0.0476190476190476,0.0095238095238095,False,False,True,False,0,0,0,0,0.125,0.2068965517241379,5000000
0.8089543511684951,0.003003003003003,0.1079421896349325,0.05,0.09375,0.0476190476190476,0.019047619047619,False,False,False,True,0,0,0,0,0.125,0.4827586206896552,12300000
0.9753328860079762,0.066066066066066,0.0295979831803398,0.0,0.0625,0.0952380952380952,0.019047619047619,False,True,False,False,1,1,1,1,0.25,0.0344827586206896,9500000
0.8316493520323434,0.0405405405405405,0.0447433750938167,0.0,0.0625,0.0952380952380952,0.0095238095238095,True,False,False,False,0,0,0,0,0.125,0.1379310344827586,4000000
0.8936205228967538,0.045045045045045,0.054038450435887,0.0,0.0625,0.0952380952380952,0.0095238095238095,False,False,True,False,0,0,0,0,0.125,0.3103448275862069,8580000
0.9713499751145208,0.0015015015015015,0.04430075245848,0.05,0.09375,0.0952380952380952,0.019047619047619,False,False,False,True,0,0,0,0,0.125,0.7931034482758621,12100000
0.8519234612847413,0.0405405405405405,0.0622750803456305,0.0,0.09375,0.0952380952380952,0.019047619047619,False,False,True,False,0,0,0,0,0.125,0.3103448275862069,8300000
0.8581350999976962,0.0345345345345345,0.1364432384581336,0.0,0.125,0.1428571428571428,0.0285714285714285,False,True,False,False,1,1,1,1,0.5,0.1034482758620689,11000000
0.978013083005436,0.0,0.0815002982891672,0.0,0.15625,0.0476190476190476,0.0285714285714285,False,True,False,False,1,1,1,1,0.25,0.0344827586206896,17000000
0.9017977410317712,0.0,0.0696457094471065,0.0,0.09375,0.0952380952380952,0.019047619047619,False,True,False,False,1,1,1,1,0.25,0.0344827586206896,25200000
0.8994017525535583,0.0375375375375375,0.0764390046764043,0.05,0.09375,0.0952380952380952,0.019047619047619,False,False,False,True,0,0,0,0,0.125,0.3793103448275862,9450000
0.8088326833934047,0.0,0.0433770182629948,0.0,0.0625,0.0476190476190476,0.0095238095238095,False,False,True,False,0,0,0,0,0.125,0.3103448275862069,5950000
0.8820416839931227,0.036036036036036,0.0679521967553836,0.0,0.09375,0.0952380952380952,0.019047619047619,False,False,False,True,0,0,0,0,0.125,0.6896551724137931,10800000
0.8812757093578227,0.009009009009009,0.0870234589996728,0.1,0.125,0.0952380952380952,0.019047619047619,False,False,False,True,0,0,0,0,0.125,0.7931034482758621,14650000
0.8887362569157062,0.0,0.0096029867405654,0.0,0.1875,0.0952380952380952,0.0380952380952381,False,True,False,False,1,1,1,1,0.125,0.0,6450000
0.8654606257869943,0.015015015015015,0.1383099513115101,0.0,0.125,0.0952380952380952,0.0380952380952381,False,True,False,False,1,1,1,1,0.5,0.1034482758620689,19580000
0.9777477412971508,0.018018018018018,0.0973192463868521,0.05,0.125,0.0952380952380952,0.019047619047619,False,False,False,True,0,0,0,0,0.125,0.4827586206896552,24880000
0.8740130532761157,0.06006006006006,0.081904431999692,0.0,0.15625,0.1428571428571428,0.0285714285714285,False,True,False,False,1,1,1,1,0.25,0.0344827586206896,14500000
0.8534820924107294,0.0,0.0696072205222947,0.05,0.09375,0.0952380952380952,0.019047619047619,False,False,True,False,0,0,0,0,0.125,0.1379310344827586,8100000
0.8918045390011287,0.039039039039039,0.0742258914997209,0.05,0.09375,0.0952380952380952,0.019047619047619,False,False,True,False,0,0,0,0,0.125,0.1379310344827586,9800000
0.8613719318607309,0.0435435435435435,0.0756692261801666,0.05,0.09375,0.0952380952380952,0.019047619047619,False,False,True,False,0,0,0,0,0.125,0.1724137931034483,8000000
0.8971693406861618,0.0,0.0478802224659854,0.0,0.09375,0.0952380952380952,0.0095238095238095,True,False,False,False,0,0,0,0,0.125,0.1034482758620689,5500000
0.8774360142255659,0.027027027027027,0.1103477474356753,0.05,0.125,0.0952380952380952,0.019047619047619,False,False,False,True,0,0,0,0,0.125,0.4137931034482758,16500000
0.8590672831443555,0.0135135135135135,0.1305736774243211,0.0,0.125,0.1428571428571428,0.0380952380952381,False,True,False,False,1,1,1,1,0.5,0.1034482758620689,22500000
0.884173380174758,0.0,0.092334930623713,0.05,0.09375,0.0952380952380952,0.019047619047619,False,False,True,False,0,0,0,0,0.125,0.3103448275862069,19000000
0.9075358856792376,0.027027027027027,0.0326770971652906,0.0,0.0,0.0,0.0,False,False,False,True,0,0,0,0,0.125,0.4137931034482758,4250000
0.8594657294463843,0.045045045045045,0.0268652695186959,0.0,0.03125,0.0476190476190476,0.0095238095238095,False,False,False,True,0,0,0,0,0.125,0.3793103448275862,2800000
0.9038916136637738,0.0435435435435435,0.0164155264322691,0.0,0.0,0.0,0.0,False,False,True,False,0,0,0,0,0.125,0.2068965517241379,2020000
0.9408243353366856,0.033033033033033,0.0171468160036949,0.0,0.0,0.0,0.0,False,False,True,False,0,0,0,0,0.125,0.2068965517241379,2500000
0.881466826262681,0.0135135135135135,0.0216692646690914,0.0,0.03125,0.0476190476190476,0.0095238095238095,False,False,True,False,0,0,0,0,0.125,0.3103448275862069,4400000
0.9404088086705826,0.0375375375375375,0.0659315282027596,0.0,0.0,0.0,0.0,False,False,True,False,0,0,0,0,0.125,0.2068965517241379,10880000
0.8848589625159207,0.0375375375375375,0.0268267805938841,0.0,0.0,0.0,0.0,False,False,False,True,0,0,0,0,0.125,0.3793103448275862,3170000
0.8793224793116963,0.0615615615615615,0.0504782248907876,0.0,0.09375,0.0952380952380952,0.019047619047619,True,False,False,False,0,0,0,0,0.125,0.1034482758620689,4400000
0.9056712680859677,0.0615615615615615,0.0648730827704328,0.0,0.09375,0.0952380952380952,0.019047619047619,True,False,False,False,0,0,0,0,0.125,0.1379310344827586,8000000
0.7643087531672563,0.0615615615615615,0.1067105440409522,0.0,0.1875,0.0952380952380952,0.019047619047619,False,True,False,False,1,1,1,1,0.25,0.0344827586206896,9500000
0.8973093483009791,0.0255255255255255,0.1877297307699709,0.05,0.0,0.0,0.0,False,True,False,False,1,1,1,1,0.5,0.1034482758620689,14500000
0.8953259282983765,0.036036036036036,0.0879087042703462,0.0,0.09375,0.0952380952380952,0.019047619047619,True,False,False,False,0,0,0,0,0.125,0.1379310344827586,8460000
0.8941300347454728,0.039039039039039,0.0453976868156188,0.0,0.0625,0.0952380952380952,0.0095238095238095,False,False,False,True,0,0,0,0,0.125,0.4482758620689654,6850000
0.9931302905364704,0.0345345345345345,0.0886784827665839,0.05,0.09375,0.0952380952380952,0.019047619047619,False,False,False,True,0,0,0,0,0.125,0.4482758620689654,18000000
0.8353747232880266,0.0,0.1030540961838231,0.0,0.125,0.0952380952380952,0.0285714285714285,False,True,False,False,1,1,1,1,0.5,0.1034482758620689,14300000
0.9045370609460122,0.033033033033033,0.0951061332101687,0.05,0.0625,0.0476190476190476,0.0095238095238095,False,False,False,True,0,0,0,0,0.125,0.4482758620689654,15300000
0.8827304214912886,0.0,0.1174681985258741,0.05,0.0625,0.0952380952380952,0.019047619047619,False,False,False,True,0,0,0,0,0.125,0.3448275862068965,10640000
0.8715122705323779,0.03003003003003,0.1161980640070819,0.0,0.09375,0.0952380952380952,0.019047619047619,False,False,False,True,0,0,0,0,0.125,0.3793103448275862,23000000
0.9775603874273316,0.0165165165165165,0.1137540172815272,0.1,0.09375,0.0952380952380952,0.019047619047619,False,False,False,True,0,0,0,0,0.125,0.6551724137931035,25400000
0.899458496525881,0.0,0.0432038181013413,0.0,0.03125,0.0476190476190476,0.0095238095238095,False,False,True,False,0,0,0,0,0.125,0.2068965517241379,11350000
0.8435483832513455,0.009009009009009,0.1037853857552489,0.05,0.09375,0.0952380952380952,0.019047619047619,False,False,True,False,0,0,0,0,0.125,0.2413793103448275,14300000
0.8777790617409948,0.0615615615615615,0.0610241902892442,0.0,0.09375,0.0952380952380952,0.019047619047619,True,False,False,False,0,0,0,0,0.125,0.1379310344827586,6200000
0.9019639097998606,0.0345345345345345,0.0814810538267613,0.05,0.09375,0.0952380952380952,0.019047619047619,True,False,False,False,0,0,0,0,0.125,0.1379310344827586,6800000
0.8838647872463525,0.048048048048048,0.0204376190751111,0.0,0.03125,0.0476190476190476,0.0095238095238095,False,False,True,False,0,0,0,0,0.125,0.1724137931034483,1665300
0.8568520113537943,0.0405405405405405,0.0747070030598695,0.0,0.09375,0.0476190476190476,0.019047619047619,False,False,True,False,0,0,0,0,0.125,0.2068965517241379,5000000
0.8551099529481974,0.0195195195195195,0.100706271770298,0.05,0.09375,0.0952380952380952,0.019047619047619,False,False,False,True,0,0,0,0,0.125,0.3448275862068965,17700000
0.8521107159320707,0.021021021021021,0.0888324384658314,0.05,0.09375,0.0952380952380952,0.019047619047619,False,False,False,True,0,0,0,0,0.125,0.4827586206896552,13850000
0.8827304214912886,0.0,0.0696457094471065,0.1,0.0625,0.0952380952380952,0.019047619047619,False,False,False,True,0,0,0,0,0.125,0.3448275862068965,11840000
0.8810982242432885,0.0435435435435435,0.1549949002174624,0.1,0.125,0.0952380952380952,0.019047619047619,False,False,True,False,0,0,0,0,0.125,0.2758620689655172,17500000
0.8064223604054348,0.0,0.0796335854357908,0.05,0.0625,0.0952380952380952,0.0095238095238095,False,False,False,True,0,0,0,0,0.125,0.4827586206896552,9990000
0.904190870265154,0.0345345345345345,0.1104824586725169,0.0,0.15625,0.0952380952380952,0.0285714285714285,False,True,False,False,1,1,1,1,0.5,0.1034482758620689,9000000
0.8827779501289115,0.0345345345345345,0.0415487943344302,0.0,0.0625,0.0952380952380952,0.0095238095238095,False,False,False,True,0,0,0,0,0.125,0.6896551724137931,6400000
0.9009628147048544,0.048048048048048,0.0329657641013798,0.0,0.03125,0.0476190476190476,0.0095238095238095,False,False,True,False,0,0,0,0,0.125,0.1379310344827586,2200000
0.893033667526197,0.0,0.0142601466428035,0.0,0.03125,0.0476190476190476,0.0095238095238095,False,False,True,False,0,0,0,0,0.125,0.2068965517241379,2150000
0.9057985917158362,0.0405405405405405,0.0637569039508881,0.0,0.09375,0.0952380952380952,0.019047619047619,False,False,True,False,0,0,0,0,0.125,0.2068965517241379,7500000
0.9734243473357084,0.0495495495495495,0.0819621653869099,0.0,0.1875,0.0952380952380952,0.0285714285714285,False,True,False,False,1,1,1,1,0.25,0.0344827586206896,19500000
0.8728709088445044,0.0195195195195195,0.0420106614321728,0.05,0.03125,0.0476190476190476,0.0095238095238095,False,False,True,False,0,0,0,0,0.125,0.3103448275862069,5000000
0.918716266184191,0.0,0.1031695629582587,0.05,0.09375,0.0952380952380952,0.019047619047619,False,False,True,False,0,0,0,0,0.125,0.2068965517241379,10000000
0.8834614556795657,0.0,0.0556357408155803,0.05,0.09375,0.0952380952380952,0.019047619047619,False,False,True,False,0,0,0,0,0.125,0.1724137931034483,8580000
0.8435483832513455,0.0105105105105105,0.076208071127533,0.05,0.0625,0.0952380952380952,0.0095238095238095,False,False,True,False,0,0,0,0,0.125,0.2413793103448275,11550000
0.8504448778540166,0.0375375375375375,0.0164925042818928,0.0,0.03125,0.0476190476190476,0.0095238095238095,True,False,False,False,0,0,0,0,0.125,0.1379310344827586,1100000
0.8129275371301503,0.0135135135135135,0.0659892615899774,0.0,0.09375,0.0952380952380952,0.019047619047619,False,False,False,True,0,0,0,0,0.125,0.3448275862068965,5000000
0.9001507223483713,0.0,0.0707041548794334,0.0,0.09375,0.0952380952380952,0.019047619047619,False,False,True,False,0,0,0,0,0.125,0.1379310344827586,9980000
0.8595395639124206,0.0,0.0736293131651367,0.0,0.09375,0.0952380952380952,0.019047619047619,True,False,False,False,0,0,0,0,0.125,0.1379310344827586,6000000
0.8398624916481481,0.0105105105105105,0.0958181783191886,0.05,0.09375,0.0952380952380952,0.019047619047619,False,False,False,True,0,0,0,0,0.125,0.4827586206896552,13550000
0.9687636728102405,0.0075075075075075,0.1115409041048438,0.05,0.09375,0.0952380952380952,0.019047619047619,False,False,False,True,0,0,0,0,0.125,1.0,22000000
0.8210058978341124,0.057057057057057,0.1365779496949752,0.0,0.09375,0.0952380952380952,0.019047619047619,False,True,False,False,1,1,1,1,0.25,0.0344827586206896,18800000
0.8992057600431735,0.039039039039039,0.0274041144660623,0.0,0.03125,0.0476190476190476,0.0095238095238095,False,False,True,False,0,0,0,0,0.125,0.2068965517241379,3250000
0.8941652775271223,0.057057057057057,0.0921617304620595,0.0,0.125,0.1428571428571428,0.0380952380952381,False,True,False,False,1,1,1,1,0.375,0.0689655172413793,13500000
0.884173380174758,0.0,0.1014760502665357,0.05,0.09375,0.0952380952380952,0.019047619047619,False,False,True,False,0,0,0,0,0.125,0.3103448275862069,21880000
0.8710938023878043,0.036036036036036,0.0300021168908646,0.0,0.03125,0.0476190476190476,0.0095238095238095,False,False,False,True,0,0,0,0,0.125,0.4482758620689654,3000000
0.9177576614499684,0.0645645645645645,0.0589457883494024,0.0,0.125,0.0952380952380952,0.0285714285714285,False,True,False,False,1,1,1,1,0.25,0.0344827586206896,7000000
0.8088326833934047,0.0,0.0701460654696611,0.05,0.0625,0.0476190476190476,0.0095238095238095,False,False,True,False,0,0,0,0,0.125,0.3103448275862069,5230000
0.8765594470310987,0.0405405405405405,0.0640648153493832,0.0,0.09375,0.0952380952380952,0.019047619047619,False,False,False,True,0,0,0,0,0.125,0.3793103448275862,9260000
0.8284566749983071,0.015015015015015,0.0938167542289706,0.05,0.09375,0.0952380952380952,0.019047619047619,False,False,False,True,0,0,0,0,0.125,0.3448275862068965,15160000
0.9006411223664088,0.012012012012012,0.0489579123607182,0.05,0.0625,0.0952380952380952,0.0095238095238095,False,False,True,False,0,0,0,0,0.125,0.1379310344827586,8600000
0.851728283062613,0.0225225225225225,0.1256278505859938,0.0,0.0,0.0,0.0,False,True,False,False,1,1,1,1,0.5,0.1034482758620689,7600000
0.8670812182850511,0.0105105105105105,0.0491503569847776,0.0,0.09375,0.0952380952380952,0.019047619047619,False,False,True,False,0,0,0,0,0.125,0.2758620689655172,7660000
0.9015536548029672,0.0,0.0480534226276388,0.0,0.0625,0.0952380952380952,0.0095238095238095,False,False,False,True,0,0,0,0,0.125,0.3793103448275862,7800000
0.8789755781824624,0.0405405405405405,0.0959913784808421,0.0,0.15625,0.0952380952380952,0.0285714285714285,False,False,False,True,0,0,0,0,0.125,0.3793103448275862,9200000
0.9470162395465422,0.0,0.0801531859207513,0.05,0.09375,0.0952380952380952,0.019047619047619,False,False,True,False,0,0,0,0,0.125,0.1379310344827586,8500000
0.8284566749983071,0.015015015015015,0.089987106210188,0.05,0.09375,0.0952380952380952,0.019047619047619,False,False,False,True,0,0,0,0,0.125,0.3448275862068965,15500000
0.887511063549681,0.0585585585585585,0.0540961838231048,0.0,0.125,0.1904761904761904,0.0380952380952381,True,False,False,False,0,0,0,0,0.125,0.1379310344827586,5800000
0.8925055133349247,0.0765765765765765,0.0532494274772434,0.0,0.125,0.0952380952380952,0.0285714285714285,False,True,False,False,1,1,1,1,0.25,0.0344827586206896,13480000
0.8841410003319652,0.024024024024024,0.0309066066239439,0.0,0.03125,0.0476190476190476,0.0095238095238095,False,False,True,False,0,0,0,0,0.125,0.1034482758620689,2000000
0.8474828029241905,0.0,0.1172180205145969,0.0,0.09375,0.1428571428571428,0.0380952380952381,False,True,False,False,1,1,1,1,0.5,0.1034482758620689,17500000
0.8296271102825585,0.042042042042042,0.0649308161576506,0.05,0.09375,0.0952380952380952,0.019047619047619,False,False,True,False,0,0,0,0,0.125,0.2068965517241379,10300000
0.8925460995687047,0.0,0.0417797278833015,0.0,0.125,0.0952380952380952,0.0095238095238095,True,False,False,False,0,0,0,0,0.125,0.1034482758620689,9250000
0.7677454747367278,0.0405405405405405,0.0476300444547081,0.0,0.09375,0.0476190476190476,0.0095238095238095,True,False,False,False,0,0,0,0,0.125,0.1034482758620689,2800000
0.9228731353742888,0.0375375375375375,0.1118295710409329,0.0,0.09375,0.0952380952380952,0.0380952380952381,False,True,False,False,1,1,1,1,0.375,0.0689655172413793,15850000
0.8888195454003665,0.0375375375375375,0.0883513269056828,0.05,0.125,0.0952380952380952,0.019047619047619,False,False,False,True,0,0,0,0,0.125,0.3793103448275862,10000000
0.9017182055552836,0.042042042042042,0.0229201547254777,0.0,0.0,0.0,0.0,False,False,True,False,0,0,0,0,0.125,0.2068965517241379,900000
0.9166940437328606,0.0105105105105105,0.1039008525296845,0.05,0.125,0.0952380952380952,0.0095238095238095,False,False,False,True,0,0,0,0,0.125,0.4827586206896552,19000000
0.8952818472187118,0.042042042042042,0.0371803013682812,0.0,0.03125,0.0476190476190476,0.0095238095238095,False,False,False,True,0,0,0,0,0.125,0.3793103448275862,3400000
0.8099840576604436,0.003003003003003,0.061428323999769,0.05,0.0625,0.0476190476190476,0.0095238095238095,False,False,False,True,0,0,0,0,0.125,0.4482758620689654,6000000
0.9435238177235874,0.0,0.1061524546311798,0.0,0.15625,0.0952380952380952,0.0285714285714285,False,True,False,False,1,1,1,1,0.375,0.0689655172413793,25500000
0.8813667737582023,0.0435435435435435,0.0726286011200277,0.05,0.09375,0.0952380952380952,0.019047619047619,True,False,False,False,0,0,0,0,0.125,0.1379310344827586,8750000
0.8838768671697039,0.0,0.0472451552065893,0.0,0.09375,0.0952380952380952,0.0095238095238095,True,False,False,False,0,0,0,0,0.125,0.1379310344827586,6140000
0.9404841950316438,0.0,0.040625060138945,0.0,0.09375,0.0952380952380952,0.019047619047619,True,False,False,False,0,0,0,0,0.125,0.1034482758620689,5900000
0.9122030640631068,0.048048048048048,0.0783057175297808,0.0,0.09375,0.0952380952380952,0.019047619047619,True,False,False,False,0,0,0,0,0.125,0.1379310344827586,7800000
0.8801513302337582,0.003003003003003,0.0912957296537921,0.05,0.09375,0.0952380952380952,0.019047619047619,False,False,False,True,0,0,0,0,0.125,0.4827586206896552,20200000
0.807439801665879,0.0075075075075075,0.1067105440409522,0.0,0.09375,0.1428571428571428,0.0380952380952381,False,True,False,False,1,1,1,1,0.375,0.0689655172413793,17700000
0.914302519087272,0.0315315315315315,0.1096934357138733,0.1,0.09375,0.0952380952380952,0.019047619047619,False,False,True,False,0,0,0,0,0.125,0.1379310344827586,14660000
0.9019639097998606,0.0345345345345345,0.0717818447741662,0.05,0.0625,0.0952380952380952,0.0095238095238095,False,False,True,False,0,0,0,0,0.125,0.3103448275862069,6700000
0.8975649193861557,0.0435435435435435,0.0809422088793949,0.0,0.09375,0.0952380952380952,0.019047619047619,False,False,True,False,0,0,0,0,0.125,0.2068965517241379,10000000
0.8980178026683348,0.045045045045045,0.0696264649847006,0.0,0.09375,0.0952380952380952,0.019047619047619,False,False,True,False,0,0,0,0,0.125,0.1379310344827586,6100000
0.8826158707952345,0.021021021021021,0.0698766429959779,0.05,0.09375,0.0952380952380952,0.019047619047619,False,False,True,False,0,0,0,0,0.125,0.2413793103448275,12060000
0.8094239761437052,0.0435435435435435,0.0695687315974828,0.0,0.15625,0.0952380952380952,0.019047619047619,False,False,True,False,0,0,0,0,0.125,0.1379310344827586,5700000
0.8055755557981001,0.009009009009009,0.1508188518753728,0.0,0.09375,0.0952380952380952,0.0380952380952381,False,True,False,False,1,1,1,1,0.5,0.1034482758620689,16800000
0.8989891017046148,0.045045045045045,0.0225929988645767,0.0,0.03125,0.0476190476190476,0.0095238095238095,False,False,True,False,0,0,0,0,0.125,0.2068965517241379,3200000
0.8779306000466534,0.0375375375375375,0.0205915747743586,0.0,0.03125,0.0476190476190476,0.0095238095238095,False,False,False,True,0,0,0,0,0.125,0.3793103448275862,1500000
0.8502035074809271,0.0,0.0726286011200277,0.05,0.09375,0.0952380952380952,0.019047619047619,False,False,True,False,0,0,0,0,0.125,0.2068965517241379,9800000
0.8267951265013096,0.0,0.0721282450974731,0.05,0.09375,0.0952380952380952,0.019047619047619,False,False,True,False,0,0,0,0,0.125,0.1724137931034483,8090000
0.8113242598546719,0.0105105105105105,0.0652387275561457,0.05,0.09375,0.0952380952380952,0.019047619047619,False,False,True,False,0,0,0,0,0.125,0.1379310344827586,9880000
0.8159726423340032,0.0195195195195195,0.0809999422666127,0.05,0.09375,0.0952380952380952,0.019047619047619,False,False,False,True,0,0,0,0,0.125,0.4482758620689654,8880000
0.8679635874650558,0.0405405405405405,0.0813078536651078,0.0,0.09375,0.0952380952380952,0.019047619047619,False,False,True,False,0,0,0,0,0.125,0.2413793103448275,5200000
0.7878933763768146,0.0045045045045045,0.0688759309508688,0.0,0.09375,0.0952380952380952,0.019047619047619,False,False,True,False,0,0,0,0,0.125,0.1379310344827586,6800000
0.8839297370578265,0.033033033033033,0.0669514847102746,0.0,0.09375,0.0952380952380952,0.019047619047619,False,False,False,True,0,0,0,0,0.125,0.6551724137931035,9860000
0.8710938023878043,0.0375375375375375,0.0202644189134576,0.0,0.03125,0.0476190476190476,0.0095238095238095,False,False,False,True,0,0,0,0,0.125,0.4482758620689654,2704000
0.822543092805688,0.0405405405405405,0.0287897157592902,0.0,0.0625,0.0476190476190476,0.0095238095238095,False,False,True,False,0,0,0,0,0.125,0.2068965517241379,3800000
0.7937747817665581,0.0,0.0545388064584415,0.05,0.09375,0.0952380952380952,0.019047619047619,False,False,True,False,0,0,0,0,0.125,0.1379310344827586,6450000
0.9518683938140668,0.0,0.0469372438080942,0.0,0.09375,0.0952380952380952,0.0095238095238095,True,False,False,False,0,0,0,0,0.125,0.1034482758620689,10300000
0.8654085401537657,0.0,0.0551353847930258,0.0,0.09375,0.0952380952380952,0.0095238095238095,True,False,False,False,0,0,0,0,0.125,0.1034482758620689,4500000
0.8159726423340032,0.0195195195195195,0.0689913977253045,0.05,0.09375,0.0952380952380952,0.019047619047619,False,False,False,True,0,0,0,0,0.125,0.4482758620689654,8000000
0.9755975039953456,0.006006006006006,0.0784019398418105,0.05,0.0625,0.0952380952380952,0.0095238095238095,False,False,False,True,0,0,0,0,0.125,0.4482758620689654,22700000
0.8839297370578265,0.033033033033033,0.0669129957854627,0.0,0.09375,0.0952380952380952,0.019047619047619,False,False,False,True,0,0,0,0,0.125,0.6551724137931035,9100000
0.9493761998978414,0.0,0.0577911206050459,0.0,0.0625,0.0952380952380952,0.019047619047619,False,False,True,False,0,0,0,0,0.25,0.2068965517241379,9500000
0.9698010057595924,0.039039039039039,0.0573100090448973,0.0,0.09375,0.0952380952380952,0.019047619047619,False,False,False,True,0,0,0,0,0.125,0.4137931034482758,12000000
0.963478164601696,0.0,0.0471296884321536,0.0,0.0,0.0,0.0,False,False,True,False,0,0,0,0,0.125,0.1724137931034483,10180000
0.8853826704822154,0.0435435435435435,0.0874083482477917,0.05,0.125,0.0952380952380952,0.019047619047619,False,False,True,False,0,0,0,0,0.125,0.1724137931034483,8000000
0.8687891752939834,0.0465465465465465,0.020476107999923,0.0,0.0,0.0,0.0,False,False,True,False,0,0,0,0,0.125,0.1379310344827586,2000000
0.9047404840545424,0.045045045045045,0.0896791948116929,0.0,0.0,0.0,0.0,False,False,True,False,0,0,0,0,0.125,0.2068965517241379,6800000
0.871859230427674,0.0405405405405405,0.052037026345669,0.0,0.09375,0.0952380952380952,0.019047619047619,False,False,False,True,0,0,0,0,0.125,0.3793103448275862,7100000
0.8267951265013096,0.0,0.0718780670861959,0.05,0.09375,0.0952380952380952,0.019047619047619,False,False,True,False,0,0,0,0,0.125,0.1724137931034483,7800000
0.876405310954425,0.0135135135135135,0.1129265053980717,0.05,0.09375,0.0952380952380952,0.019047619047619,False,False,False,True,0,0,0,0,0.125,0.3448275862068965,22800000
0.8828706214488591,0.003003003003003,0.0914111964282277,0.05,0.09375,0.0952380952380952,0.019047619047619,False,False,False,True,0,0,0,0,0.125,0.3793103448275862,15600000
0.87243227698346,0.057057057057057,0.0449550641802821,0.0,0.09375,0.0952380952380952,0.019047619047619,False,True,False,False,1,1,1,1,0.125,0.0,24770000
0.897121770966919,0.057057057057057,0.0658353058907299,0.0,0.09375,0.0952380952380952,0.0095238095238095,True,False,False,False,0,0,0,0,0.125,0.1379310344827586,5850000
0.9003253073150574,0.0105105105105105,0.0251332679021611,0.0,0.03125,0.0476190476190476,0.0095238095238095,False,False,False,True,0,0,0,0,0.125,0.3793103448275862,5000000
0.963194687004659,0.0135135135135135,0.0484960452629755,0.0,0.0,0.0,0.0,False,False,False,True,0,0,0,0,0.125,0.4482758620689654,11000000
0.7921392735702284,0.0405405405405405,0.1605950387775917,0.0,0.1875,0.0952380952380952,0.0285714285714285,False,True,False,False,1,1,1,1,0.625,0.1379310344827586,10800000
0.8688209302057999,0.024024024024024,0.0577911206050459,0.0,0.0,0.0,0.0,False,False,True,False,0,0,0,0,0.125,0.1379310344827586,6980000
0.8827304214912886,0.0,0.0575986759809864,0.05,0.0625,0.0476190476190476,0.0095238095238095,False,False,False,True,0,0,0,0,0.125,0.3448275862068965,13800000
0.9928860918103624,0.0465465465465465,0.0968958682139214,0.0,0.0,0.0,0.0,False,False,False,True,0,0,0,0,0.125,0.3793103448275862,10580000
0.9832404116156964,0.0375375375375375,0.112811038623636,0.1,0.125,0.0952380952380952,0.0095238095238095,False,False,False,True,0,0,0,0,0.125,0.5862068965517242,14220000
0.8292602094209656,0.0615615615615615,0.0722629563343147,0.0,0.125,0.0476190476190476,0.019047619047619,False,True,False,False,1,1,1,1,0.125,0.0,7200000
0.8795463856358197,0.06006006006006,0.08461790119893,0.0,0.125,0.0952380952380952,0.0095238095238095,True,False,False,False,0,0,0,0,0.25,0.1379310344827586,8500000
0.9832404116156964,0.036036036036036,0.0648730827704328,0.05,0.09375,0.0952380952380952,0.019047619047619,False,False,False,True,0,0,0,0,0.125,0.5862068965517242,8450000
0.8710481115851678,0.0195195195195195,0.0203413967630814,0.0,0.03125,0.0476190476190476,0.0095238095238095,False,False,True,False,0,0,0,0,0.125,0.3103448275862069,2500000
0.8398624916481481,0.0105105105105105,0.0831168331312664,0.05,0.0625,0.0952380952380952,0.0095238095238095,False,False,False,True,0,0,0,0,0.125,0.4827586206896552,13000000
0.8752125417884713,0.045045045045045,0.0195138848796258,0.0,0.03125,0.0476190476190476,0.0095238095238095,False,False,True,False,0,0,0,0,0.125,0.1379310344827586,1302285
0.8715122705323779,0.03003003003003,0.0222273540788638,0.0,0.03125,0.0476190476190476,0.0095238095238095,False,False,False,True,0,0,0,0,0.125,0.3793103448275862,3500000
0.9073897022524308,0.081081081081081,0.0599849893193233,0.0,0.09375,0.0952380952380952,0.0095238095238095,False,True,False,False,1,1,1,1,0.25,0.0344827586206896,12500000
0.9803508341352368,0.024024024024024,0.0290398937705675,0.05,0.0,0.0,0.0,False,False,True,False,0,0,0,0,0.125,0.1379310344827586,5280000
0.8069415457226512,0.0,0.0869079922252371,0.0,0.09375,0.0952380952380952,0.0095238095238095,False,True,False,False,1,1,1,1,0.25,0.0344827586206896,7350000
0.8603199461933002,0.024024024024024,0.0815387872139791,0.05,0.09375,0.0952380952380952,0.019047619047619,False,False,False,True,0,0,0,0,0.125,0.4137931034482758,15100000
0.8812746972495802,0.0,0.0609472124396205,0.05,0.09375,0.0952380952380952,0.019047619047619,False,False,False,True,0,0,0,0,0.125,0.3448275862068965,8060000
0.7923283723472139,0.039039039039039,0.1379443065257972,0.0,0.125,0.0952380952380952,0.0285714285714285,False,True,False,False,1,1,1,1,0.5,0.1034482758620689,11500000
0.8457680527631339,0.0585585585585585,0.1016300059657833,0.0,0.15625,0.1428571428571428,0.0285714285714285,False,True,False,False,1,1,1,1,0.375,0.0689655172413793,7000000
0.8684730393886753,0.024024024024024,0.0267498027442603,0.0,0.03125,0.0476190476190476,0.0095238095238095,False,False,True,False,0,0,0,0,0.125,0.1034482758620689,3600000
0.7960292342527566,0.024024024024024,0.1127148163116063,0.0,0.125,0.0952380952380952,0.0285714285714285,False,True,False,False,1,1,1,1,0.375,0.0689655172413793,14200000
0.8782983311982662,0.045045045045045,0.2087831726420722,0.0,0.03125,0.0476190476190476,0.019047619047619,False,False,True,False,0,0,0,0,0.125,0.0,14000000
0.8810385619395902,0.0,0.0995708484883474,0.05,0.0,0.0,0.0,False,False,True,False,0,0,0,0,0.125,0.3103448275862069,21000000
0.875751292324253,0.0045045045045045,0.0711275330523641,0.05,0.0625,0.0952380952380952,0.0095238095238095,False,False,True,False,0,0,0,0,0.125,0.3103448275862069,13100000
0.9731801028842142,0.0495495495495495,0.0649693050824625,0.0,0.09375,0.0952380952380952,0.019047619047619,True,False,False,False,0,0,0,0,0.125,0.1379310344827586,7980000
0.8298303145286923,0.0075075075075075,0.1258587841348652,0.0,0.09375,0.0952380952380952,0.0380952380952381,False,True,False,False,1,1,1,1,0.5,0.1034482758620689,20100000
0.8838647872463525,0.0465465465465465,0.0263841579585474,0.0,0.03125,0.0476190476190476,0.0095238095238095,False,False,True,False,0,0,0,0,0.125,0.1724137931034483,2500000
0.8499160160754684,0.0345345345345345,0.0182822392856455,0.0,0.03125,0.0476190476190476,0.0095238095238095,True,False,False,False,0,0,0,0,0.125,0.1034482758620689,1150000
0.8137272869160768,0.0405405405405405,0.0518253372592036,0.0,0.0625,0.0952380952380952,0.0095238095238095,True,False,False,False,0,0,0,0,0.125,0.1379310344827586,4075000
0.7899316276997581,0.039039039039039,0.1231453149356272,0.05,0.125,0.0952380952380952,0.0285714285714285,False,True,False,False,1,1,1,1,0.5,0.1034482758620689,5200000
0.9773516269621324,0.0195195195195195,0.0670669514847102,0.05,0.09375,0.0476190476190476,0.019047619047619,False,False,False,True,0,0,0,0,0.125,0.4482758620689654,16680000
0.8186354548632551,0.042042042042042,0.1068644997401997,0.0,0.15625,0.0952380952380952,0.0285714285714285,False,True,False,False,1,1,1,1,0.5,0.1034482758620689,7800000
0.8521107159320707,0.0225225225225225,0.0685102861651559,0.05,0.03125,0.0476190476190476,0.0095238095238095,False,False,False,True,0,0,0,0,0.125,0.4827586206896552,9200000
0.9235114293191486,0.012012012012012,0.0290591382329734,0.0,0.0,0.0,0.0,False,False,False,True,0,0,0,0,0.125,0.3448275862068965,6200000
0.8691009162043315,0.036036036036036,0.0197640628909031,0.0,0.0,0.0,0.0,False,False,False,True,0,0,0,0,0.125,0.4482758620689654,2250000
0.985770838584756,0.0495495495495495,0.0598695225448877,0.0,0.0,0.0,0.0,False,True,False,False,1,1,1,1,0.25,0.0344827586206896,19000000
0.8914446465364279,0.0615615615615615,0.0911032850297327,0.0,0.125,0.0952380952380952,0.019047619047619,False,True,False,False,1,1,1,1,0.25,0.0344827586206896,17550000
0.8951104797655489,0.0435435435435435,0.041972172507361,0.0,0.0625,0.0952380952380952,0.0095238095238095,False,False,True,False,0,0,0,0,0.125,0.2758620689655172,5000000
0.9719906738232282,0.0555555555555555,0.0764390046764043,0.0,0.125,0.1428571428571428,0.019047619047619,False,True,False,False,1,1,1,1,0.25,0.0344827586206896,24500000
0.9780697518105796,0.0405405405405405,0.0673941073456113,0.05,0.09375,0.0952380952380952,0.019047619047619,False,False,True,False,0,0,0,0,0.125,0.2068965517241379,14600000
0.8728709088445044,0.021021021021021,0.0403556376652618,0.05,0.03125,0.0476190476190476,0.0095238095238095,False,False,True,False,0,0,0,0,0.125,0.3103448275862069,7700000
0.8742381838899576,0.033033033033033,0.0250947789773492,0.0,0.03125,0.0476190476190476,0.0095238095238095,False,False,False,True,0,0,0,0,0.125,0.4482758620689654,4090000
0.9593638290344018,0.0405405405405405,0.1140234397552104,0.05,0.15625,0.1428571428571428,0.0285714285714285,False,True,False,False,1,1,1,1,0.5,0.1034482758620689,15880000
0.8777065574680023,0.033033033033033,0.0401247041163905,0.0,0.0625,0.0952380952380952,0.0095238095238095,False,False,True,False,0,0,0,0,0.125,0.2413793103448275,4000000
0.9003253073150574,0.012012012012012,0.0251332679021611,0.0,0.03125,0.0476190476190476,0.0095238095238095,False,False,False,True,0,0,0,0,0.125,0.3793103448275862,5300000
0.9159404303267706,0.009009009009009,0.0644112156726901,0.05,0.0625,0.0952380952380952,0.019047619047619,False,False,True,False,0,0,0,0,0.125,0.2413793103448275,15900000
0.9491496789962072,0.0195195195195195,0.0226122433269826,0.0,0.03125,0.0476190476190476,0.0095238095238095,False,False,True,False,0,0,0,0,0.125,0.1724137931034483,5650000
0.8906742822821343,0.0465465465465465,0.0740334468756615,0.0,0.09375,0.0952380952380952,0.019047619047619,True,False,False,False,0,0,0,0,0.125,0.1379310344827586,6600000
0.8860708036520464,0.042042042042042,0.0572137867328676,0.0,0.09375,0.0952380952380952,0.019047619047619,True,False,False,False,0,0,0,0,0.125,0.1379310344827586,4900000
0.9008392082795352,0.048048048048048,0.0666050843869676,0.0,0.09375,0.0952380952380952,0.019047619047619,True,False,False,False,0,0,0,0,0.125,0.1379310344827586,7500000
0.7875707679657182,0.036036036036036,0.1102900140484575,0.0,0.15625,0.0952380952380952,0.0571428571428571,False,True,False,False,1,1,1,1,0.5,0.1034482758620689,9900000
0.9687636728102405,0.006006006006006,0.09533706675904,0.05,0.09375,0.0952380952380952,0.019047619047619,False,False,False,True,0,0,0,0,0.125,1.0,14200000
0.8845898179125697,0.0435435435435435,0.0863114138906529,0.05,0.09375,0.0952380952380952,0.019047619047619,False,False,True,False,0,0,0,0,0.125,0.1724137931034483,9380000
0.8350484799468916,0.0405405405405405,0.0774012277967015,0.05,0.09375,0.0952380952380952,0.019047619047619,False,False,True,False,0,0,0,0,0.125,0.2413793103448275,7920000
0.9694984069526812,0.0405405405405405,0.0658930392779477,0.0,0.09375,0.0952380952380952,0.019047619047619,False,False,False,True,0,0,0,0,0.125,0.4137931034482758,11670000
0.949300404724994,0.0,0.0636991705636703,0.0,0.0,0.0,0.0,True,False,False,False,0,0,0,0,0.125,0.1034482758620689,8880000
0.8568520113537943,0.042042042042042,0.0715316667628889,0.0,0.09375,0.0952380952380952,0.019047619047619,False,False,True,False,0,0,0,0,0.125,0.2068965517241379,9380000
0.8088326833934047,0.0,0.0837134114658506,0.0,0.0,0.0,0.0,False,False,True,False,0,0,0,0,0.125,0.3103448275862069,15800000
0.8282772513760506,0.0165165165165165,0.1270904297288455,0.0,0.15625,0.0952380952380952,0.0380952380952381,False,True,False,False,1,1,1,1,0.5,0.1034482758620689,15200000
0.9943756976631164,0.0315315315315315,0.0412408829359351,0.0,0.03125,0.0476190476190476,0.0095238095238095,True,False,False,False,0,0,0,0,0.125,0.1379310344827586,5650000
0.8435483832513455,0.0105105105105105,0.0965687123530204,0.1,0.0625,0.0952380952380952,0.0095238095238095,False,False,True,False,0,0,0,0,0.125,0.2413793103448275,12800000
0.8183922780296768,0.021021021021021,0.1201239343378942,0.0,0.09375,0.1428571428571428,0.0285714285714285,False,True,False,False,1,1,1,1,0.5,0.1034482758620689,12250000
0.8734382315827247,0.0405405405405405,0.0865038585147123,0.05,0.09375,0.0952380952380952,0.019047619047619,False,False,True,False,0,0,0,0,0.125,0.2068965517241379,11700000
0.8132494833908481,0.0105105105105105,0.0864076362026826,0.05,0.09375,0.0952380952380952,0.019047619047619,False,False,False,True,0,0,0,0,0.125,0.4827586206896552,12000000
0.8898782309394164,0.0,0.0642380155110367,0.0,0.09375,0.0952380952380952,0.019047619047619,False,False,True,False,0,0,0,0,0.125,0.2068965517241379,9000000
0.9206409913078062,0.057057057057057,0.0762465600523449,0.0,0.09375,0.0952380952380952,0.0095238095238095,True,False,False,False,0,0,0,0,0.125,0.1379310344827586,7800000
0.8104371512997091,0.0615615615615615,0.0689529088004926,0.0,0.09375,0.0952380952380952,0.019047619047619,False,True,False,False,1,1,1,1,0.25,0.0344827586206896,6780000
0.9691788651405772,0.0,0.0638723707253237,0.05,0.0625,0.0952380952380952,0.0095238095238095,False,False,False,True,0,0,0,0,0.125,0.9655172413793104,16800000
0.9054588938280972,0.006006006006006,0.0803071416199988,0.05,0.09375,0.0952380952380952,0.019047619047619,False,False,False,True,0,0,0,0,0.125,0.4482758620689654,16980000
0.7677079637488475,0.0,0.0714546889132652,0.05,0.09375,0.0952380952380952,0.019047619047619,False,False,True,False,0,0,0,0,0.125,0.1379310344827586,7300000
0.8700297857314183,0.042042042042042,0.0675673075072647,0.0,0.09375,0.0952380952380952,0.019047619047619,False,False,False,True,0,0,0,0,0.125,0.3793103448275862,9600000
0.835469094914373,0.0,0.1029386294093874,0.0,0.125,0.0952380952380952,0.0285714285714285,False,True,False,False,1,1,1,1,0.5,0.1034482758620689,14300000
0.8048250844877316,0.0195195195195195,0.0690876200373342,0.0,0.09375,0.0952380952380952,0.019047619047619,False,False,False,True,0,0,0,0,0.125,0.4137931034482758,7500000
0.901491451223336,0.0,0.1542443661836306,0.0,0.28125,0.0952380952380952,0.0380952380952381,False,True,False,False,1,1,1,1,0.625,0.1379310344827586,15500000
0.9639875851140688,0.015015015015015,0.0929122644958913,0.05,0.09375,0.0952380952380952,0.019047619047619,False,False,False,True,0,0,0,0,0.125,0.4482758620689654,23500000
0.8820416839931227,0.0345345345345345,0.0881396378192175,0.0,0.125,0.0952380952380952,0.019047619047619,False,False,False,True,0,0,0,0,0.125,0.7241379310344828,11450000
0.977067635462248,0.006006006006006,0.0642765044358485,0.05,0.0625,0.0952380952380952,0.019047619047619,False,False,True,False,0,0,0,0,0.125,0.2068965517241379,15800000
0.9019639097998606,0.036036036036036,0.0568481419471547,0.0,0.09375,0.0952380952380952,0.019047619047619,True,False,False,False,0,0,0,0,0.125,0.1379310344827586,5800000
0.9859189074991264,0.033033033033033,0.0948174662740796,0.0,0.15625,0.1428571428571428,0.0380952380952381,False,True,False,False,1,1,1,1,0.5,0.1034482758620689,16000000
0.8928260765249831,0.06006006006006,0.0525758712930354,0.0,0.09375,0.0952380952380952,0.019047619047619,True,False,False,False,0,0,0,0,0.125,0.1379310344827586,8500000
0.9090501665741328,0.033033033033033,0.0571175644208379,0.0,0.09375,0.0952380952380952,0.019047619047619,False,False,False,True,0,0,0,0,0.125,0.3793103448275862,7100000
0.8530487627865284,0.0315315315315315,0.17393145122491,0.0,0.0,0.0,0.0,False,True,False,False,1,1,1,1,0.5,0.1034482758620689,10950000
0.8208527900532943,0.0045045045045045,0.1291880761310932,0.0,0.15625,0.0952380952380952,0.0380952380952381,False,True,False,False,1,1,1,1,0.375,0.0689655172413793,18750000
0.8766530452917891,0.0135135135135135,0.1324596347401035,0.1,0.125,0.0952380952380952,0.019047619047619,False,False,False,True,0,0,0,0,0.125,0.3448275862068965,24800000
0.8872901483930491,0.036036036036036,0.0774974501087312,0.05,0.09375,0.0952380952380952,0.019047619047619,False,False,True,False,0,0,0,0,0.125,0.2068965517241379,12800000
0.9148429531421982,0.069069069069069,0.0547697400073129,0.0,0.09375,0.0476190476190476,0.0095238095238095,True,False,False,False,0,0,0,0,0.125,0.0,6400000
0.9713499751145208,0.0,0.0633335257779573,0.05,0.0625,0.0952380952380952,0.0095238095238095,False,False,False,True,0,0,0,0,0.125,0.7931034482758621,16350000
0.904288976433662,0.042042042042042,0.0596385889960163,0.0,0.09375,0.0952380952380952,0.019047619047619,False,False,True,False,0,0,0,0,0.125,0.2068965517241379,9900000
0.8930159078800557,0.042042042042042,0.0348517214171622,0.0,0.09375,0.0952380952380952,0.019047619047619,True,False,False,False,0,0,0,0,0.125,0.1379310344827586,13150000
0.8849859493698204,0.0435435435435435,0.0875238150222273,0.05,0.09375,0.0952380952380952,0.019047619047619,False,False,True,False,0,0,0,0,0.125,0.1724137931034483,13140000
0.8185213498922792,0.0,0.074533802898216,0.05,0.09375,0.0952380952380952,0.019047619047619,False,False,True,False,0,0,0,0,0.125,0.1379310344827586,12100000
0.8107938322686152,0.0285285285285285,0.0595616111463926,0.05,0.0625,0.0952380952380952,0.019047619047619,False,False,True,False,0,0,0,0,0.125,0.1379310344827586,7500000
0.8936960331148498,0.039039039039039,0.0471104439697477,0.05,0.0625,0.0952380952380952,0.0095238095238095,False,False,False,True,0,0,0,0,0.125,0.3793103448275862,7750000
0.9791071127447708,0.021021021021021,0.0361603448607663,0.05,0.0,0.0,0.0,False,False,False,True,0,0,0,0,0.125,0.4137931034482758,8680000
0.8359700089201567,0.0,0.0531339607028077,0.0,0.125,0.0952380952380952,0.0285714285714285,False,True,False,False,1,1,1,1,0.25,0.0344827586206896,10600000
0.8779306000466534,0.0375375375375375,0.0173585050901603,0.0,0.0,0.0,0.0,False,False,False,True,0,0,0,0,0.125,0.3793103448275862,1950000
0.9075358856792376,0.027027027027027,0.0779593172064738,0.05,0.09375,0.0952380952380952,0.019047619047619,False,False,False,True,0,0,0,0,0.125,0.4137931034482758,10930000
0.8755339677802567,0.0465465465465465,0.0484383118757577,0.0,0.09375,0.0952380952380952,0.0285714285714285,False,True,False,False,1,1,1,1,0.25,0.0344827586206896,18500000
0.8827304214912886,0.0,0.0575986759809864,0.05,0.0625,0.0952380952380952,0.0095238095238095,False,False,False,True,0,0,0,0,0.125,0.3448275862068965,10440000
0.8954196742994895,0.045045045045045,0.0462251986990743,0.0,0.09375,0.0952380952380952,0.0095238095238095,True,False,False,False,0,0,0,0,0.125,0.1379310344827586,6250000
0.9009628147048544,0.048048048048048,0.0329657641013798,0.0,0.0625,0.0476190476190476,0.0095238095238095,False,False,True,False,0,0,0,0,0.125,0.1379310344827586,4630000
0.9105197919385262,0.0555555555555555,0.0520755152704809,0.0,0.09375,0.0952380952380952,0.019047619047619,True,False,False,False,0,0,0,0,0.125,0.1379310344827586,9500000
0.9760129575918484,0.0105105105105105,0.1493177838077093,0.1,0.09375,0.0476190476190476,0.0285714285714285,False,False,False,True,0,0,0,0,0.125,0.5517241379310345,24500000
0.8270571785129164,0.0105105105105105,0.0232665550487847,0.0,0.03125,0.0476190476190476,0.0095238095238095,False,False,True,False,0,0,0,0,0.125,0.1379310344827586,3790000
0.9003855603039881,0.0,0.0808267421049593,0.0,0.0,0.0,0.0,True,False,False,False,0,0,0,0,0.125,0.1379310344827586,6950000
0.8713887517779995,0.042042042042042,0.058734099262937,0.0,0.09375,0.0952380952380952,0.019047619047619,False,False,True,False,0,0,0,0,0.125,0.2068965517241379,7350000
0.8664210749375627,0.0555555555555555,0.0550968958682139,0.0,0.0,0.0,0.0,True,False,False,False,0,0,0,0,0.125,0.1379310344827586,5000000
0.8756136155286356,0.0225225225225225,0.0135673459961895,0.0,0.03125,0.0476190476190476,0.0095238095238095,False,False,True,False,0,0,0,0,0.125,0.1379310344827586,1650000
0.8159726423340032,0.0195195195195195,0.0659315282027596,0.05,0.09375,0.0952380952380952,0.019047619047619,False,False,False,True,0,0,0,0,0.125,0.4482758620689654,8600000
0.8088326833934047,0.0,0.0689913977253045,0.05,0.0625,0.0476190476190476,0.0095238095238095,False,False,True,False,0,0,0,0,0.125,0.3103448275862069,5620000
0.8098732767329011,0.0045045045045045,0.0916036410522872,0.05,0.09375,0.0952380952380952,0.019047619047619,False,False,False,True,0,0,0,0,0.125,0.4827586206896552,10500000
0.8801389963373083,0.0,0.0796335854357908,0.05,0.0625,0.0476190476190476,0.0095238095238095,False,False,False,True,0,0,0,0,0.125,0.4482758620689654,13800000
0.9970942964035884,0.0345345345345345,0.0196485961164674,0.0,0.03125,0.0476190476190476,0.0095238095238095,False,False,True,False,0,0,0,0,0.125,0.1379310344827586,2400000
0.8811758512643166,0.0375375375375375,0.0941246656274656,0.05,0.09375,0.0952380952380952,0.019047619047619,False,False,True,False,0,0,0,0,0.125,0.2068965517241379,12580000
0.8185213498922792,0.0,0.0736100687027307,0.05,0.09375,0.0952380952380952,0.019047619047619,False,False,True,False,0,0,0,0,0.125,0.1379310344827586,11370000
0.7677079637488475,0.0,0.0715894001501068,0.05,0.09375,0.0952380952380952,0.019047619047619,False,False,True,False,0,0,0,0,0.125,0.1379310344827586,8250000
0.8827304214912886,0.0,0.0575794315185805,0.05,0.0625,0.0952380952380952,0.0095238095238095,False,False,False,True,0,0,0,0,0.125,0.3448275862068965,10220000
0.8675753848036152,0.042042042042042,0.0544040952215999,0.0,0.09375,0.0952380952380952,0.019047619047619,False,False,True,False,0,0,0,0,0.125,0.1379310344827586,6660000
0.8966793785031655,0.039039039039039,0.0534226276388969,0.05,0.0625,0.0476190476190476,0.0095238095238095,False,False,False,True,0,0,0,0,0.125,0.4137931034482758,9600000
0.9001507223483713,0.0,0.070511710255374,0.0,0.09375,0.0952380952380952,0.019047619047619,False,False,True,False,0,0,0,0,0.125,0.1379310344827586,9980000
0.8159726423340032,0.0195195195195195,0.1045744087138925,0.05,0.125,0.0952380952380952,0.019047619047619,False,False,False,True,0,0,0,0,0.125,0.4482758620689654,12500000
0.8620123451654536,0.039039039039039,0.0297711833419933,0.0,0.0,0.0,0.0,False,False,True,False,0,0,0,0,0.125,0.1379310344827586,3360000
0.8856651422630364,0.0,0.087292881473356,0.05,0.09375,0.0952380952380952,0.019047619047619,False,False,False,True,0,0,0,0,0.125,0.4482758620689654,14380000
0.8499160160754684,0.036036036036036,0.0185131728345168,0.0,0.03125,0.0476190476190476,0.0095238095238095,False,False,True,False,0,0,0,0,0.125,0.3103448275862069,1100000
0.8767671618506654,0.039039039039039,0.0661047283644131,0.0,0.09375,0.0952380952380952,0.019047619047619,False,False,False,True,0,0,0,0,0.125,0.3793103448275862,7200000
0.9452417415308504,0.0375375375375375,0.0914111964282277,0.05,0.09375,0.0952380952380952,0.019047619047619,False,False,False,True,0,0,0,0,0.125,0.6551724137931035,17800000
0.8841410003319652,0.0255255255255255,0.0293670496314685,0.0,0.03125,0.0476190476190476,0.0095238095238095,False,False,True,False,0,0,0,0,0.125,0.1034482758620689,3750000
0.8490480627093007,0.0375375375375375,0.0249215788156957,0.0,0.0,0.0,0.0,False,False,True,False,0,0,0,0,0.125,0.2413793103448275,1280000
0.9001507223483713,0.0,0.0700498431576313,0.0,0.09375,0.0952380952380952,0.019047619047619,False,False,True,False,0,0,0,0,0.125,0.1379310344827586,10980000
0.9075358856792376,0.03003003003003,0.06981890960876,0.05,0.15625,0.0952380952380952,0.019047619047619,False,False,False,True,0,0,0,0,0.125,0.4137931034482758,10000000
0.9832404116156964,0.0375375375375375,0.0648730827704328,0.05,0.09375,0.0952380952380952,0.019047619047619,False,False,False,True,0,0,0,0,0.125,0.5862068965517242,12700000
0.8383506038034056,0.0375375375375375,0.0475338221426784,0.0,0.0625,0.0952380952380952,0.0095238095238095,False,False,False,True,0,0,0,0,0.125,0.5172413793103449,6880000
0.9442223132674314,0.066066066066066,0.0430306179396878,0.0,0.09375,0.0952380952380952,0.0095238095238095,True,False,False,False,0,0,0,0,0.125,0.0344827586206896,6500000
0.8779306000466534,0.0375375375375375,0.0166464599811404,0.0,0.0,0.0,0.0,False,False,False,True,0,0,0,0,0.125,0.3793103448275862,2100000
0.8883854732642931,0.051051051051051,0.0578873429170756,0.0,0.09375,0.0952380952380952,0.019047619047619,True,False,False,False,0,0,0,0,0.125,0.1379310344827586,4700000
0.7677079637488475,0.0,0.0699536208456016,0.05,0.09375,0.0952380952380952,0.019047619047619,False,False,True,False,0,0,0,0,0.125,0.1379310344827586,7500000
0.8696571272201936,0.021021021021021,0.0220156649923984,0.0,0.03125,0.0476190476190476,0.0095238095238095,False,False,True,False,0,0,0,0,0.125,0.2068965517241379,2480000
0.838653261283298,0.0255255255255255,0.0827896772703654,0.05,0.09375,0.0952380952380952,0.019047619047619,False,False,True,False,0,0,0,0,0.125,0.3103448275862069,12000000
0.8406592589933553,0.042042042042042,0.0449550641802821,0.0,0.0625,0.0952380952380952,0.0095238095238095,True,False,False,False,0,0,0,0,0.125,0.1379310344827586,3000000
0.8551099529481974,0.0195195195195195,0.1009372053191694,0.05,0.09375,0.0952380952380952,0.019047619047619,False,False,False,True,0,0,0,0,0.125,0.4137931034482758,15200000
0.8687935935462576,0.009009009009009,0.0412601273983411,0.05,0.0,0.0,0.0,False,False,True,False,0,0,0,0,0.125,0.2068965517241379,6200000
0.8993420030783739,0.0465465465465465,0.0312337624848449,0.0,0.03125,0.0476190476190476,0.0095238095238095,False,False,False,True,0,0,0,0,0.125,0.3793103448275862,2720000
0.8098732767329011,0.0045045045045045,0.0709350884283047,0.05,0.0625,0.0476190476190476,0.0095238095238095,False,False,False,True,0,0,0,0,0.125,0.4827586206896552,8200000
0.9148053439925832,0.012012012012012,0.1049015645747935,0.05,0.09375,0.0952380952380952,0.019047619047619,False,False,False,True,0,0,0,0,0.125,0.4482758620689654,25520000
0.9694984069526812,0.042042042042042,0.0695302426726709,0.05,0.09375,0.0952380952380952,0.019047619047619,False,False,False,True,0,0,0,0,0.125,0.4137931034482758,12000000
0.8795463856358197,0.06006006006006,0.053037738390778,0.0,0.0,0.0,0.0,True,False,False,False,0,0,0,0,0.125,0.1379310344827586,7000000
0.8675076673867181,0.075075075075075,0.0477070223043319,0.0,0.125,0.0952380952380952,0.0285714285714285,False,True,False,False,1,1,1,1,0.25,0.0344827586206896,16880000
0.869100910743299,0.0345345345345345,0.0734176240786713,0.05,0.09375,0.0952380952380952,0.019047619047619,False,False,False,True,0,0,0,0,0.125,0.4482758620689654,6060000
0.802996387156611,0.036036036036036,0.0744375805861863,0.05,0.09375,0.0952380952380952,0.019047619047619,False,False,True,False,0,0,0,0,0.125,0.2413793103448275,9750000
0.9330644729093364,0.036036036036036,0.0821353655485633,0.0,0.09375,0.0952380952380952,0.019047619047619,False,False,False,True,0,0,0,0,0.125,0.3793103448275862,15150000
0.8504448778540166,0.036036036036036,0.0098531647518426,0.0,0.0,0.0,0.0,True,False,False,False,0,0,0,0,0.125,0.1379310344827586,250000
0.808380031671561,0.0405405405405405,0.0630256143794623,0.0,0.09375,0.0952380952380952,0.019047619047619,False,False,True,False,0,0,0,0,0.125,0.2413793103448275,5500000
0.9832404116156964,0.036036036036036,0.0648730827704328,0.05,0.0625,0.0952380952380952,0.0095238095238095,False,False,False,True,0,0,0,0,0.125,0.5862068965517242,13050000
0.8361626266627411,0.042042042042042,0.0673941073456113,0.0,0.09375,0.0952380952380952,0.019047619047619,False,False,True,False,0,0,0,0,0.125,0.2068965517241379,4550000
0.8524890670175864,0.018018018018018,0.1122529492138637,0.1,0.09375,0.0952380952380952,0.019047619047619,False,False,False,True,0,0,0,0,0.125,0.4827586206896552,16550000
0.8763615763081702,0.0,0.0602544117930065,0.0,0.09375,0.0476190476190476,0.019047619047619,False,True,False,False,1,1,1,1,0.25,0.0344827586206896,11500000
0.8165753619408918,0.0195195195195195,0.1608837057136808,0.0,0.15625,0.0952380952380952,0.0476190476190476,False,True,False,False,1,1,1,1,0.5,0.1034482758620689,12500000
0.8784559341703186,0.027027027027027,0.1053249427477243,0.05,0.09375,0.0952380952380952,0.019047619047619,False,False,False,True,0,0,0,0,0.125,0.3448275862068965,16000000
0.8813335372788913,0.0345345345345345,0.1595558378076708,0.05,0.15625,0.1904761904761904,0.0380952380952381,False,True,False,False,1,1,1,1,0.375,0.0689655172413793,22800000
0.8838647872463525,0.045045045045045,0.0250755345149433,0.0,0.0,0.0,0.0,False,False,True,False,0,0,0,0,0.125,0.1724137931034483,2850000
0.8697184309620809,0.042042042042042,0.0862344360410291,0.05,0.09375,0.0952380952380952,0.019047619047619,False,False,True,False,0,0,0,0,0.125,0.1379310344827586,8550000
0.8917694790143855,0.024024024024024,0.0364682562592613,0.05,0.03125,0.0476190476190476,0.0095238095238095,False,False,True,False,0,0,0,0,0.125,0.2758620689655172,5320000
0.8693877422327603,0.0435435435435435,0.0368531455073802,0.0,0.09375,0.0952380952380952,0.0095238095238095,False,False,True,False,0,0,0,0,0.125,0.2068965517241379,6000000
0.8603199461933002,0.021021021021021,0.0652579720185516,0.05,0.0625,0.0952380952380952,0.0095238095238095,False,False,False,True,0,0,0,0,0.125,0.4137931034482758,9350000
0.8993420030783739,0.051051051051051,0.2216577179916479,0.05,0.0,0.0,0.0,False,False,False,True,0,0,0,0,0.125,0.3793103448275862,18700000
0.8526621745470209,0.036036036036036,0.0697034428343244,0.05,0.09375,0.0952380952380952,0.019047619047619,False,False,True,False,0,0,0,0,0.125,0.2413793103448275,6400000
0.8998568058306091,0.0525525525525525,0.0615822796990166,0.0,0.09375,0.0952380952380952,0.019047619047619,True,False,False,False,0,0,0,0,0.125,0.1379310344827586,7600000
0.9627985101312504,0.0,0.0366029674961029,0.0,0.0,0.0,0.0,False,False,True,False,0,0,0,0,0.125,0.2068965517241379,7980000
0.8819716120210046,0.039039039039039,0.0867540365259896,0.05,0.09375,0.0952380952380952,0.019047619047619,False,False,True,False,0,0,0,0,0.125,0.2413793103448275,19000000
0.8812746972495802,0.0,0.0536150722629563,0.05,0.09375,0.0952380952380952,0.0095238095238095,False,False,True,False,0,0,0,0,0.125,0.3103448275862069,7300000
0.8727799551936357,0.0,0.11146392625522,0.0,0.15625,0.1428571428571428,0.0285714285714285,False,True,False,False,1,1,1,1,0.375,0.0689655172413793,19600000
0.923854165084947,0.0225225225225225,0.0409907049246579,0.05,0.03125,0.0476190476190476,0.0095238095238095,False,False,True,False,0,0,0,0,0.125,0.1724137931034483,8330000
0.9162783267827592,0.0165165165165165,0.0825587437214941,0.05,0.09375,0.0952380952380952,0.019047619047619,False,False,False,True,0,0,0,0,0.125,0.4482758620689654,12800000
0.8712368941824025,0.042042042042042,0.0307141619998845,0.0,0.03125,0.0476190476190476,0.0095238095238095,False,False,False,True,0,0,0,0,0.125,0.3793103448275862,4000000
0.8089013500901672,0.0,0.1256470950483998,0.0,0.125,0.0952380952380952,0.0285714285714285,False,True,False,False,1,1,1,1,0.5,0.1034482758620689,13900000
0.8580387316100655,0.0345345345345345,0.0577718761426399,0.0,0.09375,0.0952380952380952,0.0095238095238095,True,False,False,False,0,0,0,0,0.125,0.1379310344827586,7200000
0.8696571272201936,0.021021021021021,0.0220156649923984,0.0,0.03125,0.0476190476190476,0.0095238095238095,False,False,True,False,0,0,0,0,0.125,0.2068965517241379,2940000
0.8829192968178461,0.033033033033033,0.1464888478340357,0.0,0.125,0.1428571428571428,0.0380952380952381,False,True,False,False,1,1,1,1,0.375,0.0689655172413793,18100000
0.9713499751145208,0.0,0.088967149702673,0.05,0.09375,0.0952380952380952,0.019047619047619,False,False,False,True,0,0,0,0,0.125,0.7931034482758621,23300000
0.8523710616489382,0.03003003003003,0.0355060331389642,0.0,0.0,0.0,0.0,True,False,False,False,0,0,0,0,0.125,0.1379310344827586,2120000
0.8934095847965295,0.0435435435435435,0.1304774551122914,0.05,0.125,0.0952380952380952,0.019047619047619,False,False,False,True,0,0,0,0,0.125,0.3793103448275862,14880000
0.8811758512643166,0.036036036036036,0.0941439100898716,0.0,0.09375,0.0952380952380952,0.019047619047619,False,False,True,False,0,0,0,0,0.125,0.2068965517241379,11300000
0.7982761587376501,0.024024024024024,0.1133883724958143,0.0,0.1875,0.0952380952380952,0.0380952380952381,False,True,False,False,1,1,1,1,0.5,0.1034482758620689,1604509
0.9017601166415544,0.075075075075075,0.0494582683832727,0.0,0.0625,0.0952380952380952,0.0095238095238095,False,True,False,False,1,1,1,1,0.25,0.0344827586206896,12307700
0.849067080310391,0.036036036036036,0.0168581490676057,0.0,0.03125,0.0476190476190476,0.0095238095238095,True,False,False,False,0,0,0,0,0.125,0.1379310344827586,600000
0.8568708836274368,0.0405405405405405,0.0746685141350576,0.0,0.09375,0.0952380952380952,0.019047619047619,False,False,True,False,0,0,0,0,0.125,0.2068965517241379,6500000
0.8435483832513455,0.0105105105105105,0.1043049862402093,0.05,0.09375,0.0952380952380952,0.019047619047619,False,False,True,False,0,0,0,0,0.125,0.2413793103448275,16500000
0.882503003055092,0.0990990990990991,0.0784404287666224,0.0,0.09375,0.0952380952380952,0.019047619047619,False,True,False,False,1,1,1,1,0.25,0.0344827586206896,21000000
0.9826743404223066,0.012012012012012,0.0552700960298674,0.05,0.09375,0.0952380952380952,0.019047619047619,False,False,True,False,0,0,0,0,0.125,0.2758620689655172,13980000
0.8534363794677233,0.0645645645645645,0.045975020687797,0.0,0.09375,0.0476190476190476,0.019047619047619,False,True,False,False,1,1,1,1,0.375,0.0689655172413793,5300000
0.8667546060302982,0.072072072072072,0.0755922483305428,0.0,0.15625,0.1428571428571428,0.0285714285714285,False,True,False,False,1,1,1,1,0.25,0.0344827586206896,16900000
0.8603404194483915,0.0795795795795795,0.051709870484768,0.0,0.09375,0.0952380952380952,0.0095238095238095,False,True,False,False,1,1,1,1,0.25,0.0344827586206896,12000000
0.9917721474914742,0.045045045045045,0.0877547485710986,0.0,0.125,0.0952380952380952,0.0285714285714285,False,True,False,False,1,1,1,1,0.5,0.1034482758620689,6650000
0.9808447323512725,0.051051051051051,0.0788253180147412,0.0,0.1875,0.0952380952380952,0.0285714285714285,False,True,False,False,1,1,1,1,0.25,0.0344827586206896,22000000
0.8647495150303826,0.051051051051051,0.0780362950560976,0.0,0.1875,0.1428571428571428,0.0380952380952381,False,True,False,False,1,1,1,1,0.25,0.0344827586206896,10000000
0.9001383466501807,0.0,0.0384696803494794,0.0,0.0625,0.0476190476190476,0.019047619047619,True,False,False,False,0,0,0,0,0.125,0.1379310344827586,3000000
0.81009187289024,0.021021021021021,0.0902950176086831,0.0,0.125,0.0952380952380952,0.0285714285714285,False,True,False,False,1,1,1,1,0.5,0.1034482758620689,9100000
0.905044643381899,0.0,0.0767661605373054,0.0,0.09375,0.1428571428571428,0.019047619047619,False,True,False,False,1,1,1,1,0.375,0.0689655172413793,17650000
0.8730068765569285,0.0,0.0996478263379712,0.0,0.15625,0.0952380952380952,0.0285714285714285,False,True,False,False,1,1,1,1,0.375,0.0689655172413793,16000000
0.90736171879351,0.021021021021021,0.041625772184054,0.05,0.03125,0.0476190476190476,0.0095238095238095,False,False,True,False,0,0,0,0,0.125,0.2068965517241379,4550000
0.9773516269621324,0.021021021021021,0.0868310143756134,0.05,0.09375,0.0952380952380952,0.019047619047619,False,False,False,True,0,0,0,0,0.125,0.4482758620689654,18000000
0.7955818778582397,0.03003003003003,0.0715894001501068,0.0,0.09375,0.0952380952380952,0.0095238095238095,False,True,False,False,1,1,1,1,0.125,0.0,10500000
0.8841410003319652,0.0255255255255255,0.0492080903719954,0.05,0.03125,0.0476190476190476,0.0095238095238095,False,False,True,False,0,0,0,0,0.125,0.1034482758620689,4900000
0.8814546687061693,0.0,0.0783826953794045,0.05,0.09375,0.0952380952380952,0.019047619047619,False,False,False,True,0,0,0,0,0.125,0.4827586206896552,17580000
0.9204340354398824,0.0495495495495495,0.0828089217327713,0.0,0.09375,0.0952380952380952,0.0095238095238095,True,False,False,False,0,0,0,0,0.125,0.1379310344827586,7550000
0.9567013194885874,0.042042042042042,0.1545907665069376,0.0,0.125,0.0952380952380952,0.0285714285714285,False,True,False,False,1,1,1,1,0.375,0.0689655172413793,23000000
0.8849228520729469,0.06006006006006,0.0438966187479552,0.0,0.09375,0.0952380952380952,0.0095238095238095,True,False,False,False,0,0,0,0,0.125,0.1379310344827586,5160000
0.8740458422898314,0.0645645645645645,0.0658545503531358,0.0,0.0625,0.0952380952380952,0.019047619047619,False,True,False,False,1,1,1,1,0.25,0.0344827586206896,10700000
0.8816492340501156,0.0225225225225225,0.051344225699055,0.05,0.0625,0.0952380952380952,0.0095238095238095,False,False,True,False,0,0,0,0,0.125,0.3103448275862069,11000000
0.8942958663591014,0.0435435435435435,0.0737640244019783,0.05,0.09375,0.0952380952380952,0.019047619047619,True,False,False,False,0,0,0,0,0.125,0.1379310344827586,8200000
0.8771293977986545,0.0045045045045045,0.0719358004734137,0.05,0.0625,0.0952380952380952,0.0095238095238095,False,False,True,False,0,0,0,0,0.125,0.2758620689655172,14500000
0.9015536548029672,0.0,0.0180320612743682,0.0,0.03125,0.0476190476190476,0.0095238095238095,False,False,False,True,0,0,0,0,0.125,0.3793103448275862,2900000
0.8989891017046148,0.0,0.0205723303119527,0.0,0.03125,0.0476190476190476,0.0095238095238095,False,False,True,False,0,0,0,0,0.125,0.2068965517241379,2850000
0.8682698162440374,0.0375375375375375,0.0835209668417912,0.05,0.0,0.0,0.0,False,False,False,True,0,0,0,0,0.125,0.3793103448275862,12180000
0.8886000927917905,0.057057057057057,0.049015645747936,0.0,0.09375,0.0952380952380952,0.019047619047619,True,False,False,False,0,0,0,0,0.125,0.1379310344827586,16800000
0.9713499751145208,0.0015015015015015,0.0653541943305813,0.05,0.0625,0.0952380952380952,0.0095238095238095,False,False,False,True,0,0,0,0,0.125,0.7931034482758621,16700000
0.8891978802232359,0.0585585585585585,0.0642957488982545,0.0,0.09375,0.0952380952380952,0.019047619047619,True,False,False,False,0,0,0,0,0.125,0.1379310344827586,6800000
0.8139704354030641,0.063063063063063,0.0418567057329253,0.0,0.125,0.1428571428571428,0.019047619047619,False,True,False,False,1,1,1,1,0.375,0.0689655172413793,3265000
0.884173380174758,0.0,0.0871581702365144,0.05,0.09375,0.0952380952380952,0.019047619047619,False,False,True,False,0,0,0,0,0.125,0.3103448275862069,18400000
0.8121743704534481,0.0015015015015015,0.0410099493870638,0.0,0.0625,0.0476190476190476,0.0095238095238095,False,False,False,True,0,0,0,0,0.125,0.4482758620689654,6500000
0.9950191189169288,0.0645645645645645,0.0543271173719762,0.0,0.125,0.1428571428571428,0.019047619047619,False,True,False,False,1,1,1,1,0.25,0.0344827586206896,6800000
0.8838647872463525,0.0465465465465465,0.0185709062217346,0.0,0.03125,0.0476190476190476,0.0095238095238095,False,False,True,False,0,0,0,0,0.125,0.1724137931034483,1447262
0.9040867069671208,0.0615615615615615,0.0534611165637087,0.0,0.09375,0.0952380952380952,0.019047619047619,True,False,False,False,0,0,0,0,0.125,0.1379310344827586,9700000
0.9019639097998606,0.036036036036036,0.0792102072628601,0.05,0.09375,0.0952380952380952,0.019047619047619,True,False,False,False,0,0,0,0,0.125,0.1379310344827586,5100000
0.8795083656932263,0.06006006006006,0.0448011084810345,0.0,0.125,0.0476190476190476,0.0095238095238095,True,False,False,False,0,0,0,0,0.125,0.1379310344827586,4680000
0.8594657294463843,0.0465465465465465,0.0261532244096761,0.0,0.03125,0.0476190476190476,0.0095238095238095,False,False,False,True,0,0,0,0,0.125,0.3793103448275862,4680000
0.8710064780547384,0.0,0.0136828127706252,0.0,0.21875,0.0476190476190476,0.0285714285714285,False,True,False,False,1,1,1,1,0.25,0.0344827586206896,5450000
0.8888019535051512,0.042042042042042,0.0260377576352404,0.0,0.03125,0.0476190476190476,0.0095238095238095,False,False,True,False,0,0,0,0,0.125,0.1724137931034483,5300000
0.7893422526948086,0.0,0.0535765833381444,0.0,0.0625,0.0476190476190476,0.0095238095238095,False,False,False,True,0,0,0,0,0.125,0.3448275862068965,2110000
0.884173380174758,0.0,0.1186228662702307,0.1,0.09375,0.0952380952380952,0.019047619047619,False,False,True,False,0,0,0,0,0.125,0.3103448275862069,24100000
0.9483189461537336,0.0,0.0338125204472413,0.0,0.09375,0.0952380952380952,0.019047619047619,True,False,False,False,0,0,0,0,0.125,0.1034482758620689,5500000
0.81049387085082,0.021021021021021,0.0168196601427939,0.0,0.03125,0.0476190476190476,0.0095238095238095,False,False,True,False,0,0,0,0,0.125,0.1724137931034483,1355000
0.8596974750407185,0.018018018018018,0.0299058945788349,0.0,0.0625,0.0952380952380952,0.0095238095238095,False,False,True,False,0,0,0,0,0.125,0.3103448275862069,5500000
0.8981966494005178,0.0645645645645645,0.0482073783268864,0.0,0.09375,0.0952380952380952,0.019047619047619,True,False,False,False,0,0,0,0,0.125,0.1379310344827586,6400000
0.8939585345655416,0.042042042042042,0.0748994476839289,0.05,0.09375,0.0952380952380952,0.019047619047619,False,False,True,False,0,0,0,0,0.125,0.2068965517241379,10100000
0.985127461826437,0.0015015015015015,0.0753228258568596,0.05,0.0625,0.0952380952380952,0.0095238095238095,False,False,False,True,0,0,0,0,0.125,0.7241379310344828,19300000
0.8052370179279364,0.006006006006006,0.088312837980871,0.0,0.09375,0.0952380952380952,0.0380952380952381,False,True,False,False,1,1,1,1,0.5,0.1034482758620689,16000000
0.8970041717999777,0.0195195195195195,0.0405480822893212,0.05,0.03125,0.0476190476190476,0.0095238095238095,False,False,True,False,0,0,0,0,0.125,0.2758620689655172,7000000
0.815046077601977,0.0,0.0555587629659565,0.0,0.15625,0.0952380952380952,0.019047619047619,False,True,False,False,1,1,1,1,0.25,0.0344827586206896,2875743
0.9970942964035884,0.033033033033033,0.0196485961164674,0.0,0.0,0.0,0.0,False,False,True,False,0,0,0,0,0.125,0.1379310344827586,2500000
0.8770879897110717,0.048048048048048,0.092989242345515,0.0,0.0,0.0,0.0,False,False,False,True,0,0,0,0,0.125,0.3793103448275862,8809779
0.8584063666215798,0.048048048048048,0.0765159825260281,0.0,0.09375,0.0952380952380952,0.019047619047619,True,False,False,False,0,0,0,0,0.125,0.1379310344827586,10000000
0.8665631968255525,0.048048048048048,0.0692030868117699,0.0,0.09375,0.0952380952380952,0.019047619047619,True,False,False,False,0,0,0,0,0.125,0.1379310344827586,5680000
0.8499160160754684,0.0345345345345345,0.0185131728345168,0.0,0.0,0.0,0.0,False,False,True,False,0,0,0,0,0.125,0.3103448275862069,920000
0.8051765458923796,0.0105105105105105,0.1085965013567346,0.0,0.125,0.0952380952380952,0.0285714285714285,False,True,False,False,1,1,1,1,0.5,0.1034482758620689,13000000
0.9019639097998606,0.033033033033033,0.1233377595596867,0.15,0.09375,0.0952380952380952,0.019047619047619,False,False,True,False,0,0,0,0,0.125,0.3103448275862069,5000000
0.8612996131777777,0.0,0.0645266824471258,0.0,0.0625,0.0952380952380952,0.019047619047619,False,True,False,False,1,1,1,1,0.25,0.0344827586206896,10000000
0.8930159078800557,0.042042042042042,0.0348517214171622,0.0,0.09375,0.0952380952380952,0.019047619047619,True,False,False,False,0,0,0,0,0.125,0.1379310344827586,11600000
0.9054588938280972,0.006006006006006,0.0791524738756422,0.0,0.03125,0.0476190476190476,0.019047619047619,True,False,False,False,0,0,0,0,0.25,0.4482758620689654,21300000
0.8729355338805647,0.0375375375375375,0.0214190866578142,0.0,0.0,0.0,0.0,False,False,False,True,0,0,0,0,0.125,0.5517241379310345,3680000
0.8743499662392082,0.0,0.060754767815561,0.05,0.09375,0.0952380952380952,0.019047619047619,False,False,True,False,0,0,0,0,0.125,0.1379310344827586,13800000
0.8687935935462576,0.0105105105105105,0.0373535015299347,0.0,0.0625,0.0952380952380952,0.019047619047619,False,False,True,False,0,0,0,0,0.125,0.2068965517241379,6680000
0.7607072331325071,0.0,0.0685295306275619,0.0,0.125,0.0952380952380952,0.019047619047619,False,True,False,False,1,1,1,1,0.25,0.0344827586206896,3600000
0.8697054279199392,0.0,0.0489001789735003,0.0,0.09375,0.0952380952380952,0.019047619047619,False,True,False,False,1,1,1,1,0.25,0.0344827586206896,9150000
0.9391250001991692,0.0375375375375375,0.081904431999692,0.0,0.09375,0.0952380952380952,0.019047619047619,False,False,False,True,0,0,0,0,0.125,0.4827586206896552,15300000
0.930780137631274,0.039039039039039,0.0437619075111136,0.0,0.0625,0.0476190476190476,0.0095238095238095,False,False,False,True,0,0,0,0,0.125,0.6206896551724138,7310000
0.914543801662944,0.0225225225225225,0.1056905875334372,0.05,0.125,0.0952380952380952,0.019047619047619,False,False,False,True,0,0,0,0,0.125,0.4482758620689654,23350000
0.891959152682432,0.0,0.0601581894809768,0.0,0.09375,0.0952380952380952,0.019047619047619,False,False,False,True,0,0,0,0,0.125,0.3793103448275862,8504000
0.8820416839931227,0.0345345345345345,0.0679521967553836,0.0,0.09375,0.0952380952380952,0.019047619047619,False,False,False,True,0,0,0,0,0.125,0.6896551724137931,8850000
0.883971802318996,0.033033033033033,0.1125993495371706,0.05,0.09375,0.0952380952380952,0.019047619047619,False,False,False,True,0,0,0,0,0.125,0.3793103448275862,9180000
0.8541268960461252,0.0,0.0377191463156476,0.05,0.0625,0.0476190476190476,0.0095238095238095,False,False,True,False,0,0,0,0,0.125,0.1379310344827586,7400000
0.9117697879786988,0.0645645645645645,0.0270384696803494,0.0,0.0625,0.0476190476190476,0.0095238095238095,True,False,False,False,0,0,0,0,0.125,0.1034482758620689,3700000
0.9677053156523528,0.072072072072072,0.051709870484768,0.0,0.0,0.0,0.0,False,True,False,False,1,1,1,1,0.25,0.0344827586206896,13500000
0.8408965945338878,0.0585585585585585,0.0561168523757288,0.0,0.0,0.0,0.0,False,True,False,False,1,1,1,1,0.25,0.0344827586206896,11000000
0.8005054173520989,0.0,0.0548274733945307,0.05,0.0625,0.0952380952380952,0.019047619047619,False,False,True,False,0,0,0,0,0.125,0.2413793103448275,7750000
0.8089543511684951,0.0015015015015015,0.0940476877778419,0.05,0.09375,0.0952380952380952,0.019047619047619,False,False,False,True,0,0,0,0,0.125,0.4827586206896552,9680000
0.8758823614269033,0.0435435435435435,0.0145103246540807,0.0,0.03125,0.0952380952380952,0.019047619047619,False,False,True,False,0,0,0,0,0.125,0.1379310344827586,3100000
0.995035180959178,0.0285285285285285,0.0225160210149529,0.0,0.03125,0.0476190476190476,0.0095238095238095,False,False,True,False,0,0,0,0,0.125,0.1724137931034483,3400000
0.8419501875487185,0.0135135135135135,0.0696841983719184,0.05,0.09375,0.0952380952380952,0.019047619047619,False,False,True,False,0,0,0,0,0.125,0.1724137931034483,10850000
0.8499160160754684,0.036036036036036,0.0183207282104574,0.0,0.03125,0.0476190476190476,0.0095238095238095,True,False,False,False,0,0,0,0,0.125,0.1034482758620689,1050000
0.7811682958297013,0.0045045045045045,0.0481688894020745,0.05,0.0625,0.0476190476190476,0.0095238095238095,False,False,True,False,0,0,0,0,0.125,0.2413793103448275,5370000
0.992072822063335,0.024024024024024,0.0169543713796355,0.0,0.03125,0.0476190476190476,0.0095238095238095,False,False,True,False,0,0,0,0,0.125,0.1724137931034483,4100000
0.995412481182086,0.033033033033033,0.1117718376537151,0.0,0.0,0.0,0.0,False,True,False,False,1,1,1,1,0.5,0.1034482758620689,22380000
0.8230622129436256,0.012012012012012,0.1998537420857148,0.0,0.125,0.0952380952380952,0.0380952380952381,False,True,False,False,1,1,1,1,0.25,0.0344827586206896,18050000
0.8551099529481974,0.018018018018018,0.1085387679695167,0.05,0.09375,0.0952380952380952,0.019047619047619,False,False,False,True,0,0,0,0,0.125,0.4137931034482758,15800000
0.7958406041614126,0.0225225225225225,0.0118353443796547,0.0,0.03125,0.0476190476190476,0.0095238095238095,False,False,True,False,0,0,0,0,0.125,0.1379310344827586,1500000
0.8888019535051512,0.0405405405405405,0.0525758712930354,0.0,0.0625,0.0476190476190476,0.0095238095238095,False,False,True,False,0,0,0,0,0.125,0.1724137931034483,6500000
0.8612148223988925,0.039039039039039,0.1401189307776687,0.0,0.1875,0.1904761904761904,0.0285714285714285,True,False,False,False,0,0,0,0,0.375,0.1034482758620689,10000000
0.900707258170172,0.0615615615615615,0.0451282643419356,0.0,0.09375,0.0952380952380952,0.0095238095238095,True,False,False,False,0,0,0,0,0.125,0.1034482758620689,7180000
0.9026292478295376,0.0135135135135135,0.1231645593980332,0.1,0.0625,0.0952380952380952,0.019047619047619,False,False,False,True,0,0,0,0,0.125,0.5862068965517242,21500000
0.8856999742364735,0.0,0.0653926832553932,0.0,0.09375,0.0952380952380952,0.019047619047619,True,False,False,False,0,0,0,0,0.125,0.1379310344827586,4200000
0.8556784513398838,0.0225225225225225,0.086292169428247,0.05,0.09375,0.0952380952380952,0.019047619047619,False,False,False,True,0,0,0,0,0.125,0.4137931034482758,14730000
0.857362410349026,0.066066066066066,0.1042472528529915,0.0,0.15625,0.1904761904761904,0.0285714285714285,False,True,False,False,1,1,1,1,0.25,0.0344827586206896,8800000
0.9773146578769456,0.0195195195195195,0.046667821334411,0.0,0.03125,0.0476190476190476,0.0095238095238095,False,False,False,True,0,0,0,0,0.125,0.4137931034482758,9580000
0.8521107159320707,0.021021021021021,0.0903527509959009,0.05,0.09375,0.0952380952380952,0.019047619047619,False,False,False,True,0,0,0,0,0.125,0.4827586206896552,12990000
0.8848589625159207,0.039039039039039,0.060081211631353,0.05,0.09375,0.0952380952380952,0.019047619047619,False,False,False,True,0,0,0,0,0.125,0.3793103448275862,9400000
0.8635690582303539,0.045045045045045,0.0825394992590882,0.05,0.09375,0.0952380952380952,0.019047619047619,False,False,True,False,0,0,0,0,0.125,0.1379310344827586,10680000
0.8838528403117607,0.0405405405405405,0.0807497642553355,0.05,0.125,0.0952380952380952,0.019047619047619,True,False,False,False,0,0,0,0,0.25,0.1379310344827586,13880000
0.8798655483246876,0.0,0.0692800646613936,0.0,0.0,0.0,0.0,True,False,False,False,0,0,0,0,0.125,0.1379310344827586,8150000
0.802996387156611,0.036036036036036,0.0760541154282855,0.1,0.09375,0.0952380952380952,0.019047619047619,False,False,True,False,0,0,0,0,0.125,0.2068965517241379,9000000
0.9725018658415934,0.0015015015015015,0.0706271770298096,0.05,0.0625,0.0952380952380952,0.0095238095238095,False,False,False,True,0,0,0,0,0.125,0.6896551724137931,18200000
0.852822656161834,0.0225225225225225,0.1146777514770125,0.0,0.0,0.0,0.0,False,True,False,False,1,1,1,1,0.5,0.1034482758620689,11000000
0.8856651422630364,0.0,0.0873121259357619,0.05,0.09375,0.0952380952380952,0.019047619047619,False,False,False,True,0,0,0,0,0.125,0.4482758620689654,17000000
0.8099313196147477,0.0075075075075075,0.070165309932067,0.05,0.09375,0.0952380952380952,0.019047619047619,False,False,True,False,0,0,0,0,0.125,0.2068965517241379,8800000
0.9019639097998606,0.036036036036036,0.0694725092854531,0.05,0.0625,0.0952380952380952,0.0095238095238095,True,False,False,False,0,0,0,0,0.125,0.1379310344827586,5800000
0.901081328535696,0.0225225225225225,0.0195523738044377,0.0,0.03125,0.0476190476190476,0.0095238095238095,False,False,True,False,0,0,0,0,0.125,0.3103448275862069,4220000
0.8793676041130425,0.006006006006006,0.0776129168831668,0.05,0.0625,0.0952380952380952,0.0095238095238095,False,False,False,True,0,0,0,0,0.125,0.896551724137931,20800000
0.88099286599072,0.039039039039039,0.0820968766237515,0.0,0.0625,0.0476190476190476,0.0095238095238095,False,False,True,False,0,0,0,0,0.125,0.2758620689655172,8600000
0.8696571272201936,0.021021021021021,0.0241133113946461,0.0,0.0,0.0,0.0,False,False,True,False,0,0,0,0,0.125,0.2068965517241379,2520000
0.9055154726211754,0.006006006006006,0.0963762677289609,0.05,0.09375,0.0952380952380952,0.019047619047619,False,False,False,True,0,0,0,0,0.125,0.3448275862068965,23200000
0.8823323884377601,0.0,0.0946057771876142,0.05,0.0,0.0,0.0,False,False,True,False,0,0,0,0,0.125,0.1724137931034483,18000000
0.9149459910453004,0.0165165165165165,0.1183726882589534,0.0,0.0,0.0,0.0,False,True,False,False,1,1,1,1,0.5,0.1034482758620689,23100000
0.8121743704534481,0.003003003003003,0.0421261282066085,0.0,0.0625,0.0952380952380952,0.0095238095238095,False,False,False,True,0,0,0,0,0.125,0.4482758620689654,6500000
0.899458496525881,0.0,0.0432038181013413,0.0,0.03125,0.0476190476190476,0.0095238095238095,False,False,True,False,0,0,0,0,0.125,0.2068965517241379,11460000
0.8917694790143855,0.0225225225225225,0.0203991301502992,0.0,0.03125,0.0476190476190476,0.0095238095238095,False,False,True,False,0,0,0,0,0.125,0.2758620689655172,3800000
0.8524890670175864,0.0165165165165165,0.1122529492138637,0.1,0.09375,0.0952380952380952,0.019047619047619,False,False,False,True,0,0,0,0,0.125,0.4827586206896552,15850000
0.943316208501642,0.036036036036036,0.0321190077555183,0.0,0.03125,0.0476190476190476,0.0095238095238095,False,False,True,False,0,0,0,0,0.125,0.1724137931034483,5250000
0.8159726423340032,0.0195195195195195,0.0650462829320862,0.05,0.09375,0.0952380952380952,0.019047619047619,False,False,False,True,0,0,0,0,0.125,0.4482758620689654,6500000
0.975406847269454,0.048048048048048,0.0931816869695745,0.0,0.21875,0.0476190476190476,0.0666666666666666,False,True,False,False,1,1,1,1,0.25,0.0344827586206896,19250000
0.81049387085082,0.0225225225225225,0.0168196601427939,0.0,0.03125,0.0476190476190476,0.0095238095238095,False,False,True,False,0,0,0,0,0.125,0.1724137931034483,1580000
0.8613824087322826,0.054054054054054,0.0688951754132748,0.0,0.0625,0.0952380952380952,0.019047619047619,False,True,False,False,1,1,1,1,0.25,0.0344827586206896,12500000
0.8432093358957218,0.0,0.0628524142178088,0.05,0.09375,0.0476190476190476,0.019047619047619,False,False,True,False,0,0,0,0,0.125,0.1379310344827586,8500000
0.9928284581148716,0.072072072072072,0.0288089602216962,0.0,0.125,0.0952380952380952,0.0095238095238095,False,True,False,False,1,1,1,1,0.125,0.0,11032000
0.87152310886745,0.045045045045045,0.0654889055674229,0.0,0.09375,0.0952380952380952,0.019047619047619,True,False,False,False,0,0,0,0,0.125,0.1379310344827586,4300000
0.8549603567988981,0.0345345345345345,0.0804610973192463,0.05,0.09375,0.0952380952380952,0.019047619047619,False,False,True,False,0,0,0,0,0.125,0.2758620689655172,11500000
0.8729355338805647,0.0375375375375375,0.016088370571368,0.0,0.0,0.0,0.0,False,False,False,True,0,0,0,0,0.125,0.5517241379310345,2380000
0.8562482280102586,0.042042042042042,0.0246714008044185,0.0,0.03125,0.0476190476190476,0.0095238095238095,False,False,True,False,0,0,0,0,0.125,0.1724137931034483,2580000
0.8982266187339576,0.045045045045045,0.056059118988511,0.0,0.09375,0.0952380952380952,0.019047619047619,False,False,True,False,0,0,0,0,0.125,0.2068965517241379,8880000
0.8808483287443778,0.075075075075075,0.0593114331351153,0.0,0.125,0.0952380952380952,0.0285714285714285,False,True,False,False,1,1,1,1,0.25,0.0344827586206896,12500000
0.8124296682160832,0.06006006006006,0.0983969362815849,0.0,0.125,0.0952380952380952,0.019047619047619,False,True,False,False,1,1,1,1,0.25,0.0344827586206896,2000000
0.9009460948923048,0.039039039039039,0.0970498239131689,0.05,0.125,0.0952380952380952,0.019047619047619,False,False,True,False,0,0,0,0,0.125,0.2068965517241379,12500000
0.9796554715672698,0.06006006006006,0.0576371649057983,0.0,0.125,0.0952380952380952,0.019047619047619,False,True,False,False,1,1,1,1,0.25,0.0344827586206896,15000000
0.9391250001991692,0.0345345345345345,0.0865038585147123,0.0,0.09375,0.0952380952380952,0.019047619047619,False,False,False,True,0,0,0,0,0.125,0.4827586206896552,16050000
0.9943756976631164,0.033033033033033,0.0316571406577757,0.0,0.03125,0.0476190476190476,0.0095238095238095,False,False,True,False,0,0,0,0,0.125,0.1379310344827586,5680000
0.9019639097998606,0.0345345345345345,0.06849104170275,0.0,0.09375,0.0952380952380952,0.019047619047619,False,False,True,False,0,0,0,0,0.125,0.3103448275862069,5500000
0.7968592069330214,0.039039039039039,0.0777091391951965,0.05,0.09375,0.0952380952380952,0.019047619047619,False,False,True,False,0,0,0,0,0.125,0.2068965517241379,8880000
0.8507250061184948,0.0,0.092662086484614,0.0,0.09375,0.0952380952380952,0.019047619047619,False,True,False,False,1,1,1,1,0.375,0.0689655172413793,7150000
0.7846641582003713,0.072072072072072,0.0452822200411831,0.0,0.09375,0.0952380952380952,0.0095238095238095,False,True,False,False,1,1,1,1,0.125,0.0,5000000
0.8159726423340032,0.021021021021021,0.0854839020071974,0.05,0.125,0.0952380952380952,0.019047619047619,False,False,False,True,0,0,0,0,0.125,0.4482758620689654,10500000
0.81049387085082,0.021021021021021,0.0170313492292592,0.0,0.03125,0.0476190476190476,0.0095238095238095,False,False,True,False,0,0,0,0,0.125,0.1724137931034483,1350000
0.8705818257417945,0.003003003003003,0.1387333294844408,0.0,0.09375,0.0952380952380952,0.019047619047619,False,True,False,False,1,1,1,1,0.5,0.1034482758620689,25000000
0.8909385584695713,0.06006006006006,0.0558089409772337,0.0,0.125,0.0952380952380952,0.019047619047619,False,True,False,False,1,1,1,1,0.25,0.0344827586206896,10500000
0.8936282331405323,0.072072072072072,0.1061332101687739,0.0,0.09375,0.0476190476190476,0.0285714285714285,False,True,False,False,1,1,1,1,0.375,0.0689655172413793,17800000
0.9040867069671208,0.06006006006006,0.05573196312761,0.0,0.09375,0.0952380952380952,0.019047619047619,True,False,False,False,0,0,0,0,0.125,0.1379310344827586,5500000
0.8435483832513455,0.0075075075075075,0.0830206108192367,0.0,0.09375,0.0952380952380952,0.019047619047619,False,False,True,False,0,0,0,0,0.125,0.2413793103448275,9800000
0.8945833757521484,0.018018018018018,0.0445316860073513,0.05,0.0625,0.0952380952380952,0.019047619047619,False,False,True,False,0,0,0,0,0.125,0.2758620689655172,10650000
0.7911028487457372,0.039039039039039,0.1206050458980428,0.0,0.125,0.0952380952380952,0.0285714285714285,False,True,False,False,1,1,1,1,0.375,0.0689655172413793,11500000
0.9895245415062276,0.0315315315315315,0.0702615322440967,0.05,0.09375,0.0952380952380952,0.019047619047619,False,False,True,False,0,0,0,0,0.125,0.1379310344827586,12800000
0.8791554919226883,0.0345345345345345,0.1075188114620018,0.0,0.125,0.0952380952380952,0.019047619047619,False,False,True,False,0,0,0,0,0.125,0.3103448275862069,12500000
0.8089543511684951,0.003003003003003,0.0823278101726228,0.05,0.0625,0.0952380952380952,0.019047619047619,False,False,False,True,0,0,0,0,0.125,0.4827586206896552,11000000
0.8581155496619033,0.0375375375375375,0.0865615919019302,0.0,0.0625,0.0952380952380952,0.0285714285714285,False,True,False,False,1,1,1,1,0.375,0.0689655172413793,8680000
0.951754911856483,0.015015015015015,0.1113677039431903,0.05,0.09375,0.0952380952380952,0.019047619047619,False,False,False,True,0,0,0,0,0.125,0.4137931034482758,22800000
0.7937747817665581,0.0,0.0499586244058272,0.05,0.09375,0.0952380952380952,0.019047619047619,False,False,True,False,0,0,0,0,0.125,0.1379310344827586,5500000
0.8774321059575243,0.0405405405405405,0.0767661605373054,0.05,0.09375,0.0952380952380952,0.0095238095238095,False,False,True,False,0,0,0,0,0.125,0.2413793103448275,10260000
0.8823323884377601,0.0,0.1182957104093297,0.05,0.0,0.0,0.0,False,False,True,False,0,0,0,0,0.125,0.1724137931034483,22100000
0.874022993412467,0.003003003003003,0.0471489328945595,0.0,0.03125,0.0952380952380952,0.0095238095238095,False,False,False,True,0,0,0,0,0.125,0.3793103448275862,8580000
0.928290272873994,0.027027027027027,0.041298616323153,0.0,0.0,0.0,0.0,True,False,False,False,0,0,0,0,0.125,0.1034482758620689,8900000
0.9970942964035884,0.0345345345345345,0.0175894386390316,0.0,0.03125,0.0476190476190476,0.0095238095238095,False,False,True,False,0,0,0,0,0.125,0.1379310344827586,3000000
0.8795083656932263,0.06006006006006,0.0399899928795489,0.0,0.09375,0.0952380952380952,0.019047619047619,True,False,False,False,0,0,0,0,0.125,0.1379310344827586,5100000
0.977067635462248,0.0075075075075075,0.0518253372592036,0.05,0.09375,0.0952380952380952,0.0095238095238095,False,False,True,False,0,0,0,0,0.125,0.2068965517241379,15100000
0.7741445296587699,0.0075075075075075,0.0974924465485056,0.0,0.09375,0.0952380952380952,0.0285714285714285,False,True,False,False,1,1,1,1,0.5,0.1034482758620689,10000000
0.9330644729093364,0.0345345345345345,0.0825010103342763,0.0,0.09375,0.0952380952380952,0.019047619047619,False,False,False,True,0,0,0,0,0.125,0.3793103448275862,15650000
0.9019639097998606,0.0345345345345345,0.088639993841772,0.05,0.125,0.0952380952380952,0.019047619047619,False,False,True,False,0,0,0,0,0.125,0.3103448275862069,8500000
0.8643473208635726,0.0285285285285285,0.1381175066874506,0.0,0.125,0.0952380952380952,0.0285714285714285,False,True,False,False,1,1,1,1,0.5,0.1034482758620689,17500000
0.8057468716797018,0.0045045045045045,0.0902565286838712,0.0,0.125,0.0952380952380952,0.0285714285714285,False,True,False,False,1,1,1,1,0.5,0.1034482758620689,16500000
0.9260816065556696,0.0165165165165165,0.1477974712776398,0.1,0.125,0.0952380952380952,0.019047619047619,False,False,True,False,0,0,0,0,0.125,0.3103448275862069,13250000
0.9097111975712552,0.0,0.1305159440371033,0.0,0.09375,0.1428571428571428,0.019047619047619,False,False,True,False,0,0,0,0,0.125,0.2068965517241379,18000000
0.9943756976631164,0.033033033033033,0.0313877181840925,0.0,0.03125,0.0476190476190476,0.0095238095238095,False,False,True,False,0,0,0,0,0.125,0.1379310344827586,6600000
0.9125991784463564,0.0345345345345345,0.0214960645074379,0.0,0.0,0.0,0.0,False,False,True,False,0,0,0,0,0.125,0.2758620689655172,3330000
0.9051945409387372,0.0465465465465465,0.0229778881126955,0.0,0.03125,0.0476190476190476,0.0095238095238095,False,False,True,False,0,0,0,0,0.125,0.2068965517241379,2200000
0.9243424281085026,0.042042042042042,0.1220676250408944,0.05,0.125,0.0952380952380952,0.019047619047619,False,False,False,True,0,0,0,0,0.125,0.7241379310344828,21880000
0.8797489371327174,0.06006006006006,0.0344860766314493,0.0,0.0625,0.0476190476190476,0.0095238095238095,True,False,False,False,0,0,0,0,0.125,0.1034482758620689,4350000
0.8526621745470209,0.0345345345345345,0.0796913188230086,0.05,0.09375,0.0952380952380952,0.019047619047619,False,False,True,False,0,0,0,0,0.125,0.2413793103448275,8280000
0.8350484799468916,0.0375375375375375,0.0774012277967015,0.05,0.09375,0.0952380952380952,0.019047619047619,False,False,True,False,0,0,0,0,0.125,0.2413793103448275,5260000
0.991621047525598,0.042042042042042,0.0662394396012547,0.0,0.09375,0.0952380952380952,0.019047619047619,False,False,False,True,0,0,0,0,0.125,0.3793103448275862,7500000
0.8859266483623003,0.0,0.0614090795373631,0.0,0.0,0.0,0.0,True,False,False,False,0,0,0,0,0.125,0.1379310344827586,4130000
0.914975105080174,0.0675675675675675,0.0547697400073129,0.0,0.0,0.0,0.0,True,False,False,False,0,0,0,0,0.125,0.1034482758620689,7600000
0.8594657294463843,0.045045045045045,0.0366029674961029,0.0,0.0625,0.0476190476190476,0.0095238095238095,False,False,False,True,0,0,0,0,0.125,0.3793103448275862,6150000
0.8964785600699088,0.0,0.0586763658757192,0.0,0.125,0.0952380952380952,0.019047619047619,False,True,False,False,1,1,1,1,0.25,0.0344827586206896,15800000
0.8409117589987432,0.0,0.1086734792063583,0.0,0.125,0.1428571428571428,0.0476190476190476,False,True,False,False,1,1,1,1,0.375,0.0689655172413793,17200000
0.8408296942755271,0.0195195195195195,0.125570117198776,0.0,0.125,0.0952380952380952,0.0380952380952381,False,True,False,False,1,1,1,1,0.625,0.1379310344827586,15100000
0.8342927794368791,0.0345345345345345,0.0618324577102938,0.0,0.09375,0.0952380952380952,0.0095238095238095,False,False,True,False,0,0,0,0,0.125,0.2068965517241379,6180000
0.8441660833859146,0.0,0.0670669514847102,0.0,0.125,0.1428571428571428,0.0285714285714285,False,True,False,False,1,1,1,1,0.25,0.0344827586206896,5500000
0.9832404116156964,0.0375375375375375,0.0648730827704328,0.05,0.09375,0.0952380952380952,0.019047619047619,False,False,False,True,0,0,0,0,0.125,0.5862068965517242,13050000
0.8942796880359083,0.039039039039039,0.0694725092854531,0.05,0.09375,0.0476190476190476,0.019047619047619,False,False,True,False,0,0,0,0,0.125,0.2413793103448275,9150000
0.9959034158296732,0.033033033033033,0.1079999230221503,0.0,0.09375,0.0952380952380952,0.0285714285714285,False,True,False,False,1,1,1,1,0.375,0.0689655172413793,19800000
0.975502216213215,0.0675675675675675,0.0541154282855108,0.0,0.125,0.0952380952380952,0.0285714285714285,False,True,False,False,1,1,1,1,0.25,0.0344827586206896,17700000
0.8078445888955912,0.018018018018018,0.0603506341050362,0.05,0.03125,0.0476190476190476,0.0095238095238095,False,False,False,True,0,0,0,0,0.125,0.4137931034482758,4000000
0.8596974750407185,0.018018018018018,0.0330812308758154,0.05,0.0625,0.0476190476190476,0.0095238095238095,False,False,True,False,0,0,0,0,0.125,0.3103448275862069,6350000
0.8849228520729469,0.06006006006006,0.0433962627254007,0.0,0.09375,0.0952380952380952,0.0095238095238095,True,False,False,False,0,0,0,0,0.125,0.1379310344827586,5000000
0.9832404116156964,0.0375375375375375,0.0648730827704328,0.05,0.09375,0.0952380952380952,0.019047619047619,False,False,False,True,0,0,0,0,0.125,0.5862068965517242,10770000
0.831476656357296,0.0675675675675675,0.0649693050824625,0.0,0.1875,0.0952380952380952,0.0285714285714285,False,True,False,False,1,1,1,1,0.25,0.0344827586206896,4147411
0.9025941607130504,0.039039039039039,0.077555183495949,0.05,0.0625,0.0952380952380952,0.0095238095238095,False,False,True,False,0,0,0,0,0.125,0.2068965517241379,13500000
0.8918513102174757,0.0,0.0531532051652137,0.0,0.09375,0.0952380952380952,0.019047619047619,False,False,True,False,0,0,0,0,0.125,0.2068965517241379,5800000
0.8779306000466534,0.036036036036036,0.0165117487442988,0.0,0.0,0.0,0.0,False,False,False,True,0,0,0,0,0.125,0.3793103448275862,1600000
0.8066751641024439,0.057057057057057,0.0436656851990839,0.0,0.09375,0.0952380952380952,0.0095238095238095,True,False,False,False,0,0,0,0,0.125,0.1034482758620689,2000000
0.807921562306575,0.0585585585585585,0.046321421011104,0.0,0.09375,0.0952380952380952,0.0095238095238095,True,False,False,False,0,0,0,0,0.125,0.1034482758620689,3200000
0.8867902221062991,0.045045045045045,0.0210534418721013,0.0,0.03125,0.0476190476190476,0.0095238095238095,False,False,True,False,0,0,0,0,0.125,0.3103448275862069,2000000
0.8699050196096607,0.0405405405405405,0.0848295902853953,0.05,0.09375,0.0952380952380952,0.019047619047619,False,False,False,True,0,0,0,0,0.125,0.4137931034482758,11200000
0.9731799335194466,0.0225225225225225,0.0769970940861766,0.05,0.09375,0.0952380952380952,0.019047619047619,False,False,False,True,0,0,0,0,0.125,0.4137931034482758,19880000
0.8699318505002793,0.039039039039039,0.0717048669245424,0.05,0.09375,0.0952380952380952,0.019047619047619,False,False,False,True,0,0,0,0,0.125,0.3793103448275862,11500000
0.914302519087272,0.0315315315315315,0.0767469160748994,0.05,0.09375,0.0952380952380952,0.019047619047619,False,False,True,False,0,0,0,0,0.125,0.1379310344827586,11500000
0.8568520113537943,0.0405405405405405,0.0687989531012451,0.0,0.09375,0.0952380952380952,0.019047619047619,False,False,True,False,0,0,0,0,0.125,0.2068965517241379,7100000
0.884173380174758,0.0,0.0881973712064353,0.05,0.09375,0.0952380952380952,0.019047619047619,False,False,True,False,0,0,0,0,0.125,0.3103448275862069,18100000
0.9021146739759444,0.0465465465465465,0.0219579316051806,0.0,0.03125,0.0476190476190476,0.0095238095238095,False,False,True,False,0,0,0,0,0.125,0.1379310344827586,3020000
0.920489437688076,0.0015015015015015,0.0938744876161884,0.05,0.0,0.0,0.0,False,False,False,True,0,0,0,0,0.125,0.4827586206896552,21000000
0.8729153307614581,0.054054054054054,0.0396628370186478,0.0,0.03125,0.0952380952380952,0.0095238095238095,True,False,False,False,0,0,0,0,0.125,0.1379310344827586,4300000
0.9015536548029672,0.0,0.0420876392817966,0.0,0.0625,0.0952380952380952,0.0095238095238095,False,False,False,True,0,0,0,0,0.125,0.3793103448275862,6770000
0.8729355338805647,0.0375375375375375,0.016088370571368,0.0,0.03125,0.0476190476190476,0.0095238095238095,False,False,False,True,0,0,0,0,0.125,0.5517241379310345,2880000
0.8879512815057353,0.057057057057057,0.078883051401959,0.0,0.15625,0.1428571428571428,0.019047619047619,False,True,False,False,1,1,1,1,0.25,0.0344827586206896,14100000
0.9019639097998606,0.0375375375375375,0.0861189692665935,0.05,0.125,0.0952380952380952,0.0095238095238095,True,False,False,False,0,0,0,0,0.125,0.1379310344827586,6650000
0.9700084845921424,0.0465465465465465,0.1044781864018628,0.0,0.125,0.0952380952380952,0.019047619047619,False,False,True,False,0,0,0,0,0.125,0.1724137931034483,8000000
0.8161253553361405,0.0105105105105105,0.062794680830591,0.05,0.09375,0.0952380952380952,0.019047619047619,False,False,True,False,0,0,0,0,0.125,0.1379310344827586,7900000
0.8784559341703186,0.0285285285285285,0.1008024940823278,0.05,0.09375,0.0952380952380952,0.019047619047619,False,False,False,True,0,0,0,0,0.125,0.3448275862068965,14500000
0.8752125417884713,0.0465465465465465,0.0147989915901699,0.0,0.03125,0.0476190476190476,0.0095238095238095,False,False,True,False,0,0,0,0,0.125,0.1379310344827586,3340000
0.9675174813824584,0.0075075075075075,0.076208071127533,0.05,0.0625,0.0952380952380952,0.0095238095238095,False,False,False,True,0,0,0,0,0.125,0.7241379310344828,16250000
0.8849899916696131,0.069069069069069,0.0745530473606219,0.0,0.21875,0.0952380952380952,0.0285714285714285,False,True,False,False,1,1,1,1,0.25,0.0344827586206896,21500000
0.7894600262937956,0.039039039039039,0.1007640051575159,0.0,0.125,0.0952380952380952,0.0285714285714285,False,True,False,False,1,1,1,1,0.5,0.1034482758620689,8280000
0.9065878645661768,0.0345345345345345,0.1236264264957758,0.0,0.1875,0.0952380952380952,0.0380952380952381,False,True,False,False,1,1,1,1,0.5,0.1034482758620689,15880000
0.8476325828502524,0.0,0.064449704597502,0.05,0.09375,0.0952380952380952,0.019047619047619,False,False,True,False,0,0,0,0,0.125,0.1379310344827586,13100000
0.884173380174758,0.0,0.0951446221349806,0.05,0.0,0.0,0.0,False,False,True,False,0,0,0,0,0.125,0.3103448275862069,20900000
0.8950024349946375,0.0,0.0383734580374497,0.0,0.1875,0.238095238095238,0.0380952380952381,False,True,False,False,1,1,1,1,0.5,0.1034482758620689,8260000
0.9235114293191486,0.0105105105105105,0.0410484383118757,0.05,0.0,0.0,0.0,False,False,False,True,0,0,0,0,0.125,0.3448275862068965,6300000
0.8551099529481974,0.018018018018018,0.120528068048419,0.05,0.125,0.0952380952380952,0.019047619047619,False,False,False,True,0,0,0,0,0.125,0.4137931034482758,10000000
0.8425669469301056,0.0,0.1472586263302734,0.0,0.125,0.0952380952380952,0.0380952380952381,False,True,False,False,1,1,1,1,0.5,0.1034482758620689,19500000
0.8917694790143855,0.0225225225225225,0.0213421088081904,0.0,0.03125,0.0952380952380952,0.0095238095238095,False,False,True,False,0,0,0,0,0.125,0.2758620689655172,4180000
0.8820416839931227,0.036036036036036,0.071512422300483,0.0,0.09375,0.0952380952380952,0.019047619047619,False,False,False,True,0,0,0,0,0.125,0.6896551724137931,11250000
0.7937747817665581,0.0,0.0546157843080653,0.05,0.09375,0.0952380952380952,0.019047619047619,False,False,True,False,0,0,0,0,0.125,0.1379310344827586,6600000
0.8313598715298838,0.0,0.0550199180185901,0.0,0.125,0.1904761904761904,0.0285714285714285,False,True,False,False,1,1,1,1,0.25,0.0344827586206896,7000000
0.8810385619395902,0.0,0.0908915959432673,0.05,0.09375,0.0952380952380952,0.019047619047619,False,False,True,False,0,0,0,0,0.125,0.3103448275862069,10010000
0.9066309900380533,0.042042042042042,0.0249985566653195,0.0,0.03125,0.0476190476190476,0.0095238095238095,False,False,True,False,0,0,0,0,0.125,0.1724137931034483,3880000
0.8864297639625249,0.0225225225225225,0.1624617516309681,0.05,0.09375,0.0952380952380952,0.0285714285714285,False,False,False,True,0,0,0,0,0.125,0.4482758620689654,22880000
0.866244865945248,0.045045045045045,0.0525758712930354,0.0,0.0625,0.0952380952380952,0.0095238095238095,True,False,False,False,0,0,0,0,0.125,0.1379310344827586,4650000
0.871859230427674,0.039039039039039,0.0706464214922156,0.05,0.03125,0.0952380952380952,0.019047619047619,False,False,False,True,0,0,0,0,0.125,0.3793103448275862,8000000
0.8731606628057023,0.0,0.0360448780863306,0.0,0.09375,0.0952380952380952,0.0095238095238095,True,False,False,False,0,0,0,0,0.125,0.1034482758620689,2380000
0.9020622472346248,0.024024024024024,0.0155880145488135,0.0,0.03125,0.0476190476190476,0.0095238095238095,False,False,True,False,0,0,0,0,0.125,0.1724137931034483,2250000
0.876405310954425,0.0135135135135135,0.1448145796047187,0.05,0.09375,0.0952380952380952,0.0285714285714285,False,False,False,True,0,0,0,0,0.125,0.3448275862068965,23900000
0.8831576046630119,0.0255255255255255,0.0937397763793468,0.05,0.09375,0.0952380952380952,0.019047619047619,False,False,False,True,0,0,0,0,0.125,0.4137931034482758,13600000
0.9051945409387372,0.0465465465465465,0.0250947789773492,0.0,0.03125,0.0476190476190476,0.0095238095238095,False,False,True,False,0,0,0,0,0.125,0.2068965517241379,3380000
0.930780137631274,0.039039039039039,0.0424340396051036,0.0,0.03125,0.0476190476190476,0.0095238095238095,False,False,False,True,0,0,0,0,0.125,0.6206896551724138,5950000
0.9687636728102405,0.0075075075075075,0.1071724111386948,0.05,0.09375,0.0952380952380952,0.019047619047619,False,False,False,True,0,0,0,0,0.125,1.0,21200000
0.9003253073150574,0.012012012012012,0.0262302022592998,0.0,0.0,0.0,0.0,False,False,False,True,0,0,0,0,0.125,0.3793103448275862,5600000
0.9210942289708726,0.0405405405405405,0.0772472720974539,0.05,0.09375,0.0952380952380952,0.019047619047619,False,False,True,False,0,0,0,0,0.125,0.2068965517241379,11680000
0.9675174813824584,0.0075075075075075,0.0790370071012066,0.05,0.09375,0.0476190476190476,0.0095238095238095,False,False,False,True,0,0,0,0,0.125,0.7241379310344828,19300000
0.8764961868571675,0.042042042042042,0.0238053999961511,0.0,0.0625,0.0476190476190476,0.019047619047619,True,False,False,False,0,0,0,0,0.125,0.1379310344827586,2720000
0.8696442292350355,0.0165165165165165,0.1044781864018628,0.05,0.09375,0.0952380952380952,0.019047619047619,False,False,True,False,0,0,0,0,0.125,0.2068965517241379,12600000
0.8812746972495802,0.0,0.0536150722629563,0.05,0.0625,0.0952380952380952,0.0095238095238095,False,False,True,False,0,0,0,0,0.125,0.3103448275862069,7380000
0.8800789560172859,0.045045045045045,0.0609664569020264,0.0,0.0625,0.0952380952380952,0.019047619047619,False,False,True,False,0,0,0,0,0.125,0.2068965517241379,5700000
0.7996838917171658,0.0,0.0467832881088466,0.0,0.09375,0.0952380952380952,0.019047619047619,False,False,True,False,0,0,0,0,0.125,0.1379310344827586,4800000
0.8827304214912886,0.0,0.0575986759809864,0.05,0.0625,0.0952380952380952,0.0095238095238095,False,False,False,True,0,0,0,0,0.125,0.3448275862068965,10890000
0.9006411223664088,0.012012012012012,0.0414718164848064,0.0,0.0625,0.0952380952380952,0.0095238095238095,False,False,True,False,0,0,0,0,0.125,0.1379310344827586,6700000
0.9743308671791908,0.042042042042042,0.0747262475222754,0.05,0.09375,0.0952380952380952,0.019047619047619,True,False,False,False,0,0,0,0,0.125,0.1379310344827586,8900000
0.9712548782830196,0.0075075075075075,0.058753343725343,0.05,0.0625,0.0952380952380952,0.0095238095238095,False,False,True,False,0,0,0,0,0.125,0.2758620689655172,16500000
0.8903911353882279,0.024024024024024,0.0806535419433058,0.05,0.09375,0.0952380952380952,0.0285714285714285,False,True,False,False,1,1,1,1,0.375,0.0689655172413793,14500000
0.848311967045845,0.0045045045045045,0.0871966591613263,0.05,0.09375,0.0952380952380952,0.019047619047619,False,False,True,False,0,0,0,0,0.125,0.2068965517241379,8800000
0.8860451411646295,0.0495495495495495,0.162846640879087,0.0,0.25,0.1428571428571428,0.0380952380952381,False,True,False,False,1,1,1,1,0.375,0.0689655172413793,22100000
0.8778733284258919,0.057057057057057,0.1215672690183399,0.0,0.125,0.0952380952380952,0.019047619047619,False,True,False,False,1,1,1,1,0.25,0.0344827586206896,17500000
0.8744166029861162,0.021021021021021,0.1217789581048053,0.05,0.125,0.0952380952380952,0.019047619047619,False,False,False,True,0,0,0,0,0.125,0.8620689655172414,19100000
0.8811758512643166,0.036036036036036,0.0941439100898716,0.0,0.09375,0.0952380952380952,0.019047619047619,False,False,True,False,0,0,0,0,0.125,0.2068965517241379,12380000
0.8988096475460452,0.039039039039039,0.0744375805861863,0.05,0.09375,0.0952380952380952,0.019047619047619,False,False,True,False,0,0,0,0,0.125,0.1379310344827586,10850000
0.8099840576604436,0.003003003003003,0.0716086446125127,0.05,0.0625,0.0952380952380952,0.0095238095238095,False,False,False,True,0,0,0,0,0.125,0.4482758620689654,7100000
0.868774020309246,0.045045045045045,0.058734099262937,0.0,0.09375,0.0952380952380952,0.019047619047619,True,False,False,False,0,0,0,0,0.125,0.1379310344827586,5250000
0.9001507223483713,0.0,0.0707041548794334,0.05,0.09375,0.0952380952380952,0.019047619047619,False,False,True,False,0,0,0,0,0.125,0.1379310344827586,12780000
0.8839297370578265,0.0315315315315315,0.1101745472740219,0.05,0.125,0.0952380952380952,0.019047619047619,False,False,False,True,0,0,0,0,0.125,0.7241379310344828,14600000
0.8728709088445044,0.021021021021021,0.02684602505629,0.0,0.0625,0.0476190476190476,0.0095238095238095,False,False,True,False,0,0,0,0,0.125,0.3103448275862069,5380000
0.8691865966554815,0.06006006006006,0.0749379366087408,0.0,0.09375,0.0952380952380952,0.0095238095238095,False,False,True,False,0,0,0,0,0.125,0.2068965517241379,8800000
0.8841410003319652,0.024024024024024,0.0293670496314685,0.0,0.03125,0.0476190476190476,0.0095238095238095,False,False,True,False,0,0,0,0,0.125,0.1034482758620689,3300000
0.8658621547271537,0.0,0.0640648153493832,0.0,0.09375,0.0952380952380952,0.019047619047619,True,False,False,False,0,0,0,0,0.125,0.1379310344827586,5000000
0.8074905964871277,0.0285285285285285,0.1080769008717741,0.0,0.125,0.0952380952380952,0.0285714285714285,False,True,False,False,1,1,1,1,0.5,0.1034482758620689,10000000
0.8716869374699456,0.021021021021021,0.024171044781864,0.0,0.03125,0.0476190476190476,0.0095238095238095,False,False,True,False,0,0,0,0,0.125,0.3103448275862069,4720000
0.8066751641024439,0.057057057057057,0.0436656851990839,0.0,0.09375,0.0952380952380952,0.019047619047619,True,False,False,False,0,0,0,0,0.125,0.1034482758620689,2000000
0.8679635874650558,0.039039039039039,0.2114966418413101,0.0,0.09375,0.0952380952380952,0.0285714285714285,False,False,True,False,0,0,0,0,0.125,0.2413793103448275,12500000
0.9773906041536692,0.0135135135135135,0.0764582491388103,0.05,0.0625,0.0952380952380952,0.0095238095238095,False,False,False,True,0,0,0,0,0.125,0.4482758620689654,15280000
0.8952818472187118,0.0405405405405405,0.0596963223832342,0.0,0.0,0.0,0.0,False,False,False,True,0,0,0,0,0.125,0.3793103448275862,3600000
0.8524285372786835,0.066066066066066,0.0724361564959682,0.0,0.1875,0.0952380952380952,0.0380952380952381,False,True,False,False,1,1,1,1,0.25,0.0344827586206896,15200000
0.8521107159320707,0.021021021021021,0.0915843965898812,0.05,0.09375,0.0952380952380952,0.019047619047619,False,False,False,True,0,0,0,0,0.125,0.4827586206896552,14350000
0.7985024542575729,0.009009009009009,0.171564382348979,0.0,0.15625,0.0952380952380952,0.0571428571428571,False,True,False,False,1,1,1,1,0.5,0.1034482758620689,21200000
0.8972058561978713,0.063063063063063,0.0499201354810153,0.0,0.09375,0.0476190476190476,0.0095238095238095,True,False,False,False,0,0,0,0,0.125,0.1379310344827586,5500000
0.8992057600431735,0.0375375375375375,0.0357369666878355,0.0,0.0625,0.0476190476190476,0.0095238095238095,False,False,True,False,0,0,0,0,0.125,0.2068965517241379,3650000
0.8551099529481974,0.0195195195195195,0.1085772568943286,0.05,0.09375,0.0952380952380952,0.019047619047619,False,False,False,True,0,0,0,0,0.125,0.4482758620689654,15600000
0.9009815008694488,0.0465465465465465,0.0738025133267902,0.0,0.09375,0.0952380952380952,0.019047619047619,False,False,True,False,0,0,0,0,0.25,0.1379310344827586,6700000
0.8699050196096607,0.039039039039039,0.0946250216500202,0.05,0.09375,0.0952380952380952,0.0095238095238095,False,False,False,True,0,0,0,0,0.125,0.4137931034482758,11300000
0.9207544243822384,0.042042042042042,0.0746107807478398,0.05,0.09375,0.0952380952380952,0.019047619047619,False,False,True,False,0,0,0,0,0.125,0.1379310344827586,9500000
0.9654028266500916,0.063063063063063,0.0649693050824625,0.0,0.125,0.0952380952380952,0.019047619047619,False,True,False,False,1,1,1,1,0.25,0.0344827586206896,19550000
0.879213971995938,0.0,0.0440313299847968,0.0,0.0625,0.0952380952380952,0.019047619047619,False,True,False,False,1,1,1,1,0.25,0.0344827586206896,8000000
0.8898505874815328,0.0405405405405405,0.0445509304697573,0.0,0.0625,0.0476190476190476,0.0095238095238095,False,False,True,False,0,0,0,0,0.125,0.3103448275862069,5800000
0.8859266483623003,0.0,0.0710313107403344,0.0,0.09375,0.0952380952380952,0.019047619047619,True,False,False,False,0,0,0,0,0.125,0.1379310344827586,6450000
0.8761824985735132,0.072072072072072,0.0937205319169409,0.0,0.125,0.0952380952380952,0.0380952380952381,False,True,False,False,1,1,1,1,0.25,0.0344827586206896,25200000
0.8411271421842912,0.042042042042042,0.0399899928795489,0.0,0.0625,0.0952380952380952,0.0095238095238095,False,False,False,True,0,0,0,0,0.125,0.3793103448275862,7220000
0.9143896111641538,0.072072072072072,0.1181994880973,0.0,0.125,0.0952380952380952,0.019047619047619,False,True,False,False,1,1,1,1,0.25,0.0344827586206896,19550000
0.8898782309394164,0.0,0.0759578931162558,0.05,0.09375,0.0952380952380952,0.019047619047619,False,False,True,False,0,0,0,0,0.125,0.2068965517241379,10880000
0.8054290804761308,0.0,0.1330947019994996,0.0,0.09375,0.0952380952380952,0.0285714285714285,False,False,True,False,0,0,0,0,0.125,0.2068965517241379,12500000
0.8839283596398673,0.042042042042042,0.0807497642553355,0.05,0.125,0.0952380952380952,0.0285714285714285,True,False,False,False,0,0,0,0,0.25,0.1379310344827586,12800000
0.8711155125741641,0.009009009009009,0.0465331100975694,0.0,0.0,0.0,0.0,False,False,False,True,0,0,0,0,0.125,0.3448275862068965,6180000
0.882624527915226,0.0,0.0778438504320381,0.05,0.09375,0.0952380952380952,0.019047619047619,False,False,True,False,0,0,0,0,0.125,0.1379310344827586,8600000
0.98724322093409,0.0375375375375375,0.0496314685449261,0.0,0.09375,0.0952380952380952,0.019047619047619,False,False,True,False,0,0,0,0,0.125,0.2758620689655172,8680000
0.9003781616588071,0.0555555555555555,0.0669514847102746,0.0,0.09375,0.0952380952380952,0.019047619047619,True,False,False,False,0,0,0,0,0.125,0.1379310344827586,5650000
0.9762764212119636,0.021021021021021,0.0549044512441544,0.05,0.0625,0.0476190476190476,0.0095238095238095,False,False,False,True,0,0,0,0,0.125,0.3448275862068965,10650000
0.877907246213681,0.0,0.0619671689471354,0.0,0.09375,0.0476190476190476,0.019047619047619,False,False,True,False,0,0,0,0,0.125,0.2413793103448275,8050000
0.8752125417884713,0.0465465465465465,0.0200527298269922,0.0,0.03125,0.0476190476190476,0.0095238095238095,False,False,True,False,0,0,0,0,0.125,0.1379310344827586,4180000
0.8912583637173555,0.0435435435435435,0.0463021765486981,0.0,0.0625,0.0952380952380952,0.0095238095238095,False,False,True,False,0,0,0,0,0.125,0.2068965517241379,5300000
0.7905733927898098,0.0405405405405405,0.1232992706348748,0.05,0.125,0.0952380952380952,0.0285714285714285,False,True,False,False,1,1,1,1,0.5,0.1034482758620689,5500000
0.8827779501289115,0.036036036036036,0.1118680599657448,0.05,0.125,0.0952380952380952,0.019047619047619,False,False,False,True,0,0,0,0,0.125,0.6896551724137931,15800000
0.8659192797390745,0.036036036036036,0.0816350095260088,0.05,0.125,0.0952380952380952,0.019047619047619,False,False,True,False,0,0,0,0,0.125,0.2068965517241379,12300000
0.8545352266912118,0.0705705705705705,0.0574832092065508,0.0,0.125,0.0952380952380952,0.0285714285714285,False,True,False,False,1,1,1,1,0.25,0.0344827586206896,7500000
0.8942958663591014,0.045045045045045,0.0262494467217058,0.0,0.03125,0.0476190476190476,0.0095238095238095,False,False,True,False,0,0,0,0,0.125,0.2068965517241379,3200000
0.920716309163396,0.018018018018018,0.0216692646690914,0.05,0.0625,0.0952380952380952,0.0095238095238095,False,False,True,False,0,0,0,0,0.125,0.3103448275862069,3400000
0.9316674970478688,0.036036036036036,0.0908146180936435,0.0,0.09375,0.0952380952380952,0.019047619047619,False,False,False,True,0,0,0,0,0.125,0.6206896551724138,19080000
0.8504448778540166,0.0375375375375375,0.0197255739660912,0.0,0.03125,0.0476190476190476,0.0095238095238095,True,False,False,False,0,0,0,0,0.125,0.1379310344827586,830000
0.8750281092431749,0.0,0.0395473702442122,0.0,0.0625,0.0952380952380952,0.019047619047619,False,False,True,False,0,0,0,0,0.125,0.2068965517241379,7680000
0.9030790364216444,0.042042042042042,0.0632757923907395,0.0,0.09375,0.0952380952380952,0.019047619047619,False,False,True,False,0,0,0,0,0.125,0.2068965517241379,7800000
0.9482056794570042,0.0,0.0522679598945403,0.0,0.125,0.0476190476190476,0.0380952380952381,True,False,False,False,0,0,0,0,0.125,0.1034482758620689,10000000
0.9125396874792672,0.0,0.0552893404922733,0.0,0.125,0.1428571428571428,0.0285714285714285,False,True,False,False,1,1,1,1,0.25,0.0344827586206896,12500000
0.8970041717999777,0.0195195195195195,0.0219194426803687,0.0,0.0625,0.0952380952380952,0.0095238095238095,False,False,True,False,0,0,0,0,0.125,0.2758620689655172,6200000
0.8708606696246477,0.045045045045045,0.064796104920809,0.0,0.09375,0.0952380952380952,0.0095238095238095,False,False,True,False,0,0,0,0,0.125,0.1379310344827586,7320000
0.924172123368777,0.0075075075075075,0.1578623251159479,0.1,0.125,0.0952380952380952,0.019047619047619,False,False,False,True,0,0,0,0,0.125,0.4137931034482758,24000000
0.963194687004659,0.0135135135135135,0.060774012277967,0.05,0.03125,0.0476190476190476,0.0095238095238095,False,False,False,True,0,0,0,0,0.125,0.4482758620689654,14800000
0.8810299443279632,0.045045045045045,0.0911417739545445,0.0,0.15625,0.0952380952380952,0.019047619047619,False,False,True,False,0,0,0,0,0.125,0.3103448275862069,10400000
0.8839297370578265,0.033033033033033,0.0887169716913958,0.05,0.09375,0.0952380952380952,0.019047619047619,False,False,False,True,0,0,0,0,0.125,0.6896551724137931,13800000
0.8056295769107464,0.003003003003003,0.0832322999057021,0.05,0.0625,0.0952380952380952,0.0095238095238095,False,False,False,True,0,0,0,0,0.125,0.4827586206896552,6390000
0.9773146578769456,0.0195195195195195,0.0296557165675576,0.0,0.03125,0.0476190476190476,0.0095238095238095,False,False,False,True,0,0,0,0,0.125,0.4137931034482758,6600000
0.8880506908495533,0.0,0.0292515828570328,0.0,0.0625,0.0476190476190476,0.0095238095238095,True,False,False,False,0,0,0,0,0.125,0.1379310344827586,4000000
0.8781963847377483,0.0,0.0571945422704616,0.0,0.0,0.0,0.0,False,False,True,False,0,0,0,0,0.125,0.2068965517241379,20000000
0.9013404816813876,0.039039039039039,0.0355252776013702,0.0,0.09375,0.0952380952380952,0.0095238095238095,False,False,True,False,0,0,0,0,0.125,0.1379310344827586,3400000
0.8435483832513455,0.009009009009009,0.0772857610222658,0.05,0.0625,0.0952380952380952,0.0095238095238095,False,False,True,False,0,0,0,0,0.125,0.2413793103448275,12200000
0.8383506038034056,0.036036036036036,0.0700690876200373,0.05,0.09375,0.0952380952380952,0.019047619047619,False,False,False,True,0,0,0,0,0.125,0.5172413793103449,6700000
0.9118442558111042,0.048048048048048,0.0636029482516405,0.0,0.09375,0.0952380952380952,0.019047619047619,True,False,False,False,0,0,0,0,0.125,0.1379310344827586,7600000
0.8973565119588329,0.0435435435435435,0.0712622442892057,0.05,0.0625,0.0952380952380952,0.019047619047619,False,False,True,False,0,0,0,0,0.125,0.1379310344827586,4000000
0.9048157542840158,0.042042042042042,0.1885957315782383,0.1,0.21875,0.1428571428571428,0.0285714285714285,False,False,False,True,0,0,0,0,0.25,0.5172413793103449,21200000
0.8912756020724544,0.042042042042042,0.0635837037892346,0.05,0.0625,0.0952380952380952,0.0095238095238095,True,False,False,False,0,0,0,0,0.125,0.1724137931034483,6000000
0.8888195454003665,0.039039039039039,0.0504012470411639,0.0,0.09375,0.1428571428571428,0.019047619047619,False,False,False,True,0,0,0,0,0.125,0.3793103448275862,3876000
0.8710938023878043,0.0375375375375375,0.0399707484171429,0.0,0.0625,0.0952380952380952,0.0095238095238095,False,False,False,True,0,0,0,0,0.125,0.4482758620689654,5980000
0.8889742604174842,0.0585585585585585,0.0448588418682524,0.0,0.09375,0.0476190476190476,0.0095238095238095,True,False,False,False,0,0,0,0,0.125,0.1379310344827586,4160000
0.8761904212624074,0.027027027027027,0.2379192887246694,0.0,0.125,0.0476190476190476,0.0380952380952381,False,True,False,False,1,1,1,1,0.5,0.1034482758620689,24600000
0.9916569364149836,0.024024024024024,0.1139849508303985,0.0,0.28125,0.0476190476190476,0.0952380952380952,False,True,False,False,1,1,1,1,0.5,0.1034482758620689,23000000
0.883971802318996,0.0345345345345345,0.101052672093605,0.0,0.09375,0.0952380952380952,0.019047619047619,False,False,False,True,0,0,0,0,0.125,0.3793103448275862,9350000
0.8518031961688166,0.03003003003003,0.0588110771125608,0.0,0.0,0.0,0.0,False,True,False,False,1,1,1,1,0.5,0.1034482758620689,4000000
0.991810204129706,0.0315315315315315,0.022496776552547,0.0,0.0625,0.0476190476190476,0.0095238095238095,False,False,True,False,0,0,0,0,0.125,0.1724137931034483,4000000
0.8431800443837858,0.057057057057057,0.0502472913419163,0.0,0.0,0.0,0.0,False,True,False,False,1,1,1,1,0.25,0.0344827586206896,5400000
0.8791554919226883,0.036036036036036,0.10003271558609,0.0,0.09375,0.0952380952380952,0.019047619047619,False,False,True,False,0,0,0,0,0.125,0.3103448275862069,12700000
0.8071143553284799,0.06006006006006,0.0628716586802147,0.0,0.09375,0.0952380952380952,0.019047619047619,False,True,False,False,1,1,1,1,0.25,0.0344827586206896,4400000
0.81049387085082,0.021021021021021,0.0151453919134768,0.0,0.03125,0.0476190476190476,0.0095238095238095,False,False,True,False,0,0,0,0,0.125,0.1724137931034483,1340000
0.8842684574188979,0.051051051051051,0.0042915151165252,0.0,0.09375,0.0952380952380952,0.019047619047619,False,True,False,False,1,1,1,1,0.25,0.0344827586206896,680000
0.8641825651580746,0.0465465465465465,0.107095433289071,0.05,0.125,0.0952380952380952,0.019047619047619,False,False,False,True,0,0,0,0,0.125,0.3793103448275862,7600000
0.8642296660862598,0.0075075075075075,0.0855416353944152,0.05,0.09375,0.0952380952380952,0.019047619047619,False,False,True,False,0,0,0,0,0.125,0.3103448275862069,14300000
0.9423156835264024,0.0345345345345345,0.0222658430036756,0.0,0.0,0.0,0.0,False,False,True,False,0,0,0,0,0.125,0.1724137931034483,3850000
0.8469353701152329,0.0,0.1390219964205299,0.0,0.125,0.0952380952380952,0.0380952380952381,False,True,False,False,1,1,1,1,0.5,0.1034482758620689,23800000
0.9759353049915376,0.0585585585585585,0.0596193445336104,0.0,0.09375,0.0952380952380952,0.019047619047619,True,False,False,False,0,0,0,0,0.125,0.1379310344827586,6800000
0.8790103046096931,0.021021021021021,0.040952215999846,0.0,0.03125,0.0476190476190476,0.0095238095238095,False,False,True,False,0,0,0,0,0.125,0.1379310344827586,5000000
0.8716869374699456,0.021021021021021,0.0220156649923984,0.0,0.03125,0.0476190476190476,0.0095238095238095,False,False,True,False,0,0,0,0,0.125,0.3103448275862069,3250000
0.9694984069526812,0.0405405405405405,0.0683563304659084,0.0,0.09375,0.0952380952380952,0.019047619047619,False,False,False,True,0,0,0,0,0.125,0.4137931034482758,10850000
0.8983374825695023,0.0405405405405405,0.0844254565748705,0.05,0.09375,0.0952380952380952,0.019047619047619,False,False,True,False,0,0,0,0,0.125,0.2068965517241379,12500000
0.976049463289712,0.0435435435435435,0.0712045109019879,0.05,0.09375,0.0952380952380952,0.019047619047619,False,False,True,False,0,0,0,0,0.125,0.2068965517241379,13140000
0.8284566749983071,0.0135135135135135,0.0844062121124646,0.05,0.09375,0.0952380952380952,0.019047619047619,False,False,False,True,0,0,0,0,0.125,0.3448275862068965,12000000
0.8828706214488591,0.003003003003003,0.0718973115486018,0.05,0.0,0.0,0.0,False,False,False,True,0,0,0,0,0.125,0.3793103448275862,18000000
0.9667632411436102,0.0375375375375375,0.0709543328907107,0.05,0.09375,0.0952380952380952,0.019047619047619,False,False,True,False,0,0,0,0,0.125,0.2413793103448275,15000000
0.8710938023878043,0.036036036036036,0.0178973500375267,0.0,0.03125,0.0476190476190476,0.0095238095238095,False,False,False,True,0,0,0,0,0.125,0.4482758620689654,1570000
0.8603199461933002,0.0225225225225225,0.1415815099205203,0.05,0.125,0.1428571428571428,0.0285714285714285,False,True,False,False,1,1,1,1,0.375,0.0689655172413793,23300000
0.8733907012787938,0.0375375375375375,0.0938552431537825,0.05,0.125,0.0952380952380952,0.019047619047619,False,False,True,False,0,0,0,0,0.125,0.1379310344827586,11500000
0.8859603095704358,0.0375375375375375,0.0173777495525662,0.0,0.03125,0.0476190476190476,0.0095238095238095,False,False,False,True,0,0,0,0,0.125,0.3448275862068965,2050000
0.8397297808673159,0.0,0.0741489136500971,0.05,0.09375,0.0952380952380952,0.019047619047619,False,False,False,True,0,0,0,0,0.125,0.3793103448275862,10800000
0.8978018528707139,0.039039039039039,0.1779920327925639,0.0,0.28125,0.0952380952380952,0.0571428571428571,False,True,False,False,1,1,1,1,0.625,0.1379310344827586,15000000
0.8636038947378211,0.0735735735735735,0.1717568269730385,0.0,0.15625,0.1428571428571428,0.0380952380952381,False,True,False,False,1,1,1,1,0.375,0.0689655172413793,16660000
0.8395444529127474,0.069069069069069,0.0797682966726324,0.0,0.09375,0.0952380952380952,0.019047619047619,False,True,False,False,1,1,1,1,0.25,0.0344827586206896,20000000
0.9029544426086318,0.069069069069069,0.0564440082366299,0.0,0.15625,0.0952380952380952,0.019047619047619,False,True,False,False,1,1,1,1,0.25,0.0344827586206896,8500000
0.8797780514702538,0.027027027027027,0.1017069838154071,0.0,0.09375,0.0952380952380952,0.019047619047619,False,False,False,True,0,0,0,0,0.125,0.3793103448275862,16200000
0.8956990482579101,0.036036036036036,0.1101937917364278,0.0,0.09375,0.0952380952380952,0.019047619047619,False,False,True,False,0,0,0,0,0.125,0.3103448275862069,15880000
0.8638348361307067,0.0615615615615615,0.0492465792968073,0.0,0.09375,0.0952380952380952,0.0285714285714285,False,True,False,False,1,1,1,1,0.25,0.0344827586206896,7100000
0.9675174813824584,0.009009009009009,0.076208071127533,0.05,0.0625,0.0952380952380952,0.0095238095238095,False,False,False,True,0,0,0,0,0.125,0.7586206896551725,20200000
0.866784746479226,0.0105105105105105,0.0563092969997883,0.05,0.09375,0.0952380952380952,0.019047619047619,False,False,True,False,0,0,0,0,0.125,0.2758620689655172,8500000
0.8786619348732643,0.0,0.028866693608914,0.0,0.03125,0.0476190476190476,0.0095238095238095,False,False,True,False,0,0,0,0,0.125,0.1379310344827586,1450000
0.8609660316657255,0.0225225225225225,0.1874218193714758,0.0,0.15625,0.0952380952380952,0.0380952380952381,False,True,False,False,1,1,1,1,0.5,0.1034482758620689,22750000
0.8948093373591632,0.0375375375375375,0.037257279217905,0.0,0.0625,0.0476190476190476,0.0095238095238095,False,False,True,False,0,0,0,0,0.125,0.2068965517241379,5200000
0.9075358856792376,0.027027027027027,0.1254161614995285,0.1,0.09375,0.0952380952380952,0.019047619047619,False,False,False,True,0,0,0,0,0.125,0.4137931034482758,15200000
0.8521107159320707,0.0225225225225225,0.1085002790447048,0.1,0.09375,0.0952380952380952,0.019047619047619,False,False,False,True,0,0,0,0,0.125,0.4827586206896552,15800000
0.9003253073150574,0.0105105105105105,0.0290783826953794,0.0,0.03125,0.0476190476190476,0.0095238095238095,False,False,False,True,0,0,0,0,0.125,0.3793103448275862,6000000
0.98724322093409,0.039039039039039,0.0555972518907684,0.1,0.0625,0.0952380952380952,0.0095238095238095,False,False,True,False,0,0,0,0,0.125,0.2413793103448275,6000000
0.9263840089456892,0.0375375375375375,0.0858687912553162,0.0,0.125,0.0952380952380952,0.0285714285714285,False,True,False,False,1,1,1,1,0.5,0.1034482758620689,10500000
0.8779306000466534,0.036036036036036,0.0198795296653387,0.0,0.03125,0.0476190476190476,0.0095238095238095,False,False,False,True,0,0,0,0,0.125,0.3793103448275862,2200000
0.7958198732708297,0.057057057057057,0.0799414968342859,0.0,0.125,0.0952380952380952,0.0285714285714285,False,True,False,False,1,1,1,1,0.25,0.0344827586206896,9000000
0.8747785643092243,0.051051051051051,0.0883898158304947,0.0,0.125,0.0952380952380952,0.0095238095238095,False,True,False,False,1,1,1,1,0.25,0.0344827586206896,12250000
0.8610501354176279,0.048048048048048,0.0804226083944344,0.0,0.1875,0.0952380952380952,0.0380952380952381,False,True,False,False,1,1,1,1,0.25,0.0344827586206896,16000000
0.8952818472187118,0.042042042042042,0.0555010295787387,0.05,0.0625,0.0476190476190476,0.0095238095238095,False,False,False,True,0,0,0,0,0.125,0.3793103448275862,6300000
0.9920166501498217,0.045045045045045,0.0828474106575832,0.05,0.09375,0.0952380952380952,0.019047619047619,False,False,True,False,0,0,0,0,0.125,0.2068965517241379,12250000
0.936576116527732,0.0315315315315315,0.0822123433981871,0.0,0.09375,0.0952380952380952,0.019047619047619,False,False,False,True,0,0,0,0,0.125,0.3793103448275862,12000000
0.8618311547411395,0.042042042042042,0.0735715797779189,0.05,0.09375,0.0952380952380952,0.019047619047619,False,False,True,False,0,0,0,0,0.125,0.2068965517241379,10500000
0.8794102734502189,0.0555555555555555,0.056732675172719,0.0,0.0,0.0,0.0,True,False,False,False,0,0,0,0,0.125,0.1379310344827586,8600000
0.9072103813484772,0.021021021021021,0.1443527125069761,0.0,0.09375,0.1428571428571428,0.0476190476190476,False,True,False,False,1,1,1,1,0.5,0.1034482758620689,17850000
0.90736171879351,0.021021021021021,0.0404518599772915,0.05,0.03125,0.0476190476190476,0.0095238095238095,False,False,True,False,0,0,0,0,0.125,0.2068965517241379,4000000
0.8268651313511555,0.072072072072072,0.0600042337817293,0.0,0.1875,0.0476190476190476,0.0571428571428571,False,True,False,False,1,1,1,1,0.25,0.0344827586206896,7800000
0.8807933763123685,0.0375375375375375,0.0266343359698246,0.05,0.03125,0.0476190476190476,0.0095238095238095,False,False,True,False,0,0,0,0,0.125,0.2068965517241379,3600000
0.8950547072055883,0.048048048048048,0.0912572407289802,0.05,0.09375,0.0952380952380952,0.019047619047619,False,False,True,False,0,0,0,0,0.125,0.2068965517241379,11600000
0.8702925670121715,0.0,0.0498624020937975,0.0,0.0625,0.0952380952380952,0.0095238095238095,False,False,False,True,0,0,0,0,0.125,0.3793103448275862,5544000
0.9048157542840158,0.0405405405405405,0.1053634316725362,0.05,0.09375,0.0952380952380952,0.019047619047619,False,False,False,True,0,0,0,0,0.125,0.5172413793103449,14000000
0.8048250844877316,0.021021021021021,0.0649693050824625,0.05,0.0625,0.0952380952380952,0.0095238095238095,False,False,False,True,0,0,0,0,0.125,0.4137931034482758,7180000
0.9019639097998606,0.036036036036036,0.069491753747859,0.05,0.0625,0.0476190476190476,0.0095238095238095,False,False,True,False,0,0,0,0,0.125,0.2758620689655172,2650000
0.905123706647089,0.0615615615615615,0.0608894790524026,0.0,0.09375,0.0952380952380952,0.0095238095238095,True,False,False,False,0,0,0,0,0.125,0.1379310344827586,6770000
0.8557000287437688,0.042042042042042,0.0633335257779573,0.0,0.09375,0.0476190476190476,0.0095238095238095,False,False,True,False,0,0,0,0,0.125,0.2068965517241379,6500000
0.918357460951654,0.0465465465465465,0.0238823778457748,0.0,0.03125,0.0476190476190476,0.0095238095238095,False,False,True,False,0,0,0,0,0.125,0.1379310344827586,3600000
0.8820416839931227,0.0345345345345345,0.0660662394396012,0.0,0.09375,0.0952380952380952,0.019047619047619,False,False,False,True,0,0,0,0,0.125,0.6551724137931035,8850000
0.887185210539684,0.018018018018018,0.0415487943344302,0.05,0.03125,0.0476190476190476,0.0095238095238095,False,False,True,False,0,0,0,0,0.125,0.3103448275862069,8600000
0.8827304214912886,0.0,0.0604468564170659,0.05,0.0625,0.0952380952380952,0.0095238095238095,False,False,False,True,0,0,0,0,0.125,0.3448275862068965,11410000
0.9729354559486012,0.0105105105105105,0.0941246656274656,0.05,0.09375,0.0952380952380952,0.019047619047619,False,False,True,False,0,0,0,0,0.125,0.2758620689655172,18680000
0.8750281092431749,0.0,0.0356599888382118,0.0,0.0625,0.0952380952380952,0.019047619047619,False,False,True,False,0,0,0,0,0.125,0.2068965517241379,7000000
0.9010849238052004,0.057057057057057,0.057752631680234,0.0,0.09375,0.0952380952380952,0.0095238095238095,True,False,False,False,0,0,0,0,0.125,0.1379310344827586,7800000
0.9013404816813876,0.042042042042042,0.042626484229163,0.0,0.09375,0.0952380952380952,0.019047619047619,False,False,True,False,0,0,0,0,0.125,0.1379310344827586,5000000
0.8608115888218606,0.0195195195195195,0.0249600677405076,0.05,0.0,0.0,0.0,False,False,True,False,0,0,0,0,0.125,0.3103448275862069,6200000
0.822543092805688,0.0405405405405405,0.0423378172930739,0.0,0.0625,0.0952380952380952,0.0095238095238095,False,False,True,False,0,0,0,0,0.125,0.2068965517241379,4200000
0.9018595404411656,0.0405405405405405,0.0696457094471065,0.05,0.09375,0.0952380952380952,0.019047619047619,False,False,True,False,0,0,0,0,0.125,0.2413793103448275,11000000
0.9019639097998606,0.033033033033033,0.068471797240344,0.05,0.09375,0.0952380952380952,0.0095238095238095,True,False,False,False,0,0,0,0,0.125,0.1379310344827586,4850000
0.872023288476953,0.0375375375375375,0.0201681966014279,0.0,0.0,0.0,0.0,False,False,True,False,0,0,0,0,0.125,0.1724137931034483,1680000
0.8702671294410322,0.015015015015015,0.2123626426495775,0.15,0.1875,0.0952380952380952,0.0476190476190476,False,True,False,False,1,1,1,1,0.625,0.1379310344827586,25000000
0.8504448778540166,0.036036036036036,0.0170698381540711,0.0,0.03125,0.0476190476190476,0.0095238095238095,True,False,False,False,0,0,0,0,0.125,0.1379310344827586,1035000
0.9775202929839396,0.0465465465465465,0.0949136885861093,0.0,0.15625,0.1428571428571428,0.0285714285714285,False,True,False,False,1,1,1,1,0.375,0.0689655172413793,22400000
0.8605875456294143,0.0675675675675675,0.0671246848719281,0.0,0.09375,0.0952380952380952,0.019047619047619,False,True,False,False,1,1,1,1,0.25,0.0344827586206896,9800000
0.9713499751145208,0.0015015015015015,0.0633335257779573,0.05,0.0625,0.0952380952380952,0.0095238095238095,False,False,False,True,0,0,0,0,0.125,0.7931034482758621,16500000
0.8864297639625249,0.021021021021021,0.0901218174470296,0.05,0.0625,0.0952380952380952,0.019047619047619,False,False,False,True,0,0,0,0,0.125,0.4482758620689654,10800000
0.8475771942817403,0.0,0.1190847333679733,0.0,0.09375,0.1428571428571428,0.0380952380952381,False,True,False,False,1,1,1,1,0.5,0.1034482758620689,17600000
0.9972438362658522,0.03003003003003,0.1621153513076612,0.05,0.0,0.0,0.0,False,True,False,False,1,1,1,1,0.5,0.1034482758620689,19500000
0.9914325271535632,0.048048048048048,0.109443257702596,0.0,0.0625,0.0952380952380952,0.019047619047619,False,False,True,False,0,0,0,0,0.25,0.2068965517241379,14200000
0.9698010057595924,0.0375375375375375,0.0633912591651752,0.05,0.09375,0.0952380952380952,0.019047619047619,False,False,False,True,0,0,0,0,0.125,0.4137931034482758,7500000
0.8682698162440374,0.036036036036036,0.0240940669322402,0.0,0.03125,0.0476190476190476,0.0095238095238095,False,False,False,True,0,0,0,0,0.125,0.3793103448275862,3000000
0.8319133724620826,0.0105105105105105,0.140677020187441,0.0,0.125,0.1428571428571428,0.0380952380952381,False,True,False,False,1,1,1,1,0.625,0.1379310344827586,17700000
0.960665419795646,0.0105105105105105,0.0760541154282855,0.05,0.0625,0.0952380952380952,0.0095238095238095,False,False,True,False,0,0,0,0,0.125,0.3103448275862069,16300000
0.8272335802670341,0.021021021021021,0.1950618709466351,0.0,0.125,0.0952380952380952,0.0380952380952381,False,True,False,False,1,1,1,1,0.25,0.0344827586206896,21400000
0.9028882498138272,0.0465465465465465,0.0474953332178665,0.0,0.09375,0.0476190476190476,0.0095238095238095,True,False,False,False,0,0,0,0,0.125,0.1379310344827586,5600000
0.8655801572349731,0.039039039039039,0.0796335854357908,0.05,0.09375,0.0952380952380952,0.019047619047619,False,False,True,False,0,0,0,0,0.125,0.2068965517241379,10500000
0.9118442558111042,0.0465465465465465,0.0647383715335912,0.0,0.09375,0.0952380952380952,0.019047619047619,True,False,False,False,0,0,0,0,0.125,0.1379310344827586,9000000
0.8827304214912886,0.0,0.0618132132478879,0.05,0.0625,0.0952380952380952,0.019047619047619,False,False,False,True,0,0,0,0,0.125,0.3448275862068965,11670000
0.914302519087272,0.0315315315315315,0.0769393606989588,0.05,0.0625,0.0952380952380952,0.019047619047619,False,False,True,False,0,0,0,0,0.125,0.1379310344827586,10500000
0.8427370403593102,0.0,0.1156977079845274,0.0,0.15625,0.0952380952380952,0.0380952380952381,False,True,False,False,1,1,1,1,0.5,0.1034482758620689,16200000
0.9775029551164208,0.0405405405405405,0.0505359582780055,0.0,0.0625,0.0476190476190476,0.0095238095238095,False,False,True,False,0,0,0,0,0.125,0.2068965517241379,7500000
0.8951104797655489,0.042042042042042,0.0301368281277062,0.0,0.03125,0.0476190476190476,0.0095238095238095,False,False,True,False,0,0,0,0,0.125,0.2758620689655172,3000000
0.8159726423340032,0.0195195195195195,0.0668745068606508,0.05,0.09375,0.0952380952380952,0.019047619047619,False,False,False,True,0,0,0,0,0.125,0.4482758620689654,4800000
0.905123706647089,0.063063063063063,0.0589265438869965,0.0,0.09375,0.0952380952380952,0.0095238095238095,True,False,False,False,0,0,0,0,0.125,0.1379310344827586,4100000
0.842952259895128,0.0345345345345345,0.3738236822354367,0.1,0.0,0.0,0.0,False,True,False,False,1,1,1,1,0.5,0.1034482758620689,16000000
0.9027370919274632,0.048048048048048,0.0470334661201239,0.0,0.09375,0.0952380952380952,0.019047619047619,True,False,False,False,0,0,0,0,0.125,0.1379310344827586,4500000
0.8839297370578265,0.033033033033033,0.0722244674095029,0.0,0.09375,0.0952380952380952,0.019047619047619,False,False,False,True,0,0,0,0,0.125,0.6551724137931035,10500000
0.938048857791074,0.057057057057057,0.0441852856840444,0.0,0.09375,0.0952380952380952,0.019047619047619,True,False,False,False,0,0,0,0,0.125,0.1379310344827586,11600000
0.8142867188748255,0.0,0.0623135692704424,0.0,0.125,0.0952380952380952,0.019047619047619,False,True,False,False,1,1,1,1,0.125,0.0,8800000
0.8817489881828635,0.033033033033033,0.1464888478340357,0.0,0.09375,0.0952380952380952,0.0380952380952381,False,True,False,False,1,1,1,1,0.375,0.0689655172413793,20000000
0.8699050196096607,0.042042042042042,0.0845601678117121,0.05,0.09375,0.0952380952380952,0.019047619047619,False,False,False,True,0,0,0,0,0.125,0.4137931034482758,12700000
0.943316208501642,0.036036036036036,0.0213036198833785,0.0,0.0,0.0,0.0,False,False,True,False,0,0,0,0,0.125,0.1724137931034483,4450000
0.8143130598530206,0.006006006006006,0.0804995862440582,0.05,0.09375,0.0952380952380952,0.019047619047619,False,False,False,True,0,0,0,0,0.125,0.4482758620689654,11000000
0.8596974750407185,0.021021021021021,0.0299058945788349,0.0,0.0625,0.0476190476190476,0.0095238095238095,False,False,True,False,0,0,0,0,0.125,0.3103448275862069,6250000
0.8307802758067737,0.0405405405405405,0.0719742893982256,0.05,0.09375,0.0952380952380952,0.019047619047619,False,False,True,False,0,0,0,0,0.125,0.1724137931034483,6250000
0.8929782461497098,0.0495495495495495,0.0592152108230856,0.0,0.09375,0.0952380952380952,0.019047619047619,True,False,False,False,0,0,0,0,0.125,0.1379310344827586,6050000
0.9931102749338834,0.0285285285285285,0.0830975886688605,0.05,0.0625,0.0952380952380952,0.0095238095238095,False,False,True,False,0,0,0,0,0.125,0.3103448275862069,16000000
0.8841410003319652,0.024024024024024,0.0293670496314685,0.0,0.03125,0.0476190476190476,0.0095238095238095,False,False,True,False,0,0,0,0,0.125,0.1034482758620689,2900000
0.835482072799067,0.0405405405405405,0.0662779285260666,0.0,0.09375,0.0952380952380952,0.019047619047619,False,False,True,False,0,0,0,0,0.125,0.2068965517241379,6280000
0.8659192797390745,0.036036036036036,0.0730327348305525,0.05,0.09375,0.0952380952380952,0.019047619047619,False,False,True,False,0,0,0,0,0.125,0.2068965517241379,11100000
0.8551099529481974,0.0195195195195195,0.1068260108153878,0.05,0.09375,0.0952380952380952,0.019047619047619,False,False,False,True,0,0,0,0,0.125,0.4482758620689654,15000000
0.900699700713119,0.0,0.0609857013644323,0.0,0.09375,0.0952380952380952,0.019047619047619,False,False,True,False,0,0,0,0,0.125,0.2413793103448275,9000000
0.8504448778540166,0.0375375375375375,0.0170698381540711,0.0,0.03125,0.0476190476190476,0.0095238095238095,True,False,False,False,0,0,0,0,0.125,0.1379310344827586,1200000
0.8710481115851678,0.0195195195195195,0.0209764640224775,0.0,0.03125,0.0476190476190476,0.0095238095238095,False,False,True,False,0,0,0,0,0.125,0.3103448275862069,3600000
0.9743308671791908,0.042042042042042,0.0601581894809768,0.0,0.09375,0.0952380952380952,0.019047619047619,True,False,False,False,0,0,0,0,0.125,0.1379310344827586,6610000
0.8523710616489382,0.0315315315315315,0.0468795104208763,0.0,0.0,0.0,0.0,True,False,False,False,0,0,0,0,0.125,0.1379310344827586,3410000
0.8099313196147477,0.0075075075075075,0.0740911802628793,0.05,0.09375,0.0952380952380952,0.019047619047619,False,False,True,False,0,0,0,0,0.125,0.2068965517241379,9380000
0.9042504507604008,0.024024024024024,0.0210726863345072,0.0,0.03125,0.0476190476190476,0.0095238095238095,False,False,True,False,0,0,0,0,0.125,0.2413793103448275,4600000
0.8779655749186759,0.0255255255255255,0.1026499624732983,0.0,0.09375,0.0952380952380952,0.019047619047619,False,False,False,True,0,0,0,0,0.125,0.3448275862068965,13400000
0.7930669902890486,0.06006006006006,0.0603891230298481,0.1,0.125,0.0952380952380952,0.019047619047619,False,True,False,False,1,1,1,1,0.25,0.0344827586206896,7450000
0.8476325828502524,0.0,0.0410099493870638,0.05,0.0625,0.0952380952380952,0.019047619047619,False,False,True,False,0,0,0,0,0.125,0.1379310344827586,10800000
0.8976602551267661,0.0645645645645645,0.0623328137328483,0.0,0.09375,0.0952380952380952,0.019047619047619,False,True,False,False,1,1,1,1,0.25,0.0344827586206896,8000000
0.9947906776084494,0.03003003003003,0.0322729634547658,0.0,0.0625,0.0952380952380952,0.0095238095238095,True,False,False,False,0,0,0,0,0.125,0.1034482758620689,7450000
0.914543801662944,0.0255255255255255,0.084945057059831,0.05,0.09375,0.0952380952380952,0.019047619047619,False,False,False,True,0,0,0,0,0.125,0.4482758620689654,16800000
0.9860530090573434,0.0765765765765765,0.0615822796990166,0.0,0.09375,0.1428571428571428,0.0380952380952381,False,True,False,False,1,1,1,1,0.25,0.0344827586206896,12300000
0.8621587627673932,0.0405405405405405,0.0732829128418297,0.0,0.09375,0.0952380952380952,0.019047619047619,False,True,False,False,1,1,1,1,0.375,0.0689655172413793,6000000
0.8713887517779995,0.042042042042042,0.0601389450185709,0.0,0.09375,0.0952380952380952,0.019047619047619,False,False,True,False,0,0,0,0,0.125,0.2068965517241379,4800000
0.8523710616489382,0.03003003003003,0.0357754556126474,0.0,0.0625,0.0476190476190476,0.019047619047619,True,False,False,False,0,0,0,0,0.125,0.1379310344827586,3300000
0.8506343374285166,0.0585585585585585,0.1002444046725554,0.0,0.1875,0.0952380952380952,0.019047619047619,False,True,False,False,1,1,1,1,0.125,0.0,11000000
0.9013215350754252,0.0465465465465465,0.0508246252140946,0.05,0.09375,0.0952380952380952,0.019047619047619,False,False,True,False,0,0,0,0,0.125,0.1379310344827586,9250000
0.918716266184191,0.0,0.1031695629582587,0.05,0.09375,0.0952380952380952,0.019047619047619,False,False,True,False,0,0,0,0,0.125,0.2068965517241379,14400000
0.9286848342514986,0.06006006006006,0.0579065873794815,0.0,0.0,0.0,0.0,True,False,False,False,0,0,0,0,0.125,0.1379310344827586,5400000
0.8711155125741641,0.009009009009009,0.057733387217828,0.05,0.0,0.0,0.0,False,False,False,True,0,0,0,0,0.125,0.3448275862068965,9100000
0.8793277703736919,0.0555555555555555,0.0554625406539268,0.0,0.0625,0.0952380952380952,0.019047619047619,False,True,False,False,1,1,1,1,0.25,0.0344827586206896,6200000
0.8435483832513455,0.009009009009009,0.0253449569886265,0.05,0.09375,0.0952380952380952,0.019047619047619,False,False,True,False,0,0,0,0,0.125,0.2413793103448275,2700000
0.9330644729093364,0.0345345345345345,0.0762465600523449,0.0,0.09375,0.0952380952380952,0.019047619047619,False,False,False,True,0,0,0,0,0.125,0.3793103448275862,14900000
0.9762764212119636,0.021021021021021,0.0512287589246194,0.05,0.03125,0.0476190476190476,0.0095238095238095,False,False,False,True,0,0,0,0,0.125,0.3448275862068965,10500000
0.8929279544560131,0.078078078078078,0.0616207686238284,0.0,0.09375,0.1428571428571428,0.019047619047619,False,True,False,False,1,1,1,1,0.25,0.0344827586206896,16500000
0.8841410003319652,0.024024024024024,0.0465138656351634,0.05,0.0,0.0,0.0,False,False,True,False,0,0,0,0,0.125,0.1034482758620689,3300000
0.8971096545512296,0.0195195195195195,0.1468352481573427,0.0,0.09375,0.1428571428571428,0.0476190476190476,False,True,False,False,1,1,1,1,0.5,0.1034482758620689,21600000
0.8860869188218885,0.0495495495495495,0.0620249023343532,0.0,0.09375,0.0952380952380952,0.019047619047619,True,False,False,False,0,0,0,0,0.125,0.1379310344827586,11450000
0.8827304214912886,0.0,0.0552700960298674,0.05,0.03125,0.0476190476190476,0.0095238095238095,False,False,False,True,0,0,0,0,0.125,0.3448275862068965,12500000
0.8679635874650558,0.039039039039039,0.0795950965109789,0.05,0.09375,0.0952380952380952,0.019047619047619,False,False,True,False,0,0,0,0,0.125,0.2413793103448275,5700000
0.8753982155284632,0.0345345345345345,0.167542289706137,0.05,0.15625,0.0952380952380952,0.0285714285714285,False,False,False,True,0,0,0,0,0.125,0.7586206896551725,20200000
0.9725018658415934,0.003003003003003,0.0881588822816234,0.05,0.0625,0.0952380952380952,0.019047619047619,False,False,False,True,0,0,0,0,0.125,0.6896551724137931,22780000
0.8596623491470439,0.0405405405405405,0.0543078729095702,0.0,0.09375,0.0952380952380952,0.019047619047619,False,False,True,False,0,0,0,0,0.125,0.1724137931034483,7800000
0.8729355338805647,0.036036036036036,0.0188788176202297,0.0,0.03125,0.0476190476190476,0.0095238095238095,False,False,False,True,0,0,0,0,0.125,0.5517241379310345,2600000
0.918979326933993,0.0285285285285285,0.0783249619921867,0.0,0.09375,0.0952380952380952,0.019047619047619,False,False,True,False,0,0,0,0,0.125,0.3103448275862069,12000000
0.9422212994368522,0.03003003003003,0.0261532244096761,0.0,0.0,0.0,0.0,False,False,True,False,0,0,0,0,0.125,0.2068965517241379,3800000
0.899458496525881,0.0,0.0432038181013413,0.0,0.03125,0.0476190476190476,0.0095238095238095,False,False,True,False,0,0,0,0,0.125,0.2068965517241379,10940000
0.8700205948162534,0.0555555555555555,0.0613321016877393,0.0,0.09375,0.0476190476190476,0.019047619047619,True,False,False,False,0,0,0,0,0.125,0.1379310344827586,3900000
0.8025978236386493,0.0,0.1107326366837942,0.05,0.09375,0.0952380952380952,0.019047619047619,False,False,True,False,0,0,0,0,0.125,0.2758620689655172,13250000
0.8005054173520989,0.0,0.100398360371803,0.15,0.03125,0.0476190476190476,0.0095238095238095,False,False,True,False,0,0,0,0,0.125,0.2413793103448275,15680000
0.8815339015976349,0.027027027027027,0.1033235186575062,0.05,0.09375,0.0952380952380952,0.019047619047619,False,False,False,True,0,0,0,0,0.125,0.3448275862068965,15900000
0.7792852087835911,0.0,0.1150049073379135,0.0,0.125,0.0952380952380952,0.019047619047619,False,True,False,False,1,1,1,1,0.25,0.0344827586206896,7850000
0.837216490473935,0.0675675675675675,0.0576371649057983,0.0,0.09375,0.0952380952380952,0.019047619047619,False,True,False,False,1,1,1,1,0.25,0.0344827586206896,9100000
0.872023288476953,0.0375375375375375,0.0201681966014279,0.0,0.03125,0.0476190476190476,0.0095238095238095,False,False,True,False,0,0,0,0,0.125,0.1724137931034483,3750000
0.8536972329584955,0.0135135135135135,0.0723399341839385,0.05,0.0625,0.0952380952380952,0.0095238095238095,False,False,False,True,0,0,0,0,0.125,0.4827586206896552,12650000
0.81049387085082,0.021021021021021,0.0168196601427939,0.0,0.0,0.0,0.0,False,False,True,False,0,0,0,0,0.125,0.1724137931034483,1145000
0.8548895696731904,0.0,0.1580547697400073,0.1,0.09375,0.1428571428571428,0.0380952380952381,False,True,False,False,1,1,1,1,0.5,0.1034482758620689,20850000
0.9881091321445296,0.0315315315315315,0.085599368781633,0.05,0.09375,0.0952380952380952,0.019047619047619,False,False,True,False,0,0,0,0,0.125,0.2068965517241379,18000000
0.9698010057595924,0.0405405405405405,0.0511902699998075,0.05,0.125,0.0952380952380952,0.019047619047619,False,False,False,True,0,0,0,0,0.125,0.4137931034482758,11000000
0.90736171879351,0.0195195195195195,0.020803263860824,0.05,0.03125,0.0476190476190476,0.0095238095238095,False,False,True,False,0,0,0,0,0.125,0.2068965517241379,364491
0.8603199461933002,0.0225225225225225,0.0815580316763851,0.05,0.09375,0.0952380952380952,0.019047619047619,False,False,False,True,0,0,0,0,0.125,0.4137931034482758,15880000
0.8790103046096931,0.021021021021021,0.0257490906991513,0.0,0.03125,0.0476190476190476,0.0095238095238095,False,False,True,False,0,0,0,0,0.125,0.1379310344827586,3100000
0.892353149517163,0.0,0.0556357408155803,0.0,0.09375,0.0952380952380952,0.0095238095238095,True,False,False,False,0,0,0,0,0.125,0.1034482758620689,4800000
0.81049387085082,0.021021021021021,0.0164925042818928,0.0,0.03125,0.0476190476190476,0.0095238095238095,False,False,True,False,0,0,0,0,0.125,0.1724137931034483,1250000
0.8752763281196678,0.045045045045045,0.0325038970036372,0.0,0.03125,0.0476190476190476,0.0095238095238095,False,False,False,True,0,0,0,0,0.125,0.3793103448275862,4150000
0.8839297370578265,0.033033033033033,0.0889479052402671,0.05,0.09375,0.0952380952380952,0.019047619047619,False,False,False,True,0,0,0,0,0.125,0.6896551724137931,13500000
0.8132494833908481,0.0105105105105105,0.0686065084771856,0.05,0.0625,0.0476190476190476,0.0095238095238095,False,False,False,True,0,0,0,0,0.125,0.4827586206896552,9000000
0.8970335574546198,0.042042042042042,0.0565402305486596,0.0,0.09375,0.0952380952380952,0.019047619047619,False,False,True,False,0,0,0,0,0.125,0.1724137931034483,9020000
0.9940754425782076,0.042042042042042,0.0480726670900448,0.0,0.125,0.0952380952380952,0.019047619047619,True,False,False,False,0,0,0,0,0.125,0.1379310344827586,5980000
0.8023528173372938,0.036036036036036,0.1268017627927563,0.0,0.28125,0.4285714285714285,0.0857142857142857,False,True,False,False,1,1,1,1,0.5,0.1034482758620689,12500000
0.8536972329584955,0.0135135135135135,0.0612743683005215,0.05,0.0625,0.0952380952380952,0.0095238095238095,False,False,False,True,0,0,0,0,0.125,0.4827586206896552,10500000
0.8779306000466534,0.036036036036036,0.0198410407405269,0.0,0.0,0.0,0.0,False,False,False,True,0,0,0,0,0.125,0.3793103448275862,1880000
0.8078445888955912,0.0165165165165165,0.0501510690298866,0.05,0.03125,0.0476190476190476,0.0095238095238095,False,False,False,True,0,0,0,0,0.125,0.4137931034482758,4800000
0.8505655510824681,0.0075075075075075,0.0921424859996536,0.05,0.0625,0.0952380952380952,0.019047619047619,False,False,False,True,0,0,0,0,0.125,0.4137931034482758,15750000
0.8294824233636859,0.036036036036036,0.0500356022554509,0.0,0.15625,0.1428571428571428,0.0285714285714285,False,True,False,False,1,1,1,1,0.375,0.0689655172413793,5000000
0.8962071447714663,0.0435435435435435,0.0509016030637184,0.0,0.09375,0.0952380952380952,0.019047619047619,False,False,False,True,0,0,0,0,0.125,0.3793103448275862,7280000
0.8942958663591014,0.045045045045045,0.0208802417104478,0.0,0.03125,0.0476190476190476,0.0095238095238095,False,False,True,False,0,0,0,0,0.125,0.2068965517241379,3030000
0.9003253073150574,0.0105105105105105,0.0386813694359448,0.05,0.03125,0.0476190476190476,0.0095238095238095,False,False,False,True,0,0,0,0,0.125,0.3793103448275862,6000000
0.9034353451070558,0.042042042042042,0.0633527702403633,0.0,0.09375,0.0952380952380952,0.019047619047619,True,False,False,False,0,0,0,0,0.125,0.1379310344827586,2900000
0.8036000884116561,0.024024024024024,0.1265323403190731,0.0,0.125,0.0952380952380952,0.019047619047619,False,True,False,False,1,1,1,1,0.625,0.1379310344827586,13200000
0.8596767492911113,0.0,0.0397975482554894,0.0,0.0,0.0,0.0,False,False,True,False,0,0,0,0,0.125,0.1379310344827586,5500000
0.951754911856483,0.015015015015015,0.1254546504243404,0.05,0.125,0.0952380952380952,0.019047619047619,False,False,False,True,0,0,0,0,0.125,0.4482758620689654,25500000
0.8057647153821108,0.0015015015015015,0.1421973327175105,0.0,0.09375,0.0952380952380952,0.0285714285714285,False,True,False,False,1,1,1,1,0.375,0.0689655172413793,25200000
0.884173380174758,0.0,0.0881973712064353,0.05,0.09375,0.0952380952380952,0.019047619047619,False,False,True,False,0,0,0,0,0.125,0.3103448275862069,15900000
0.8942958663591014,0.0435435435435435,0.0262494467217058,0.0,0.03125,0.0476190476190476,0.0095238095238095,False,False,True,False,0,0,0,0,0.125,0.2068965517241379,2530000
0.8783264956696257,0.0495495495495495,0.1156207301349036,0.0,0.09375,0.0952380952380952,0.019047619047619,False,True,False,False,1,1,1,1,0.25,0.0344827586206896,8000000
0.9791071127447708,0.0195195195195195,0.0187633508457941,0.0,0.03125,0.0476190476190476,0.0095238095238095,False,False,False,True,0,0,0,0,0.125,0.4137931034482758,5350000
0.9013404816813876,0.039039039039039,0.047341377518619,0.0,0.09375,0.0476190476190476,0.019047619047619,False,False,True,False,0,0,0,0,0.125,0.1379310344827586,3000000
0.8829582132309213,0.0375375375375375,0.1091353463041009,0.0,0.1875,0.1904761904761904,0.0380952380952381,False,False,False,True,0,0,0,0,0.125,0.3793103448275862,12000000
0.8551099529481974,0.0195195195195195,0.1224910032138252,0.05,0.125,0.0952380952380952,0.019047619047619,False,False,False,True,0,0,0,0,0.125,0.4137931034482758,17500000
0.8078445888955912,0.018018018018018,0.0968573792891095,0.05,0.09375,0.0952380952380952,0.019047619047619,False,False,False,True,0,0,0,0,0.125,0.4137931034482758,10500000
0.8732340031157264,0.006006006006006,0.1074803225371899,0.0,0.09375,0.0952380952380952,0.019047619047619,False,True,False,False,1,1,1,1,0.5,0.1034482758620689,13880000
0.8839297370578265,0.0315315315315315,0.0887169716913958,0.05,0.09375,0.0952380952380952,0.019047619047619,False,False,False,True,0,0,0,0,0.125,0.6551724137931035,12280000
0.9024160790785912,0.0405405405405405,0.0702037988568789,0.05,0.0625,0.0952380952380952,0.019047619047619,True,False,False,False,0,0,0,0,0.125,0.1379310344827586,3500000
0.8284566749983071,0.0135135135135135,0.0833670111425437,0.05,0.09375,0.0952380952380952,0.019047619047619,False,False,False,True,0,0,0,0,0.125,0.3448275862068965,14500000
0.8618550815351398,0.0405405405405405,0.0840020784019398,0.05,0.09375,0.0952380952380952,0.019047619047619,False,False,True,False,0,0,0,0,0.125,0.1379310344827586,5900000
0.8539007828852618,0.0,0.0608317456651848,0.0,0.125,0.0952380952380952,0.019047619047619,False,True,False,False,1,1,1,1,0.25,0.0344827586206896,9000000
0.8603199461933002,0.021021021021021,0.0652579720185516,0.05,0.0625,0.0952380952380952,0.0095238095238095,False,False,False,True,0,0,0,0,0.125,0.4137931034482758,11680000
0.9061156884060892,0.0225225225225225,0.1170833092777553,0.0,0.15625,0.0952380952380952,0.0285714285714285,False,True,False,False,1,1,1,1,0.5,0.1034482758620689,16000000
0.9125991784463564,0.036036036036036,0.0480341781652329,0.05,0.09375,0.0952380952380952,0.019047619047619,False,False,True,False,0,0,0,0,0.125,0.2758620689655172,5300000
0.851161247837581,0.0,0.0628524142178088,0.05,0.0625,0.0952380952380952,0.0095238095238095,False,False,True,False,0,0,0,0,0.125,0.1379310344827586,9080000
0.8542813517565833,0.0075075075075075,0.0575986759809864,0.05,0.0625,0.0476190476190476,0.0095238095238095,False,False,False,True,0,0,0,0,0.125,0.3793103448275862,10420000
0.8454307294411763,0.012012012012012,0.1070376999018532,0.05,0.09375,0.0952380952380952,0.019047619047619,False,False,False,True,0,0,0,0,0.125,0.3793103448275862,15320000
0.884173380174758,0.0,0.0595423666839866,0.05,0.0,0.0,0.0,False,False,True,False,0,0,0,0,0.125,0.3103448275862069,12460000
0.973141725417122,0.0,0.0249600677405076,0.0,0.03125,0.0476190476190476,0.0095238095238095,False,False,True,False,0,0,0,0,0.125,0.1034482758620689,6000000
0.8841410003319652,0.0255255255255255,0.0488424455862825,0.05,0.03125,0.0476190476190476,0.0095238095238095,False,False,True,False,0,0,0,0,0.125,0.1034482758620689,5100000
0.9024160790785912,0.0,0.0790370071012066,0.05,0.09375,0.0952380952380952,0.019047619047619,False,False,True,False,0,0,0,0,0.125,0.1379310344827586,3200000
0.8853826704822154,0.0435435435435435,0.0744953139734041,0.05,0.09375,0.0952380952380952,0.019047619047619,False,False,True,False,0,0,0,0,0.125,0.1724137931034483,10600000
0.8069646104223693,0.0465465465465465,0.0978003579470007,0.0,0.125,0.0952380952380952,0.0285714285714285,False,True,False,False,1,1,1,1,0.5,0.1034482758620689,7000000
0.8001819537104495,0.0075075075075075,0.0659315282027596,0.05,0.09375,0.0952380952380952,0.0095238095238095,False,False,True,False,0,0,0,0,0.125,0.3103448275862069,7200000
0.8937877385276067,0.051051051051051,0.0816734984508207,0.0,0.15625,0.0952380952380952,0.019047619047619,False,True,False,False,1,1,1,1,0.25,0.0344827586206896,18000000
0.8603199461933002,0.0225225225225225,0.1542058772588187,0.1,0.125,0.0952380952380952,0.0285714285714285,False,True,False,False,1,1,1,1,0.375,0.0689655172413793,22200000
0.951754911856483,0.015015015015015,0.1113677039431903,0.05,0.09375,0.0952380952380952,0.019047619047619,False,False,False,True,0,0,0,0,0.125,0.4137931034482758,22800000
0.98724322093409,0.039039039039039,0.0585993880260954,0.05,0.09375,0.0952380952380952,0.019047619047619,False,False,True,False,0,0,0,0,0.125,0.2758620689655172,11500000
0.8767792098235816,0.0225225225225225,0.1035929411311895,0.05,0.125,0.0952380952380952,0.019047619047619,False,False,False,True,0,0,0,0,0.125,0.3793103448275862,16500000
0.930780137631274,0.039039039039039,0.0424340396051036,0.0,0.0625,0.0952380952380952,0.0095238095238095,False,False,False,True,0,0,0,0,0.125,0.6206896551724138,6400000
0.920489437688076,0.003003003003003,0.0897369281989107,0.05,0.09375,0.0952380952380952,0.019047619047619,False,False,False,True,0,0,0,0,0.125,0.4827586206896552,22500000
0.9606084181047834,0.06006006006006,0.0593114331351153,0.0,0.125,0.0952380952380952,0.019047619047619,False,True,False,False,1,1,1,1,0.25,0.0344827586206896,18600000
0.943316208501642,0.0345345345345345,0.0303677616765775,0.0,0.03125,0.0476190476190476,0.0095238095238095,False,False,True,False,0,0,0,0,0.125,0.1724137931034483,5210000
0.8149223248202304,0.063063063063063,0.0642380155110367,0.0,0.15625,0.0476190476190476,0.0380952380952381,False,True,False,False,1,1,1,1,0.25,0.0344827586206896,3200000
0.8715122705323779,0.03003003003003,0.1479514269768873,0.0,0.09375,0.0952380952380952,0.019047619047619,False,False,False,True,0,0,0,0,0.125,0.3793103448275862,12000000
0.9224159146002364,0.0,0.0319073186690529,0.0,0.0625,0.0476190476190476,0.0095238095238095,False,False,True,False,0,0,0,0,0.125,0.1379310344827586,5850000
0.8819601213401143,0.042042042042042,0.0848103458229894,0.05,0.125,0.0952380952380952,0.019047619047619,False,False,True,False,0,0,0,0,0.125,0.2068965517241379,13220000
0.9069274366840148,0.024024024024024,0.128610742258915,0.0,0.125,0.0952380952380952,0.019047619047619,False,True,False,False,1,1,1,1,0.5,0.1034482758620689,17500000
0.7835552989542407,0.0,0.0470527105825298,0.0,0.125,0.0952380952380952,0.019047619047619,False,True,False,False,1,1,1,1,0.25,0.0344827586206896,4000000
0.9001507223483713,0.0,0.061101168138868,0.0,0.09375,0.0952380952380952,0.019047619047619,False,False,True,False,0,0,0,0,0.125,0.1379310344827586,9180000
0.8841410003319652,0.027027027027027,0.0293670496314685,0.0,0.03125,0.0476190476190476,0.0095238095238095,False,False,True,False,0,0,0,0,0.125,0.1034482758620689,4150000
0.8630918262375928,0.0495495495495495,0.0447241306314108,0.0,0.0625,0.0952380952380952,0.0095238095238095,True,False,False,False,0,0,0,0,0.125,0.1379310344827586,5280000
0.8752125417884713,0.0465465465465465,0.0147989915901699,0.0,0.03125,0.0476190476190476,0.0095238095238095,False,False,True,False,0,0,0,0,0.125,0.1379310344827586,3210000
0.842005860771593,0.0435435435435435,0.0622943248080364,0.05,0.09375,0.0952380952380952,0.019047619047619,False,False,True,False,0,0,0,0,0.125,0.1379310344827586,8600000
0.9643633147909724,0.0525525525525525,0.0818851875372861,0.0,0.125,0.0952380952380952,0.0285714285714285,False,True,False,False,1,1,1,1,0.25,0.0344827586206896,22000000
0.8603199461933002,0.024024024024024,0.0984931585936146,0.1,0.09375,0.0952380952380952,0.019047619047619,False,False,False,True,0,0,0,0,0.125,0.4137931034482758,17500000
0.8519234612847413,0.039039039039039,0.0697034428343244,0.05,0.09375,0.0952380952380952,0.019047619047619,False,False,True,False,0,0,0,0,0.125,0.3103448275862069,9250000
0.8766518637434331,0.0615615615615615,0.0470334661201239,0.0,0.09375,0.0952380952380952,0.019047619047619,False,True,False,False,1,1,1,1,0.375,0.0689655172413793,8000000
0.8620123451654536,0.0375375375375375,0.0252294902141908,0.0,0.03125,0.0476190476190476,0.0095238095238095,False,False,True,False,0,0,0,0,0.125,0.1379310344827586,2550000
0.7979905598125754,0.0315315315315315,0.0581182764659469,0.0,0.15625,0.0952380952380952,0.019047619047619,False,True,False,False,1,1,1,1,0.25,0.0344827586206896,12000000
0.8717205563034156,0.0195195195195195,0.0230933548871312,0.05,0.03125,0.0476190476190476,0.0095238095238095,False,False,True,False,0,0,0,0,0.125,0.3103448275862069,4680000
0.8382912344126794,0.051051051051051,0.0800377191463156,0.0,0.15625,0.0952380952380952,0.019047619047619,False,True,False,False,1,1,1,1,0.25,0.0344827586206896,6016789
0.8898505874815328,0.0405405405405405,0.0462444431614802,0.0,0.0625,0.0476190476190476,0.0095238095238095,False,False,True,False,0,0,0,0,0.125,0.3103448275862069,5280000
0.8316493520323434,0.0405405405405405,0.0447433750938167,0.0,0.0625,0.0952380952380952,0.0095238095238095,True,False,False,False,0,0,0,0,0.125,0.1379310344827586,3000000
0.9587207033422088,0.036036036036036,0.0492465792968073,0.0,0.15625,0.0952380952380952,0.019047619047619,False,False,True,False,0,0,0,0,0.125,0.3103448275862069,9000000
0.8480662335563807,0.003003003003003,0.0927775532590497,0.05,0.09375,0.0952380952380952,0.019047619047619,False,False,True,False,0,0,0,0,0.125,0.3103448275862069,13500000
0.8132494833908481,0.0105105105105105,0.0863691472778707,0.05,0.09375,0.0952380952380952,0.019047619047619,False,False,False,True,0,0,0,0,0.125,0.4827586206896552,12500000
0.8265721440845653,0.012012012012012,0.2344745299540057,0.0,0.125,0.0952380952380952,0.0571428571428571,False,True,False,False,1,1,1,1,0.25,0.0344827586206896,20800000
0.8473883904519823,0.0,0.1262244289205781,0.0,0.09375,0.1428571428571428,0.0380952380952381,False,True,False,False,1,1,1,1,0.5,0.1034482758620689,18580000
0.8800789560172859,0.0465465465465465,0.04430075245848,0.0,0.0625,0.0476190476190476,0.0095238095238095,False,False,True,False,0,0,0,0,0.125,0.2068965517241379,4500000
0.8805447238578381,0.0495495495495495,0.0518253372592036,0.0,0.09375,0.0952380952380952,0.019047619047619,True,False,False,False,0,0,0,0,0.125,0.1379310344827586,4880000
0.8691009162043315,0.036036036036036,0.0190905067066951,0.0,0.03125,0.0476190476190476,0.0095238095238095,False,False,False,True,0,0,0,0,0.125,0.4482758620689654,1970000
0.9015536548029672,0.0,0.027846737101399,0.0,0.03125,0.0476190476190476,0.0095238095238095,False,False,False,True,0,0,0,0,0.125,0.3793103448275862,3580000
0.8917694790143855,0.0225225225225225,0.0283855820487654,0.0,0.03125,0.0476190476190476,0.0095238095238095,False,False,True,False,0,0,0,0,0.125,0.2758620689655172,3880000
0.9048157542840158,0.042042042042042,0.0357754556126474,0.0,0.03125,0.0476190476190476,0.0095238095238095,False,False,False,True,0,0,0,0,0.125,0.4482758620689654,4000000
0.7677079637488475,0.0,0.0699536208456016,0.05,0.09375,0.0952380952380952,0.019047619047619,False,False,True,False,0,0,0,0,0.125,0.1379310344827586,7900000
0.7741210415725277,0.0225225225225225,0.1374247060408367,0.0,0.125,0.0952380952380952,0.0380952380952381,False,True,False,False,1,1,1,1,0.5,0.1034482758620689,19900000
0.8641937588213295,0.024024024024024,0.0640455708869772,0.05,0.09375,0.0952380952380952,0.019047619047619,False,False,True,False,0,0,0,0,0.125,0.3103448275862069,7650000
0.8841410003319652,0.0255255255255255,0.0383157246502318,0.0,0.03125,0.0476190476190476,0.0095238095238095,False,False,True,False,0,0,0,0,0.125,0.1034482758620689,4850000
0.8728709088445044,0.0195195195195195,0.0253834459134384,0.0,0.03125,0.0476190476190476,0.0095238095238095,False,False,True,False,0,0,0,0,0.125,0.3103448275862069,5000000
0.9681033488145374,0.009009009009009,0.108461790119893,0.05,0.0625,0.0952380952380952,0.019047619047619,False,False,False,True,0,0,0,0,0.125,0.9310344827586208,23980000
0.8642627973800643,0.0705705705705705,0.0675095741200469,0.0,0.0,0.0,0.0,False,True,False,False,1,1,1,1,0.25,0.0344827586206896,9500000
0.9076674333533958,0.0,0.0505552027404114,0.05,0.0625,0.0476190476190476,0.0095238095238095,False,False,True,False,0,0,0,0,0.125,0.2413793103448275,6820000
0.8499160160754684,0.0345345345345345,0.0185131728345168,0.0,0.03125,0.0476190476190476,0.0095238095238095,False,False,True,False,0,0,0,0,0.125,0.3103448275862069,930000
0.7672623999793586,0.0,0.0889479052402671,0.0,0.15625,0.0952380952380952,0.0476190476190476,False,True,False,False,1,1,1,1,0.375,0.0689655172413793,8450000
0.8435483832513455,0.0105105105105105,0.101726228277813,0.05,0.09375,0.0952380952380952,0.019047619047619,False,False,True,False,0,0,0,0,0.125,0.2413793103448275,16600000
0.8534820924107294,0.0,0.0694532648230471,0.05,0.09375,0.0952380952380952,0.019047619047619,False,False,True,False,0,0,0,0,0.125,0.1379310344827586,8300000
0.936576116527732,0.0315315315315315,0.0750149144583646,0.0,0.09375,0.0952380952380952,0.019047619047619,False,False,False,True,0,0,0,0,0.125,0.3793103448275862,14800000
0.891031815226853,0.0435435435435435,0.0190135288570713,0.0,0.0,0.0,0.0,False,False,True,False,0,0,0,0,0.125,0.2068965517241379,2500000
0.8521107159320707,0.021021021021021,0.0608894790524026,0.05,0.03125,0.0476190476190476,0.0095238095238095,False,False,False,True,0,0,0,0,0.125,0.4827586206896552,8400000
0.8048250844877316,0.021021021021021,0.0873698593229798,0.05,0.09375,0.0952380952380952,0.019047619047619,False,False,False,True,0,0,0,0,0.125,0.4137931034482758,9400000
0.906832749741028,0.0225225225225225,0.0688759309508688,0.05,0.09375,0.0952380952380952,0.019047619047619,False,False,True,False,0,0,0,0,0.125,0.2068965517241379,9000000
0.8504448778540166,0.036036036036036,0.0173200161653484,0.0,0.0,0.0,0.0,True,False,False,False,0,0,0,0,0.125,0.1379310344827586,950000
0.8744166029861162,0.0195195195195195,0.1221253584281123,0.05,0.125,0.0952380952380952,0.019047619047619,False,False,False,True,0,0,0,0,0.125,0.8620689655172414,17300000
0.8603199461933002,0.0225225225225225,0.0941631545522775,0.1,0.09375,0.0952380952380952,0.019047619047619,False,False,False,True,0,0,0,0,0.125,0.4137931034482758,16380000
0.8663372842086119,0.0255255255255255,0.0668552623982449,0.0,0.09375,0.0952380952380952,0.019047619047619,False,False,False,True,0,0,0,0,0.125,0.4482758620689654,14060000
0.8618550815351398,0.0405405405405405,0.0620441467967592,0.05,0.0625,0.0952380952380952,0.0095238095238095,False,False,True,False,0,0,0,0,0.125,0.1379310344827586,5800000
0.9313654947046645,0.0,0.0640070819621653,0.05,0.0625,0.0952380952380952,0.0095238095238095,False,False,False,True,0,0,0,0,0.125,0.3793103448275862,10000000
0.810106523566958,0.003003003003003,0.2251794546119354,0.0,0.15625,0.1428571428571428,0.0476190476190476,False,True,False,False,1,1,1,1,0.5,0.1034482758620689,23800000
0.8065998703904711,0.0585585585585585,0.050362758116352,0.0,0.125,0.0952380952380952,0.0095238095238095,True,False,False,False,0,0,0,0,0.125,0.1034482758620689,4270000
0.8823323884377601,0.0,0.0867347920635837,0.05,0.0,0.0,0.0,False,False,True,False,0,0,0,0,0.125,0.1724137931034483,16200000
0.8827304214912886,0.0,0.0575794315185805,0.05,0.0625,0.0952380952380952,0.0095238095238095,False,False,False,True,0,0,0,0,0.125,0.3448275862068965,10340000
0.8447117232694268,0.0315315315315315,0.0686834863268094,0.05,0.09375,0.0952380952380952,0.019047619047619,False,False,True,False,0,0,0,0,0.125,0.2413793103448275,6600000
0.9022930289940234,0.06006006006006,0.0515751592479264,0.0,0.09375,0.0952380952380952,0.019047619047619,True,False,False,False,0,0,0,0,0.125,0.1379310344827586,6450000
0.8145183078878517,0.0105105105105105,0.1126185939995766,0.0,0.09375,0.0952380952380952,0.0285714285714285,False,True,False,False,1,1,1,1,0.5,0.1034482758620689,14850000
0.7918892590422786,0.042042042042042,0.0755730038681369,0.0,0.09375,0.0952380952380952,0.019047619047619,True,False,False,False,0,0,0,0,0.25,0.1379310344827586,5280000
0.8695529793110097,0.084084084084084,0.0825010103342763,0.0,0.09375,0.0952380952380952,0.019047619047619,False,True,False,False,1,1,1,1,0.375,0.0689655172413793,8000000
0.9762764212119636,0.0225225225225225,0.044319996920886,0.0,0.03125,0.0476190476190476,0.0095238095238095,False,False,False,True,0,0,0,0,0.125,0.3448275862068965,9000000
0.8825747203157164,0.0405405405405405,0.0842330119508111,0.05,0.09375,0.0952380952380952,0.019047619047619,False,False,False,True,0,0,0,0,0.125,0.4137931034482758,13100000
0.941579146759608,0.0615615615615615,0.0459365317629852,0.0,0.09375,0.0952380952380952,0.0095238095238095,True,False,False,False,0,0,0,0,0.125,0.1034482758620689,5500000
0.974426132797788,0.0585585585585585,0.0777091391951965,0.0,0.21875,0.238095238095238,0.0380952380952381,False,True,False,False,1,1,1,1,0.25,0.0344827586206896,20800000
0.8823323884377601,0.0,0.0946057771876142,0.05,0.0,0.0,0.0,False,False,True,False,0,0,0,0,0.125,0.1724137931034483,17540000
0.8816756496945288,0.0,0.0687989531012451,0.0,0.09375,0.0952380952380952,0.019047619047619,True,False,False,False,0,0,0,0,0.125,0.1379310344827586,5000000
0.8687935935462576,0.009009009009009,0.0442237746088563,0.1,0.0,0.0,0.0,False,False,True,False,0,0,0,0,0.125,0.2068965517241379,8250000
0.8005054173520989,0.0,0.05705983103362,0.05,0.0625,0.0952380952380952,0.019047619047619,False,False,True,False,0,0,0,0,0.125,0.2413793103448275,6923200
0.9452417415308504,0.0375375375375375,0.1061332101687739,0.05,0.125,0.0952380952380952,0.019047619047619,False,False,False,True,0,0,0,0,0.125,0.6896551724137931,23500000
0.901530334363258,0.003003003003003,0.1070376999018532,0.05,0.09375,0.0952380952380952,0.019047619047619,False,False,True,False,0,0,0,0,0.125,0.3103448275862069,21500000
0.8413345208290082,0.009009009009009,0.0756499817177607,0.05,0.0625,0.0952380952380952,0.0095238095238095,False,False,False,True,0,0,0,0,0.125,0.4137931034482758,10610000
0.8091450308271533,0.0,0.1059215210823085,0.0,0.15625,0.0952380952380952,0.019047619047619,False,True,False,False,1,1,1,1,0.25,0.0344827586206896,12300000
0.9060929038429606,0.066066066066066,0.063102592229086,0.0,0.0,0.0,0.0,False,True,False,False,1,1,1,1,0.25,0.0344827586206896,11100000
0.8697184309620809,0.0435435435435435,0.0862344360410291,0.05,0.09375,0.0952380952380952,0.019047619047619,False,False,True,False,0,0,0,0,0.125,0.1379310344827586,7500000
0.8841410003319652,0.027027027027027,0.0492080903719954,0.05,0.03125,0.0476190476190476,0.0095238095238095,False,False,True,False,0,0,0,0,0.125,0.1034482758620689,5730000
0.860229709144761,0.0165165165165165,0.1565537016723437,0.1,0.125,0.0952380952380952,0.019047619047619,False,False,True,False,0,0,0,0,0.125,0.2068965517241379,21500000
0.8548707432304354,0.0,0.1294190096799646,0.05,0.09375,0.1428571428571428,0.0380952380952381,False,True,False,False,1,1,1,1,0.5,0.1034482758620689,15000000
0.8997347633783193,0.0,0.0831938109808902,0.0,0.1875,0.0952380952380952,0.0285714285714285,False,True,False,False,1,1,1,1,0.25,0.0344827586206896,15500000
0.9587207033422088,0.036036036036036,0.0558281854396397,0.05,0.125,0.0952380952380952,0.019047619047619,False,False,True,False,0,0,0,0,0.125,0.3103448275862069,9800000
0.8088326833934047,0.0,0.0460904874622327,0.05,0.03125,0.0476190476190476,0.0095238095238095,False,False,True,False,0,0,0,0,0.125,0.3103448275862069,5980000
0.9627985101312504,0.0,0.0545965398456594,0.05,0.0,0.0,0.0,False,False,True,False,0,0,0,0,0.125,0.2068965517241379,6780000
0.8132494833908481,0.009009009009009,0.0669707291726805,0.05,0.09375,0.0952380952380952,0.019047619047619,False,False,False,True,0,0,0,0,0.125,0.4827586206896552,9880000
0.8942606053739155,0.0,0.0504974693531936,0.0,0.09375,0.0952380952380952,0.0095238095238095,True,False,False,False,0,0,0,0,0.125,0.1379310344827586,4880000
0.9713499751145208,0.0015015015015015,0.0656621057290764,0.05,0.0625,0.0952380952380952,0.0095238095238095,False,False,False,True,0,0,0,0,0.125,0.7931034482758621,17000000
0.9943962365832136,0.0705705705705705,0.0928160421838615,0.0,0.125,0.1428571428571428,0.0285714285714285,False,True,False,False,1,1,1,1,0.25,0.0344827586206896,10000000
0.9019639097998606,0.036036036036036,0.0460712429998268,0.0,0.09375,0.0476190476190476,0.0095238095238095,True,False,False,False,0,0,0,0,0.125,0.1379310344827586,5500000
0.9970942964035884,0.0345345345345345,0.0192444624059426,0.0,0.03125,0.0476190476190476,0.0095238095238095,False,False,True,False,0,0,0,0,0.125,0.1379310344827586,3000000
0.8641937588213295,0.0255255255255255,0.0540769393606989,0.0,0.0625,0.0476190476190476,0.0095238095238095,False,False,True,False,0,0,0,0,0.125,0.3103448275862069,5000000
0.9309314848433984,0.051051051051051,0.0919692858380001,0.0,0.15625,0.0952380952380952,0.019047619047619,True,False,False,False,0,0,0,0,0.125,0.1379310344827586,10100000
0.8658621547271537,0.0,0.056405519311818,0.0,0.09375,0.0952380952380952,0.019047619047619,True,False,False,False,0,0,0,0,0.125,0.1379310344827586,4400000
0.8688209302057999,0.024024024024024,0.0255758905374978,0.0,0.0,0.0,0.0,False,False,True,False,0,0,0,0,0.125,0.1379310344827586,2400000
0.8779306000466534,0.0375375375375375,0.0155880145488135,0.0,0.03125,0.0476190476190476,0.0095238095238095,False,False,False,True,0,0,0,0,0.125,0.3793103448275862,2100000
0.9717632586553576,0.0495495495495495,0.0819621653869099,0.0,0.15625,0.0952380952380952,0.0285714285714285,False,True,False,False,1,1,1,1,0.25,0.0344827586206896,25500000
0.8596767492911113,0.0015015015015015,0.056078363450917,0.05,0.0625,0.0952380952380952,0.0095238095238095,False,False,True,False,0,0,0,0,0.125,0.1379310344827586,11980000
0.838560281332775,0.039039039039039,0.0363335450224198,0.0,0.0625,0.0952380952380952,0.0095238095238095,False,False,False,True,0,0,0,0,0.125,0.3793103448275862,3500000
0.8623076189980736,0.066066066066066,0.0637184150260762,0.0,0.0,0.0,0.0,False,True,False,False,1,1,1,1,0.25,0.0344827586206896,12700000
0.8789043631985294,0.0585585585585585,0.0386236360487269,0.0,0.09375,0.0952380952380952,0.0095238095238095,True,False,False,False,0,0,0,0,0.125,0.1379310344827586,3680000
0.9048157542840158,0.0405405405405405,0.1760483420895637,0.1,0.125,0.1428571428571428,0.0285714285714285,False,False,False,True,0,0,0,0,0.125,0.5172413793103449,18880000
0.8699318505002793,0.039039039039039,0.0592536997478975,0.0,0.09375,0.0952380952380952,0.0095238095238095,False,False,False,True,0,0,0,0,0.125,0.3793103448275862,6460000
0.8679376402910464,0.0405405405405405,0.0475338221426784,0.0,0.09375,0.0952380952380952,0.019047619047619,False,False,True,False,0,0,0,0,0.125,0.1379310344827586,9240000
0.8710938023878043,0.0375375375375375,0.0202644189134576,0.0,0.03125,0.0476190476190476,0.0095238095238095,False,False,False,True,0,0,0,0,0.125,0.4482758620689654,1900000
0.8631259440586234,0.0585585585585585,0.0662009506764428,0.0,0.15625,0.0952380952380952,0.0380952380952381,False,True,False,False,1,1,1,1,0.25,0.0344827586206896,13500000
0.8841410003319652,0.027027027027027,0.0492080903719954,0.05,0.03125,0.0476190476190476,0.0095238095238095,False,False,True,False,0,0,0,0,0.125,0.1034482758620689,6300000
0.8820416839931227,0.036036036036036,0.113484594807844,0.05,0.125,0.0952380952380952,0.019047619047619,False,False,False,True,0,0,0,0,0.125,0.7241379310344828,16400000
0.8845898179125697,0.045045045045045,0.0863114138906529,0.05,0.09375,0.0952380952380952,0.019047619047619,False,False,True,False,0,0,0,0,0.125,0.1724137931034483,12800000
0.8934095847965295,0.0465465465465465,0.1405230644881935,0.05,0.125,0.0952380952380952,0.019047619047619,False,False,False,True,0,0,0,0,0.125,0.3793103448275862,15250000
0.8697184309620809,0.0435435435435435,0.0862344360410291,0.05,0.125,0.0952380952380952,0.019047619047619,False,False,True,False,0,0,0,0,0.125,0.1379310344827586,12300000
0.872176317305275,0.0345345345345345,0.1599214825933837,0.0,0.15625,0.1428571428571428,0.0285714285714285,False,True,False,False,1,1,1,1,0.5,0.1034482758620689,13800000
0.8678217513194113,0.045045045045045,0.0647191270711852,0.0,0.0,0.0,0.0,True,False,False,False,0,0,0,0,0.125,0.1379310344827586,4800000
0.8064223604054348,0.0,0.0963955121913669,0.05,0.09375,0.0952380952380952,0.019047619047619,False,False,False,True,0,0,0,0,0.125,0.4827586206896552,8050000
0.9759162109865542,0.0405405405405405,0.0593691665223332,0.0,0.09375,0.0952380952380952,0.019047619047619,False,False,True,False,0,0,0,0,0.125,0.1379310344827586,9200000
0.8898505874815328,0.0405405405405405,0.0434155071878067,0.0,0.0625,0.0476190476190476,0.0095238095238095,False,False,True,False,0,0,0,0,0.125,0.3103448275862069,5200000
0.8934032908253471,0.0165165165165165,0.0902757731462771,0.05,0.09375,0.0476190476190476,0.019047619047619,False,False,True,False,0,0,0,0,0.125,0.2068965517241379,13400000
0.8909372381886556,0.0,0.0362180782479841,0.0,0.03125,0.0476190476190476,0.0095238095238095,False,False,True,False,0,0,0,0,0.125,0.2068965517241379,3000000
0.8676629108846612,0.042042042042042,0.0538460058118276,0.0,0.0625,0.0952380952380952,0.019047619047619,False,False,True,False,0,0,0,0,0.125,0.2758620689655172,6900000
0.8906742822821343,0.0495495495495495,0.0707041548794334,0.0,0.125,0.0952380952380952,0.019047619047619,True,False,False,False,0,0,0,0,0.125,0.1379310344827586,6300000
0.8713887517779995,0.0435435435435435,0.0676057964320766,0.0,0.09375,0.0952380952380952,0.019047619047619,False,False,True,False,0,0,0,0,0.125,0.2068965517241379,9450000
0.8773167037979022,0.042042042042042,0.0532109385524315,0.0,0.0,0.0,0.0,False,False,True,False,0,0,0,0,0.125,0.2068965517241379,7380000
0.8098732767329011,0.0045045045045045,0.0898331505109404,0.05,0.09375,0.0952380952380952,0.019047619047619,False,False,False,True,0,0,0,0,0.125,0.4827586206896552,10500000
0.9698010057595924,0.039039039039039,0.0450897754171237,0.0,0.0625,0.0952380952380952,0.0095238095238095,False,False,False,True,0,0,0,0,0.125,0.4137931034482758,8600000
0.870839878529921,0.0465465465465465,0.1011873833304466,0.0,0.0,0.0,0.0,False,False,False,True,0,0,0,0,0.125,0.3793103448275862,11800000
0.8499160160754684,0.0375375375375375,0.0189750399322594,0.0,0.03125,0.0476190476190476,0.0095238095238095,True,False,False,False,0,0,0,0,0.125,0.1034482758620689,800000
0.9105197919385262,0.0555555555555555,0.0520755152704809,0.0,0.09375,0.0952380952380952,0.0095238095238095,True,False,False,False,0,0,0,0,0.125,0.1379310344827586,6680000
0.9330644729093364,0.036036036036036,0.0825010103342763,0.0,0.09375,0.0952380952380952,0.019047619047619,False,False,False,True,0,0,0,0,0.125,0.3793103448275862,14800000
0.8185213498922792,0.0,0.0656043723418586,0.0,0.09375,0.0952380952380952,0.019047619047619,False,False,True,False,0,0,0,0,0.125,0.1379310344827586,11300000
0.9042504507604008,0.024024024024024,0.0199180185901506,0.0,0.03125,0.0952380952380952,0.0095238095238095,False,False,True,False,0,0,0,0,0.125,0.2413793103448275,4350000
0.8725259247408701,0.0135135135135135,0.0617169909358582,0.05,0.0,0.0,0.0,False,False,False,True,0,0,0,0,0.125,0.4482758620689654,19880000
0.900192239702136,0.0405405405405405,0.0912379962665742,0.05,0.09375,0.0952380952380952,0.019047619047619,False,False,True,False,0,0,0,0,0.125,0.3103448275862069,16000000
0.8725591402196926,0.0255255255255255,0.0157997036352789,0.0,0.03125,0.0476190476190476,0.0095238095238095,False,False,True,False,0,0,0,0,0.125,0.1724137931034483,2800000
0.8886323190772885,0.0315315315315315,0.1805900352173662,0.0,0.15625,0.1428571428571428,0.0285714285714285,False,True,False,False,1,1,1,1,0.5,0.1034482758620689,22200000
0.860917007912775,0.0615615615615615,0.0468410214960645,0.0,0.09375,0.0952380952380952,0.019047619047619,True,False,False,False,0,0,0,0,0.125,0.1034482758620689,4550000
0.8159726423340032,0.0195195195195195,0.0771895387102361,0.05,0.09375,0.0952380952380952,0.019047619047619,False,False,False,True,0,0,0,0,0.125,0.4482758620689654,9000000
0.9832985102247278,0.015015015015015,0.1396185747551142,0.1,0.125,0.0952380952380952,0.019047619047619,False,False,False,True,0,0,0,0,0.125,0.7931034482758621,13200000
0.847199600708251,0.0,0.1262244289205781,0.0,0.09375,0.1428571428571428,0.0380952380952381,False,True,False,False,1,1,1,1,0.5,0.1034482758620689,19000000
0.8005054173520989,0.0,0.052710582529877,0.05,0.0625,0.0952380952380952,0.019047619047619,False,False,True,False,0,0,0,0,0.125,0.2413793103448275,6400000
0.8064223604054348,0.0,0.0958181783191886,0.05,0.09375,0.0952380952380952,0.019047619047619,False,False,False,True,0,0,0,0,0.125,0.4827586206896552,13000000
0.8811758512643166,0.0345345345345345,0.0865423474395242,0.0,0.09375,0.0952380952380952,0.019047619047619,False,False,True,False,0,0,0,0,0.125,0.2068965517241379,10400000
0.8476325828502524,0.0,0.064449704597502,0.05,0.09375,0.0952380952380952,0.019047619047619,False,False,True,False,0,0,0,0,0.125,0.1379310344827586,13350000
0.9056200164915252,0.0705705705705705,0.076208071127533,0.0,0.09375,0.0952380952380952,0.019047619047619,False,True,False,False,1,1,1,1,0.375,0.0689655172413793,6030000
0.883115832426256,0.048048048048048,0.0844062121124646,0.0,0.0,0.0,0.0,True,False,False,False,0,0,0,0,0.125,0.1379310344827586,7000000
0.7867031863516445,0.0,0.0764967380636221,0.0,0.125,0.0476190476190476,0.019047619047619,False,True,False,False,1,1,1,1,0.25,0.0344827586206896,6600000
0.8802103011548752,0.0645645645645645,0.0370071012066277,0.0,0.09375,0.0952380952380952,0.019047619047619,False,True,False,False,1,1,1,1,0.25,0.0344827586206896,5500000
0.8684986203668075,0.015015015015015,0.1038623636048726,0.05,0.09375,0.0952380952380952,0.019047619047619,False,False,True,False,0,0,0,0,0.125,0.3103448275862069,16060000
0.8064223604054348,0.0,0.0797105632854146,0.05,0.0625,0.0952380952380952,0.0095238095238095,False,False,False,True,0,0,0,0,0.125,0.4827586206896552,9300000
0.9653458002388504,0.039039039039039,0.145738313800204,0.05,0.125,0.0952380952380952,0.0285714285714285,False,False,True,False,0,0,0,0,0.125,0.2068965517241379,21000000
0.7706810422305068,0.0615615615615615,0.0617169909358582,0.0,0.1875,0.0952380952380952,0.0285714285714285,False,True,False,False,1,1,1,1,0.25,0.0344827586206896,7500000
0.8710938023878043,0.0375375375375375,0.0239401112329927,0.0,0.0,0.0,0.0,False,False,False,True,0,0,0,0,0.125,0.4482758620689654,2850000
0.817087887284174,0.072072072072072,0.0769970940861766,0.0,0.0,0.0,0.0,False,True,False,False,1,1,1,1,0.25,0.0344827586206896,11000000
0.9166940437328606,0.012012012012012,0.1039008525296845,0.05,0.125,0.0952380952380952,0.019047619047619,False,False,False,True,0,0,0,0,0.125,0.4827586206896552,20300000
0.8702377670610986,0.0435435435435435,0.0583107210900063,0.0,0.09375,0.0952380952380952,0.019047619047619,False,False,True,False,0,0,0,0,0.125,0.1379310344827586,6500000
0.8676103479753579,0.0495495495495495,0.0586571214133133,0.0,0.09375,0.0952380952380952,0.0095238095238095,True,False,False,False,0,0,0,0,0.125,0.1379310344827586,7400000
0.9125991784463564,0.036036036036036,0.0289051825337259,0.0,0.03125,0.0476190476190476,0.0095238095238095,False,False,True,False,0,0,0,0,0.125,0.2758620689655172,3850000
0.9587207033422088,0.0345345345345345,0.0565209860862536,0.05,0.125,0.1428571428571428,0.019047619047619,False,False,True,False,0,0,0,0,0.125,0.3103448275862069,11060000
0.895835051193103,0.0,0.0449550641802821,0.0,0.09375,0.0952380952380952,0.019047619047619,True,False,False,False,0,0,0,0,0.125,0.1379310344827586,4450000
0.7677079637488475,0.0,0.0715316667628889,0.05,0.09375,0.0952380952380952,0.019047619047619,False,False,True,False,0,0,0,0,0.125,0.1379310344827586,8150000
0.8659589361706708,0.0465465465465465,0.0723014452591266,0.0,0.09375,0.0952380952380952,0.019047619047619,True,False,False,False,0,0,0,0,0.125,0.1379310344827586,5600000
0.8523138541421531,0.0,0.1528780093528087,0.1,0.125,0.0952380952380952,0.019047619047619,False,False,False,True,0,0,0,0,0.125,0.3793103448275862,22000000
0.8857647604096428,0.0,0.0570405865712141,0.0,0.125,0.0952380952380952,0.019047619047619,False,True,False,False,1,1,1,1,0.25,0.0344827586206896,5548100
0.8841410003319652,0.024024024024024,0.0267498027442603,0.0,0.03125,0.0476190476190476,0.0095238095238095,False,False,True,False,0,0,0,0,0.125,0.1034482758620689,2760000
0.9803508341352368,0.024024024024024,0.0290398937705675,0.05,0.03125,0.0476190476190476,0.0095238095238095,False,False,True,False,0,0,0,0,0.125,0.1379310344827586,4930000
0.799124482415607,0.0,0.0247868675788541,0.0,0.0625,0.0476190476190476,0.0095238095238095,False,True,False,False,1,1,1,1,0.125,0.0,10320000
0.8596974750407185,0.0195195195195195,0.0299058945788349,0.0,0.0625,0.0476190476190476,0.0095238095238095,False,False,True,False,0,0,0,0,0.125,0.3103448275862069,6500000
